1/31/2000,2/29/2000,3/31/2000,4/30/2000,5/31/2000,6/30/2000,7/31/2000,8/31/2000,9/30/2000,10/31/2000,11/30/2000,12/31/2000,1/31/2001,2/28/2001,3/31/2001,4/30/2001,5/31/2001,6/30/2001,7/31/2001,8/31/2001,9/30/2001,10/31/2001,11/30/2001,12/31/2001,1/31/2002,2/28/2002,3/31/2002,4/30/2002,5/31/2002,6/30/2002,7/31/2002,8/31/2002,9/30/2002,10/31/2002,11/30/2002,12/31/2002,1/31/2003,2/28/2003,3/31/2003,4/30/2003,5/31/2003,6/30/2003,7/31/2003,8/31/2003,9/30/2003,10/31/2003,11/30/2003,12/31/2003,1/31/2004,2/29/2004,3/31/2004,4/30/2004,5/31/2004,6/30/2004,7/31/2004,8/31/2004,9/30/2004,10/31/2004,11/30/2004,12/31/2004,1/31/2005,2/28/2005,3/31/2005,4/30/2005,5/31/2005,6/30/2005,7/31/2005,8/31/2005,9/30/2005,10/31/2005,11/30/2005,12/31/2005,1/31/2006,2/28/2006,3/31/2006,4/30/2006,5/31/2006,6/30/2006,7/31/2006,8/31/2006,9/30/2006,10/31/2006,11/30/2006,12/31/2006,1/31/2007,2/28/2007,3/31/2007,4/30/2007,5/31/2007,6/30/2007,7/31/2007,8/31/2007,9/30/2007,10/31/2007,11/30/2007,12/31/2007,1/31/2008,2/29/2008,3/31/2008,4/30/2008,5/31/2008,6/30/2008,7/31/2008,8/31/2008,9/30/2008,10/31/2008,11/30/2008,12/31/2008,1/31/2009,2/28/2009,3/31/2009,4/30/2009,5/31/2009,6/30/2009,7/31/2009,8/31/2009,9/30/2009,10/31/2009,11/30/2009,12/31/2009,1/31/2010,2/28/2010,3/31/2010,4/30/2010,5/31/2010,6/30/2010,7/31/2010,8/31/2010,9/30/2010,10/31/2010,11/30/2010,12/31/2010,1/31/2011,2/28/2011,3/31/2011,4/30/2011,5/31/2011,6/30/2011,7/31/2011,8/31/2011,9/30/2011,10/31/2011,11/30/2011,12/31/2011,1/31/2012,2/29/2012,3/31/2012,4/30/2012,5/31/2012,6/30/2012,7/31/2012,8/31/2012,9/30/2012,10/31/2012,11/30/2012,12/31/2012,1/31/2013,2/28/2013,3/31/2013,4/30/2013,5/31/2013,6/30/2013,7/31/2013,8/31/2013,9/30/2013,10/31/2013,11/30/2013,12/31/2013,1/31/2014,2/28/2014,3/31/2014,4/30/2014,5/31/2014,6/30/2014,7/31/2014,8/31/2014,9/30/2014,10/31/2014,11/30/2014,12/31/2014,1/31/2015,2/28/2015,3/31/2015,4/30/2015,5/31/2015,6/30/2015,7/31/2015,8/31/2015,9/30/2015,10/31/2015,11/30/2015,12/31/2015,1/31/2016,2/29/2016,3/31/2016,4/30/2016,5/31/2016,6/30/2016,7/31/2016,8/31/2016,9/30/2016,10/31/2016,11/30/2016,12/31/2016,1/31/2017,2/28/2017,3/31/2017,4/30/2017,5/31/2017,6/30/2017,7/31/2017,8/31/2017,9/30/2017,10/31/2017,11/30/2017,12/31/2017,1/31/2018,2/28/2018,3/31/2018,4/30/2018,5/31/2018,6/30/2018,7/31/2018,8/31/2018,9/30/2018,10/31/2018,11/30/2018,12/31/2018,1/31/2019,2/28/2019,3/31/2019,4/30/2019,5/31/2019,6/30/2019,7/31/2019,8/31/2019,9/30/2019,10/31/2019,11/30/2019,12/31/2019,1/31/2020,2/29/2020,3/31/2020,4/30/2020,5/31/2020,6/30/2020,7/31/2020,8/31/2020,9/30/2020,10/31/2020,11/30/2020,12/31/2020,1/31/2021,2/28/2021,3/31/2021,4/30/2021,5/31/2021,6/30/2021,7/31/2021,8/31/2021,9/30/2021,10/31/2021,11/30/2021,12/31/2021,1/31/2022,2/28/2022,3/31/2022,4/30/2022,5/31/2022,6/30/2022,7/31/2022,8/31/2022,9/30/2022,10/31/2022,11/30/2022,12/31/2022,1/31/2023,2/28/2023,3/31/2023,4/30/2023
88967.23677,89139.14852,89327.04785,89739.28754,90194.59218,90717.32206,91259.54988,91764.79335,92192.78886,92568.69675,93017.39821,93515.60752,94036.86014,94566.03981,95121.5138,95742.25705,96322.26291,96897.26307,97519.74633,98133.01089,98761.70913,99333.93518,99995.53486,100663.7197,101319.9317,101947.4488,102571.2807,103211.5099,103880.5006,104569.3033,105299.3415,106024.5675,106717.9264,107327.5055,107922.0905,108590.3579,109374.3959,110172.0275,110904.2354,111659.6801,112418.7043,113241.0299,114102.5852,115043.8176,116029.4551,116936.9409,117894.438,118734.3483,119575.156,120287.1799,121215.9173,122376.7803,123724.9765,125122.7343,126510.1588,128011.5449,129511.674,130781.2459,131992.8624,133336.9928,134878.1366,136338.2043,137743.209,139364.9076,141156.0809,143161.9345,145225.0415,147424.4069,149779.2228,152092.9413,154231.0025,156205.4262,158379.187,160618.666,162918.3851,165169.0441,167613.8537,169896.6975,172026.1478,173774.5916,174884.699,175532.6908,175745.7258,175839.8617,175644.8193,175295.8368,175195.6379,175164.3021,175286.1239,175033.1282,174764.0456,174261.5491,173589.3572,172507.0971,171326.7257,170038.0643,168662.7961,167637.3279,166641.1699,165387.3354,163722.5092,161906.0011,160084.9913,157836.4148,155485.0731,153271.9385,151324.8023,149421.3615,148264.4484,146748.8794,145176.0401,142486.3905,139975.9449,137771.9754,136649.1472,135901.1341,135054.6922,133603.4322,132437.7204,131483.0245,130137.7729,128668.0493,127303.966,126696.1972,126447.8107,126263.1559,125285.3628,123475.5961,121503.3056,120099.5694,118737.6981,117064.1128,114937.2369,113185.2111,111450.9155,110024.6613,108216.8957,106462.9278,104859.2009,103532.5886,102355.6129,101064.8548,100082.0883,99504.38826,99373.06265,99303.04659,99145.35562,99136.33665,99163.87805,99293.48925,99144.44612,98879.30656,98790.77549,99151.67417,99878.58535,100971.2763,101927.6125,102819.956,103576.8203,104714.4913,106247.1117,107886.6556,109484.1261,111051.762,112470.8598,113900.8732,114951.1757,116176.4432,117233.5143,118499.2421,119382.7612,120347.527,121167.6963,121840.5941,122231.0115,122511.7639,122959.3952,123445.8359,123939.1863,124638.7356,124945.8324,125116.566,125189.716,125802.348,126819.7613,127845.0239,129038.9844,130352.2779,131867.5379,133386.5039,134569.1455,135757.222,136680.6089,137720.5049,138723.491,140259.7119,141871.3915,143361.1013,144496.9977,145777.4107,147283.2103,149086.8959,150590.7232,151789.6662,152382.9603,153059.8338,153884.3308,155038.8713,156242.3087,157666.6335,159144.3226,160803.8285,162345.9717,164081.0984,165490.7265,166746.3961,167604.631,168541.6383,169632.0678,170976.1491,172455.6207,173920.0078,175495.7879,177021.3731,178518.7113,179893.6171,181319.0257,182716.7672,184179.9267,185672.5631,187089.9565,187886.4279,188388.9508,188803.2028,189478.4204,190111.0782,190572.9293,191170.406,191999.7776,193134.6903,194645.0496,196404.5118,198130.0041,199250.9612,199659.8201,199707.8523,199945.3864,200779.3674,202511.3842,204808.1661,207713.1891,210604.0309,213943.9061,217599.8106,221733.83,225768.3639,229976.8432,234672.5616,239052.269,242637.5733,245327.9907,248452.0293,252339.8704,256577.4277,262419.1269,269652.4128,278059.171,285869.3292,292088.634,297320.5193,300960.3242,303229.5627,304355.5242,305114.4379,305556.4396,304458.464,302603.2703,300757.4137,299787.3935,298897.1664
110587.7777,110861.4999,111260.386,111975.563,112743.209,113461.8994,114109.164,114771.2482,115578.3516,116549.3956,117536.6158,118418.2708,119116.5244,119687.4991,120250.8544,120988.969,121960.2262,122943.5502,123838.3998,124670.9926,125499.1881,126428.4182,127365.5675,128236.2034,129005.2261,129686.1072,130426.3201,131226.8093,132079.7013,133018.4688,133919.2568,134923.7105,135878.8606,136950.7282,137971.3873,138914.9703,139711.3033,140451.6878,141326.9169,142396.4683,143557.1122,144715.8278,145780.137,146810.0341,147703.4383,148690.603,149852.9119,151183.3088,152445.74,153628.1167,154827.2466,156297.8323,157942.1114,159843.7815,161782.2879,164108.8871,166326.8205,168680.8835,170731.8666,172919.7259,175300.4844,178133.799,181379.5869,185276.4031,189819.3528,195226.2208,200955.1312,206367.0165,211108.6016,215248.7958,219744.4202,224747.5291,229772.2733,234690.7788,239415.9417,244528.9419,249276.2866,253552.1254,256710.1619,258590.214,259167.6716,259837.6459,260055.6053,260115.7815,258567.8089,257764.9587,256848.325,256738.9474,256018.7603,254605.9403,252473.7003,249692.8092,246918.4663,243570.742,240162.2109,236153.4008,232908.178,228225.5696,223492.3919,217949.2318,212741.6669,207701.1099,202754.3076,198038.1358,193925.0416,189725.9281,184611.8163,178374.3986,171352.9304,165158.4842,160710.9166,157180.7587,154610.1414,151245.8515,148618.866,145957.9307,143529.9052,140986.6087,139412.9754,138547.6523,137112.1765,135704.4342,134496.6313,133948.0229,133224.5185,132221.483,131267.1163,129940.185,128370.5582,127174.4522,125870.6216,124528.412,123004.9406,121703.3093,120209.7685,118568.1147,117109.101,116085.7161,115438.1752,115339.8324,115530.8673,115647.2797,115435.2727,115341.7237,115834.8352,116369.4545,116623.5951,116524.6897,116672.7663,117389.0015,118348.9186,119445.8716,120842.2826,122472.6042,124244.3744,126077.577,128001.4234,129809.4087,131517.8544,133339.2012,135567.5211,137935.996,140158.5763,142553.2909,145142.8374,147952.1526,150277.6927,152400.5673,154558.0726,156912.424,158880.1116,160468.9435,161788.8521,163083.064,164120.4772,164952.1457,165811.9713,166543.7192,167522.0734,168616.3216,170117.6236,171509.5632,172573.6906,173477.2994,174377.583,175324.4427,176227.1485,177276.3106,178700.0569,180442.7574,182092.6362,183697.1463,185364.106,187222.8643,188724.9642,190250.3626,191692.3471,193587.0425,195093.408,196614.7411,198191.1242,199886.6777,201462.8489,202855.4012,204382.6276,206016.3615,207700.4661,209498.6466,211226.1564,213195.8869,214937.5584,216685.2158,218219.8967,219959.988,221644.2756,223359.9798,225089.7141,226994.103,228995.0188,230950.8623,232749.3445,234252.7074,235626.8373,236934.1421,238236.662,239529.6293,240863.7075,242307.4425,243884.5054,245738.9419,247384.3594,248445.3983,249057.4823,249568.2604,250137.186,250518.0295,250855.2412,251420.4587,252521.8633,254137.3347,256123.3853,258064.1151,259916.4063,261346.3849,262083.7955,262451.4132,263068.8562,264531.3954,266629.4214,269116.6678,272103.4935,275084.0774,278185.6961,281303.8662,284760.7573,288538.6014,292912.5104,298271.7208,303121.8115,307211.0625,310155.2863,313823.408,318406.2188,323898.8753,330819.4838,338533.5515,346658.5957,354054.5412,360425.2288,366037.1332,369974.3225,372197.2727,372643.0497,372364.3367,371676.535,370256.851,368320.8733,366665.5863,366340.82,367033.6935
118032.4249,118517.9582,118949.8739,119812.7685,120585.1176,121368.6458,122174.4027,122926.625,123692.8946,124374.4934,125138.7493,125941.2977,126802.2607,127683.5687,128556.129,129567.1293,130709.1865,132016.4259,133483.4414,135149.828,136882.0745,138457.0206,139913.834,141377.8696,142950.8267,144562.0954,146162.314,147874.4751,149570.5546,151405.0756,153438.661,155672.8012,157733.1459,159560.9189,161208.294,163372.8708,165894.0211,168642.6266,171289.498,173963.5709,176465.012,178768.5687,180727.8906,182874.7001,185330.6775,187922.3789,190431.6196,192376.6738,194459.7658,196585.3564,199379.464,202104.7211,205284.1728,208545.9908,212188.3974,216092.0167,220130.9726,224391.6427,228670.425,233281.9284,237848.1003,242294.981,246458.0152,250487.2377,255519.175,261504.1328,267999.3793,274300.9334,281072.022,287473.0655,292829.9503,297155.308,301755.9533,306132.9391,311500.7163,317415.4956,323762.1854,328597.1345,332519.4281,335425.6208,337597.0568,338818.218,340335.0348,342101.8978,343129.5937,344092.8497,343786.0425,343845.6323,343054.6432,342248.5445,341028.9368,339457.4504,336710.3793,334110.4799,330538.0321,327790.4873,321440.5364,313832.7795,304791.6904,297119.9802,290211.4139,283381.8492,276514.5063,268670.4795,260570.5258,252612.2314,245311.8565,237670.7586,230338.8385,223629.3779,217646.5093,211798.6438,206099.4411,201486.3168,197200.0461,193471.5975,189699.4157,186400.2626,184011.1084,182100.6545,181081.9573,180186.5889,179629.0519,179173.7431,178658.0872,177585.7246,176390.8815,175136.1469,173920.0062,171960.2585,169777.8067,167907.0465,166248.0009,164734.6962,163438.414,162640.6007,161884.5429,161006.2539,160233.1043,159716.9687,159650.1375,160220.2283,161017.5304,161585.685,162185.0428,162364.417,162489.6591,162534.2755,163125.4713,164836.0964,167205.7026,169998.0882,172692.9573,175195.3783,177805.2697,180679.7709,183495.531,186166.9584,188905.4519,192571.7974,196873.0721,201475.0945,206118.094,210551.7685,214882.4274,218578.7435,221880.7295,224779.1808,226441.6303,227811.1158,228875.477,231121.9093,233737.4348,236119.289,238285.9302,240143.0106,242360.3507,244735.7345,247453.4615,250540.072,253127.5043,255583.4228,257663.923,260637.0792,263746.6437,266635.0558,268937.4784,271234.5784,273730.779,276370.0303,278883.5451,281127.0129,282996.9731,284744.5897,286241.0607,287710.4404,288823.9412,290283.3522,291714.1853,293097.1121,294189.4024,295669.4444,297063.2076,297824.5127,297806.9638,298344.1639,299683.9847,301521.8451,302995.131,304427.8298,305528.8659,306504.6309,307338.2376,308451.5687,309663.3191,311167.8885,314539.3198,319073.3891,324364.1242,328091.1098,331119.6915,333239.6907,335151.388,336485.4836,337664.1953,338846.82,340577.2178,342665.7264,344055.505,345305.0851,345920.8169,346404.3781,346022.6429,345554.0718,345441.4059,345924.7872,346940.0304,348632.7151,351079.7857,354064.0975,357255.1305,360524.7982,363611.285,365779.3507,365928.3482,364819.2116,363682.6096,364324.8759,366718.4906,370488.8113,375153.1476,380091.3215,384799.4998,388945.3621,393292.1704,397571.0784,402748.4455,408102.4274,414876.0168,421943.181,428931.9576,435318.6483,442277.073,450050.2986,460022.3777,471270.9168,484495.1504,497780.6951,510249.6361,521463.2892,530165.6736,535885.2942,538214.9771,539874.4816,541864.6666,543289.2719,544045.611,544490.2389,546218.2815,549153.8593
90917.05524,91209.23749,91533.74884,92260.1101,93010.72177,93811.61079,94575.97765,95344.58837,96110.03606,96852.64758,97660.7837,98467.71447,99328.57843,100080.0016,100853.1904,101603.1185,102397.1918,103194.6893,104015.6222,104964.6752,105932.5873,106836.7426,107564.1394,108222.9151,108910.3997,109559.5066,110242.6395,110866.3464,111582.4663,112309.1808,113141.0066,114041.6036,114902.2879,115738.4933,116543.363,117300.238,118091.45,118928.2401,119973.0685,121082.4454,122260.04,123343.9428,124438.2334,125603.8709,126898.37,128593.0452,130241.8709,131831.3311,132955.9499,134130.4031,135396.5451,136985.0662,138894.6936,141119.0268,143463.9172,145819.1616,148184.0164,150255.1268,152272.3797,154106.7467,156105.3682,158405.6253,160910.4892,163826.8335,166759.4663,169934.6321,173507.3993,176823.2995,180761.5247,184379.5775,188376.4119,191910.6556,195375.3361,198774.9388,202445.8225,206539.5626,210245.9877,213758.3698,215928.4316,218510.9953,220114.4261,221215.5103,221205.7065,219938.616,219157.029,218508.1536,219361.3848,220395.9678,221346.7162,220524.5943,218676.3728,215967.2666,212851.637,209300.5956,206462.3554,204166.4575,201076.4279,196423.6121,191569.6258,187781.6457,184440.2738,181703.6482,178645.4456,175890.1841,172786.6371,169316.8645,164703.8975,159856.3908,155475.6188,152015.6192,148858.8107,145661.4551,142414.6156,139128.3913,136375.979,133828.6213,131668.8389,129706.6956,128344.817,127176.7311,126419.6929,125640.1934,124954.2773,124121.0664,123773.9792,123408.535,122512.2593,121288.2932,119629.0871,117999.3767,115954.5753,114058.4464,112042.5382,110093.6597,108110.5897,106058.2871,104057.2852,102446.1621,101324.9897,100451.5056,99849.10752,99751.73887,99819.12235,99880.95933,99156.17956,98812.58606,98846.16252,99849.68131,101011.0701,102138.9573,103392.1558,104555.8648,105868.5254,107277.9852,108671.9009,110246.1601,111778.6341,113289.0989,114823.2136,116586.6743,118961.7272,121356.4363,123722.5431,125841.3426,127808.44,129753.9535,131335.8334,132958.2268,134451.3913,136257.3811,137992.1092,139538.1462,141015.2128,142031.4419,143240.8234,144018.6425,144986.8169,145603.9844,146608.1843,148002.3994,149763.3821,151584.5381,153083.1381,154358.0201,155589.9238,156803.4137,158318.7655,159972.4187,161959.6657,163984.1195,166017.7857,168321.8898,170585.9209,172856.1917,174408.4709,175969.6465,177437.5615,179175.991,180987.7424,182969.0438,185239.9829,187723.8216,190434.9709,192700.3615,194559.6187,196302.5634,198490.9291,200693.7989,202480.648,204125.5223,205868.144,207735.832,209454.1894,210936.8722,212625.6087,214558.1957,216645.3345,218521.4677,220539.187,222385.5776,223790.968,224610.7366,225477.2831,226549.0099,227783.161,228833.5832,230269.3042,231911.0226,233653.8289,234753.0679,235451.0084,235985.9497,236531.5884,237374.8913,238473.7923,239911.2256,241085.2866,242268.243,243735.3521,245783.7009,249157.9151,253002.3163,256653.8789,258753.7162,259610.6598,260042.8692,261083.9713,263097.0117,266173.9101,269675.6842,273846.975,278070.636,283044.4107,288640.5123,294904.4413,300771.25,306470.4769,312122.3687,317483.4552,321758.2301,324951.0373,328191.793,332172.4757,336991.1963,344060.6959,353120.1618,363688.7794,373651.7188,382649.7188,390548.1151,396029.1403,398137.2461,397234.9578,395109.2183,392451.8149,389002.1781,386394.9311,384886.2788,385172.2026,385826.9574
70975.48874,71036.31809,71211.17894,71664.14287,72319.17886,73083.80369,73749.67017,74481.21642,75198.76787,75951.73883,76644.12378,77299.61037,77860.91431,78488.91968,79049.37628,79707.33538,80318.78955,80971.56265,81675.441,82347.6552,83131.8656,83929.46296,84819.17669,85697.80969,86638.86021,87493.33553,88382.25851,89281.7041,90235.06194,91228.87779,92181.06413,93226.86484,94238.50567,95232.24644,96238.32944,97304.32641,98403.65919,99479.1101,100581.1265,101763.116,103019.5701,104216.812,105422.6463,106546.6985,107637.1636,108749.079,109795.7796,110875.8522,111835.1197,112809.7002,114006.3547,115302.6412,116680.584,118244.3547,120282.585,122684.0122,125123.8568,127121.1159,128696.3694,130162.0109,132227.1249,134746.595,137432.5039,140528.0916,143542.5315,146528.3728,148983.2495,151807.2415,155031.6776,158011.2415,160807.9261,162926.8649,164857.2279,167021.472,169861.1606,173010.6358,174860.7874,175978.6422,176564.9789,177520.6446,177798.0144,177288.2513,176372.333,175145.9962,174862.9404,174777.3373,174552.3367,173792.2051,172739.4003,171734.6383,170099.0126,167821.0733,165513.4874,163204.8228,161260.0255,158133.4731,155392.1022,152398.4796,150621.0645,148348.7701,146027.6823,143408.7708,140795.8416,138188.5242,135588.1743,133083.882,130629.317,128364.006,126163.1141,123873.2291,121599.935,119071.4529,117128.8362,115399.3237,114287.9703,112964.9412,111716.0299,110397.5302,109649.3596,109163.3309,108997.8388,108961.2232,108723.7844,108574.5688,108164.8769,107612.4822,106625.0371,105235.5134,103814.5301,102518.0431,101255.4232,100101.215,98207.69233,96095.63696,93941.29659,92312.67716,90943.42509,89528.44055,88232.04341,87221.61814,86553.73212,86351.36623,86058.4092,85913.06399,85567.34797,85686.93289,86128.6076,87130.03319,88321.12005,89574.63578,90612.66676,91264.25243,91742.66818,92422.14453,93574.97154,95186.17728,96543.55269,97608.42792,98755.45314,100475.046,102865.9339,105052.8366,106874.6663,108311.5552,109653.7063,111264.2334,112666.8378,114164.8608,114845.2539,115368.6038,115749.0587,116660.1542,118047.8906,119333.5535,120416.2028,121240.771,121937.2454,123043.7534,124361.7489,126131.4758,127208.4531,127857.5983,128260.1192,129477.4761,131322.5591,133282.0747,135347.5961,137432.1983,139786.3727,142140.6026,144413.0009,146645.986,148442.3817,150275.9278,151913.1071,153995.65,155787.9093,157427.7175,158683.316,160027.7033,161716.6571,163620.2619,165612.7714,167398.015,168763.2101,169781.9724,170742.4535,172155.4837,173645.2246,175454.9655,177408.4278,179722.7279,181737.0525,183691.1406,185767.8903,187906.1747,188936.9571,189104.8743,189263.549,190034.2113,191116.709,192231.5989,193876.5768,195911.7834,197782.3149,199382.7176,201107.8208,202970.9917,204362.5729,205185.1398,205779.0671,206554.1345,207262.6444,208109.5814,209247.335,210698.4132,211953.6655,213333.3759,215024.6099,216998.689,220330.3401,223793.1747,227378.6348,229266.1492,230005.0566,230307.6146,230975.3814,232490.0481,234941.9057,237720.1658,241349.9635,244850.8916,249201.0398,254207.798,259964.2992,265600.5824,270961.3017,276693.0472,282915.8039,288345.2005,292574.4269,295713.3315,299597.7849,303912.7519,310406.7927,318447.322,328315.8764,338181.7176,347229.2731,355351.4495,360701.4112,363120.4293,362383.1397,360401.8595,357592.8443,354154.9373,353312.3285,354213.0427,356711.4785,357689.5563
107446.7921,107626.626,107894.798,108092.4635,108176.9846,108183.4282,108435.7386,108790.8155,109158.5604,109508.5256,109852.078,110176.2275,110471.8651,110785.9498,111107.6808,111651.9619,112299.0586,113045.7686,113767.754,114458.0687,115086.5039,115560.5294,115966.7241,116433.9953,116984.0616,117579.837,118170.8712,118825.1713,119534.9132,120314.1019,121095.7444,121976.9214,122859.5411,123700.3419,124463.8066,125193.461,126039.8987,126976.5917,127965.0468,129187.3461,130390.7141,131715.0162,132925.7694,134444.8443,136073.4269,137818.1618,139280.2093,140598.2944,141666.2614,142481.8737,143457.2597,144979.313,146611.8442,148284.5038,150034.7335,152240.3434,154375.8145,155839.2815,157367.6054,158870.9148,160567.0811,162055.9571,163547.3016,165491.6832,167828.7901,170491.0591,173129.7952,175647.3955,178320.9129,180923.263,183619.4084,185311.5952,186465.547,187761.2799,189951.0345,192619.3355,194985.5273,196913.2759,198589.2413,199979.0848,200998.6882,201498.8055,201384.1115,201178.5325,200624.5393,200194.5965,199563.6515,199758.619,200925.125,202096.4631,202219.7059,201226.218,199888.0764,198940.5926,197657.2701,196567.3946,194656.1326,193031.5264,191420.9835,190295.482,188492.6836,186391.4673,184286.3344,182342.3067,180459.5633,178460.7511,176935.2207,175775.3299,174909.7602,173871.8954,172445.4309,170721.8207,168783.917,167224.2462,165803.033,164659.8428,163583.4938,162950.6696,162295.4733,161742.952,161421.6631,161597.7179,161984.6772,161882.7144,161871.6674,161553.0334,160902.4217,159674.5592,158143.1699,156757.9368,155200.4234,153487.0125,152053.6772,150779.9497,149886.476,148463.6584,146968.1097,145483.489,144553.5419,143943.5826,143376.3324,141974.9389,140388.8315,138875.1284,138474.3328,138648.8844,138904.3358,138998.3818,138819.7231,138623.7105,138387.0288,138015.7389,137596.8545,137563.8231,137853.2956,138525.5181,139121.8395,139799.5073,140236.3688,140632.807,140960.5512,141423.9971,141850.7557,142287.7241,142561.2476,143105.2896,143522.2291,144328.9157,144955.6564,145814.5061,146476.9114,147011.8673,147424.6589,147645.0901,147865.0265,147955.7168,148124.1943,148353.1122,148842.8939,149482.8687,150146.6604,150559.1252,150865.8495,151168.0678,151791.8787,152417.9815,153108.2289,153657.4444,154250.8622,155084.0965,155979.5714,157202.0318,158383.1979,159490.5209,160027.878,160448.9387,160920.4232,161604.4529,162186.1773,162797.3116,163529.8861,164582.4311,165567.529,166481.4545,167024.2011,167527.8474,168065.0822,168833.9565,169648.5406,170498.8675,171365.5805,172184.301,173009.9184,173921.2041,174934.9536,175784.9278,176216.5102,176719.662,177449.1297,178534.2265,179555.094,180336.0411,181168.406,181826.9559,182560.3349,183158.8384,184007.9733,184806.6345,185605.7906,186445.9109,187403.4313,188295.7567,189296.8095,190557.0347,191700.1036,192729.6813,193459.7516,194613.8909,195938.4241,197430.1585,199276.2354,200894.6855,202331.471,203052.4811,203472.7125,203942.0228,204489.9612,205533.7777,207303.0289,209463.1556,211686.203,213434.7396,214958.4911,216556.157,218183.5332,220152.5596,222531.0273,225881.9125,229533.7438,232817.3672,234867.0721,236157.3657,237397.8564,238957.892,241192.5903,243834.1405,247043.5106,250835.7005,254800.1605,258567.3055,260698.4843,261193.9411,260506.1811,259890.6343,259405.6382,258854.8428,260469.1535,263401.9891,267421.6904,269712.8713
122036.5148,122150.8732,122268.0464,122571.5995,122995.0368,123745.4086,124471.5136,125057.4824,125473.8611,126010.6946,126742.7641,127459.2767,128026.7553,128568.0006,129115.6078,129879.6163,130764.9834,131686.1601,132613.5444,133552.1982,134527.5482,135487.9738,136423.3887,137463.0107,138461.5516,139474.0593,140503.8796,141726.5985,143047.2571,144396.9999,145604.9154,146838.4125,148047.8158,149411.9445,150654.5288,151890.5662,153140.8459,154497.7981,155955.2718,157504.3619,159241.3715,161133.1879,162783.1132,164126.6796,165426.4196,166945.1489,168377.8815,169625.2546,170637.9801,171765.7161,172954.9614,174629.4418,176716.2471,179344.576,182168.1577,185190.9993,187945.988,190153.3331,192432.9983,194914.5592,198009.0458,201238.0045,205312.0044,209722.5867,214590.2869,219383.3458,224730.9499,231204.4095,237602.2705,244379.4055,250498.0352,257252.8167,263696.0573,269435.272,275741.1533,281716.2629,286671.4285,288822.2707,290737.1631,292044.1557,292600.7883,290859.5356,289214.7221,286709.2855,284562.9441,280529.6041,277016.4669,272765.2135,267643.5502,261415.4894,255266.042,250374.6085,246081.0525,240530.1812,234016.5283,228194.739,222959.9242,219226.8556,214635.778,210275.4189,205634.382,201198.7656,196520.7344,191796.3363,187649.0166,183942.7773,180166.9808,176017.5435,171773.6332,168390.7954,164958.1321,162066.4948,158597.53,155291.5094,151751.404,148424.2734,145045.6342,142208.2495,140666.6318,139859.2283,139390.4847,137894.6184,136707.0517,135885.237,135901.6157,136127.268,136152.5486,135771.2121,135138.1129,134134.6568,132833.5223,131647.9025,130895.609,130905.0588,130795.7057,130427.148,129587.5315,129065.8114,128692.1972,128638.4706,128556.2866,128757.2188,129060.5274,129428.923,129641.7542,129924.8999,130290.53,131179.8902,132462.4489,133997.389,135470.0294,136604.314,137683.1123,138844.857,140110.859,141544.6135,143014.9837,144639.3849,146283.2889,148018.5352,150061.5844,152120.0242,153988.7667,155735.0842,157549.4381,159613.987,161232.669,162547.9981,163657.1233,165093.9305,166681.5788,168161.9333,169741.8491,171238.3525,172726.5516,173876.9196,175138.2179,176588.8269,178386.3774,180184.5767,181887.3209,183441.4156,185013.7152,186598.1484,188464.0902,190424.8889,192703.3835,194968.6543,197413.7407,200208.1146,202918.122,205112.4542,206838.3427,208342.11,209876.3267,211415.2124,212893.1016,214412.6376,215627.922,216718.8851,217956.3515,219367.5234,220764.4501,221708.0289,222477.8494,223175.867,224035.0595,224590.4916,224775.8789,224942.2132,225234.0243,225949.1984,226843.0877,227907.0958,228825.0993,229420.8945,229586.6175,229548.639,229570.1911,229649.7963,229987.5145,230110.3998,230747.3914,231348.0375,232328.5789,233115.0696,233991.5192,234818.4022,235357.7616,235679.5957,235559.398,235282.792,234655.6588,234219.9077,233926.7981,234105.573,234243.0765,234752.5813,235632.6341,236857.6634,238169.0977,239190.7629,240079.0874,240508.7745,240296.7157,240018.4216,240305.4585,241926.0276,244518.7136,247455.2406,250600.6151,253364.6337,255970.9455,258163.4559,260579.9859,263706.5066,268378.3944,274779.8225,281530.5534,287833.1684,293233.6084,299008.7754,305172.5839,311574.9951,319285.3036,328325.4813,338667.4394,348932.2276,358421.1477,366697.9771,372017.3619,374202.9139,373762.335,372543.5312,371324.5583,369483.6642,367571.3823,365367.729,364340.3628,363820.3952
91929.29037,91933.77255,92143.87464,92571.04305,93109.78053,93269.93713,93014.24282,92676.29442,92472.90541,92492.91649,92465.1462,92201.06202,92116.87409,92109.96614,92483.45521,92710.2133,92880.40304,93001.48612,93187.14859,93425.38136,93636.46965,93808.29065,93990.34438,94226.35908,94342.30893,94479.1759,94620.09705,94940.51424,95057.81766,95283.30703,95504.0791,95962.95634,96218.66666,96450.61053,96589.30845,96876.25962,96920.18752,97034.96592,97167.26984,97542.23571,97928.19741,98349.06582,98765.54526,99212.09529,99553.34935,99953.05222,100330.9391,100731.6702,101048.2133,101360.6604,101806.9393,102508.0382,103355.0058,104376.6099,105619.7103,107126.1507,108565.0238,109850.716,111219.1742,113030.2233,114934.8415,116368.0571,117484.4997,118871.3289,121218.2941,124915.6496,128852.1328,132562.1653,135049.4197,137291.9824,139362.1052,141597.8076,143388.1869,145118.3115,146733.4323,148679.348,150321.8127,151400.2207,151868.941,151931.5417,151715.7562,151202.4695,150250.3869,148941.8188,148029.161,147703.1112,147727.8961,147300.5663,146717.1235,146391.4743,146203.8014,145529.9941,144542.0434,143633.71,142856.3564,142095.847,141202.8188,140132.2401,138649.3257,136733.9955,135029.6549,133539.6481,132550.8561,131213.0308,129885.518,128240.931,126586.1412,125095.6537,123580.816,122754.8803,122110.1872,121627.5863,121015.499,120130.4228,119346.1767,118335.2048,117547.4896,117347.4402,117754.6014,118324.5471,118554.3639,118117.3674,117527.0368,116892.6663,116673.3548,116490.2079,115783.2791,115150.4616,114146.804,113041.3871,111090.0304,108803.9947,107138.7304,106241.7393,105930.5224,105148.5111,103803.5325,102363.6014,101248.0946,100715.1403,100457.0313,100326.8073,100353.2341,100479.2161,100637.125,100395.6894,99647.12475,98734.02271,98000.62517,97545.36407,97353.09316,96984.11139,96976.82952,97015.75654,97427.62915,97860.77363,98214.41098,98659.801,99289.82124,100107.3708,101100.8097,101975.3962,102776.0559,103524.5844,104315.3337,105070.1044,105683.9368,106153.1447,106562.4865,107061.8606,107435.0622,107955.356,108450.1249,108866.977,109228.4004,109579.3317,109983.6539,110174.2168,110498.8124,111036.5058,111512.2012,111796.2983,111983.4888,112526.3286,113333.2678,114163.6297,115032.1559,115779.5665,116443.3726,116997.645,117422.1797,117912.7853,118465.61,119258.3557,119979.928,121014.5357,121970.9272,122993.0507,123710.1759,124570.2048,125606.4988,126571.1878,127302.8805,127908.79,128667.076,129378.306,130065.9846,130860.1222,131660.9972,132635.9259,133644.5003,134743.2999,135817.6335,136695.486,137556.4077,138331.7377,139205.3241,140310.6078,141671.45,142852.5416,143707.3897,144293.8615,145165.8639,145975.992,146764.127,147353.5626,148213.3535,149349.9051,150380.2197,151348.8094,152265.2441,153445.4238,154706.5892,155916.4048,157033.0562,158164.0132,159278.0524,160595.0485,162013.0082,163510.7562,164994.7091,166349.3644,167609.9951,168819.6736,169927.0349,171361.9106,172962.9141,175121.1451,177661.0816,180296.7437,182996.3346,185505.4323,188267.6231,190917.6426,193416.3844,195886.536,198802.2234,202781.4876,206939.3507,210594.567,212973.9703,215100.1169,217500.5487,220445.005,224041.2668,228004.6919,232432.4478,237240.5962,241962.4957,246260.0949,249015.9671,250124.7472,250190.0055,249940.0151,249852.0128,249214.5715,249399.8184,249800.9925,250740.4303,250669.6368
129533.7771,129847.4474,130421.2749,131355.6829,132257.7251,132946.5646,133693.8809,134546.5016,135379.214,136216.8257,137022.8594,137947.4355,138866.6582,139879.6486,140882.0056,141990.2287,143168.9057,144613.7075,146354.0322,148178.3114,149846.463,151102.4674,152156.9116,153290.9681,154566.0768,156087.7866,157392.5165,158703.747,159948.064,161196.7959,162305.2059,163347.5636,164589.8769,166123.2581,167818.9937,169712.0047,171951.6462,174186.2783,176041.8016,177516.4377,178900.9399,180264.0137,181604.6499,183174.3505,184998.2041,186738.1838,188203.7483,189607.942,191053.2514,192678.2661,194511.8661,196719.0371,199236.0355,202138.1952,205063.2212,208487.7807,211907.4795,215557.3744,219046.1981,222560.315,226305.979,230475.3653,236136.2118,242616.4833,249997.6683,257723.5471,265771.13,273466.0434,280254.3976,286684.9706,291610.556,296765.5748,302347.404,307945.7695,311923.2405,314335.0143,317082.6559,320083.7686,321466.8583,320905.6343,318705.701,315705.1338,312460.3436,307603.536,302191.5494,297117.4452,292896.7369,289154.6448,284195.3748,279184.2145,274341.4018,269428.0585,264734.1771,260063.774,255962.5514,251828.0659,246669.7936,241565.5332,237014.8099,233917.0572,230884.3864,227016.5672,222792.9096,218416.8266,214097.0365,209608.9385,205538.869,201913.758,198381.5969,194668.5767,190700.6472,186315.4997,182627.6567,179447.3469,177143.5576,174943.4764,173191.6367,172005.1836,171147.7963,170445.3344,169435.9397,168852.6188,168693.5291,169546.8357,169575.2977,169033.9844,168039.8668,167333.8682,166627.0064,165601.2071,164269.404,163338.1644,162602.6728,162125.0538,161260.6318,160215.0758,159054.092,158136.6069,156995.1806,155931.6679,155146.8809,154625.7912,154644.9076,154361.7683,154234.9271,154277.263,155205.0563,157112.7895,159127.1264,160826.15,162241.8391,163409.6063,164195.7257,164525.0491,165198.9176,166337.9187,168044.4777,169928.5181,172435.2572,175227.8452,178227.5851,181078.786,183781.5394,186197.7768,188215.4859,189980.0253,191735.9784,193553.5634,195394.3847,197049.8917,198904.5343,200702.2796,202535.1703,203842.5659,205152.0367,206332.8547,207633.3343,208723.1494,210208.1438,211917.7397,213829.8998,215492.0605,216971.4988,218538.523,220508.7009,222731.8502,225183.1854,227794.8105,230658.781,233662.1123,236457.7887,238759.6418,240462.9445,241683.0722,242713.0706,244157.0313,245918.0298,248131.4705,250158.1401,252037.6401,253767.0136,255166.1651,256624.6428,258059.5176,259466.7352,260543.1342,261407.0563,262344.3409,263147.2328,264114.8188,265080.4926,266153.562,266894.9078,267702.0504,268664.2828,269739.3279,270823.5132,271532.196,272244.2603,272531.3009,273129.1427,273757.7959,275374.8617,277092.0835,278770.9351,279827.0302,280781.9431,281872.9694,282551.3864,282719.0535,282203.1949,281399.4057,280532.3147,280042.0086,280197.3964,280948.7318,281832.851,282954.6355,284308.007,285851.4564,287799.3521,289728.44,291534.6159,292630.1056,292724.9187,292712.1111,293241.1525,295128.467,298178.0848,301844.8136,306339.5851,310877.8552,315914.4697,321093.8467,326737.9514,332694.488,339969.4743,348914.6705,357480.8907,364255.9886,369152.5446,374733.1217,381164.0079,388196.3456,397662.1365,409565.2165,424637.298,439692.725,453802.0789,464906.6793,471373.085,473062.9615,471105.0821,468556.2588,466708.5951,464878.6875,463063.0527,461474.9202,461457.9523,461769.9464
99807.9717,100136.1227,100412.4539,100962.1634,101471.7138,102024.5045,102628.2779,103135.8332,103651.3334,104075.524,104593.7881,105164.6508,105755.5174,106321.455,106821.2142,107446.4954,108216.825,109130.534,110155.9272,111257.9853,112401.4018,113491.4869,114541.8351,115545.718,116523.7519,117535.4046,118557.9258,119649.3096,120702.9271,121867.3487,123187.3978,124672.0714,126012.3814,127217.2588,128263.3515,129758.6954,131479.3703,133378.2713,135123.8164,136996.4444,138803.6463,140540.3421,141984.1697,143477.8194,145077.1871,146739.467,148401.5028,149734.4581,151186.9719,152668.9609,154598.0378,156478.0883,158694.1024,161042.0336,163780.8068,166715.5467,169807.6973,173051.3489,176300.5561,179741.9857,183032.606,186322.2106,189482.6677,192614.7292,196479.6234,201107.9114,206085.4124,210908.8558,215929.5743,220686.538,224737.137,228123.7948,231655.0113,234920.6019,239073.9518,243811.1174,249001.601,253074.0224,256644.3796,259536.5592,261845.0613,263316.5375,264893.064,266588.3414,267670.2169,268575.0215,268430.528,268528.1479,268144.4781,267848.0435,267393.3028,266611.0617,264709.3063,262902.7454,260352.76,258697.1012,254342.875,249064.9066,242795.9323,237388.4159,232576.473,227577.9344,222460.188,216490.7917,210048.0072,203392.8757,197197.2177,191054.5528,184919.4632,179055.5937,173605.0673,168659.0875,163837.1229,159465.4373,154866.0923,151143.2402,147780.8599,145405.6498,142769.7454,139937.5159,137729.0755,136221.0916,135424.8873,134928.585,134196.6343,133087.9208,131504.0102,129803.5845,128184.0972,126441.6737,124945.3367,124108.1869,123232.0747,122325.6005,121342.486,120887.7757,120407.2225,119822.6692,119173.2281,118914.3523,118715.8909,118881.6183,119243.8361,119505.5184,119735.9468,119449.1362,118574.3075,117363.3609,116417.6906,116521.8018,117162.9968,118103.0593,119120.3585,119925.3343,120917.1816,122343.766,124297.3103,126522.4067,128650.0223,130829.2588,132679.6212,134212.6472,135612.0793,137077.2124,138793.4683,140747.8752,142881.2046,144970.176,146562.2174,148238.9081,149833.2085,151998.8209,154202.6583,156318.5858,158305.6288,160142.6659,162200.8662,164136.6144,166186.5899,168021.4266,169367.8036,170434.2649,171422.5452,173172.8639,175411.9001,178025.5817,180652.09,182977.7021,185289.0801,187375.0606,189600.0167,191861.9904,194130.0014,196400.4516,198682.296,201040.1231,203332.8679,205829.78,208539.3946,211029.866,213278.5025,215378.8828,217516.6784,219419.1102,221220.289,223330.3053,225997.3021,228487.2837,230959.2565,233313.5773,235802.1961,237995.1397,239822.1771,241607.3808,243535.6117,245581.5969,247596.7878,249629.4861,251783.4438,254014.2358,256180.8044,258198.4382,259985.016,261363.5075,262679.0294,264041.8713,265635.6354,267056.1863,268027.6796,269182.7787,270129.6844,271147.779,271749.9367,272492.923,273483.628,274381.5553,275445.6091,276618.7214,278449.0469,280373.6908,283051.0846,285761.4607,288644.7015,290658.914,291578.7139,291791.542,291894.1566,292944.7884,294854.0896,297707.445,301262.0938,304911.1769,308351.4383,311606.736,314733.4683,318010.9268,321971.3621,326946.8492,331804.8432,335487.2158,337998.6197,340355.7025,343486.4983,347064.3558,352873.5389,360294.7485,369744.6343,378711.4948,386468.0112,392743.3923,397898.4211,401945.8779,405024.1082,407146.7951,408713.6545,409329.6967,410893.321,413696.0563,417716.3275,421507.6963
148770.6596,149144.5158,149550.6966,150289.5287,151044.1293,151790.5347,152787.3633,153738.7037,154723.4038,155585.6024,156535.4058,157490.5789,158313.1916,159034.6033,159953.1193,161105.8995,162547.8884,163919.8359,165593.9303,167495.474,169666.0939,171835.7207,173713.5133,175470.3246,177031.0051,178606.2631,180268.3904,182084.9226,183986.0419,185850.5153,187829.8743,190136.7335,192369.4674,194346.9139,196089.1112,198022.2778,199844.5349,201578.2386,203337.4137,205355.8626,207723.0111,209925.3937,212120.4428,214365.7397,216634.2094,218977.1785,221276.6315,223970.4046,226886.8448,229555.0738,232161.1274,234815.7629,238013.4657,241502.4651,245569.7155,249749.735,254006.154,258270.8518,262590.2235,267213.003,271234.8598,275463.0648,280003.8092,285786.5126,291782.7489,298433.5006,306323.0073,314199.2582,321171.0046,326206.6531,331362.028,335891.5358,340920.0607,345359.5897,349902.9983,355110.3752,360234.8607,364952.819,367000.8393,367477.3654,366494.7458,364747.5716,362211.0167,359172.297,355917.2432,352564.5995,348827.5355,344382.8852,339572.6713,334759.6544,329176.1481,323597.7285,318142.2538,313373.1056,308509.0938,303030.1275,297279.1902,292488.271,287710.6947,283477.2468,278742.0678,274721.8268,271054.0559,266675.1875,261359.0359,255456.1177,249379.0715,244946.3872,240952.1522,238639.4069,235407.3198,231970.8515,227933.3327,224835.9085,222481.9216,220383.4217,218665.5767,217228.5327,216376.9041,215375.9189,214575.4304,213760.2071,213710.7586,213955.6267,213818.7312,212837.3597,211266.2291,209838.4363,208704.5262,207462.0285,206378.5051,204975.3945,203458.1967,201888.557,200181.1198,199081.2134,198150.9645,196957.7811,195192.107,193519.3753,192370.0206,191555.1193,190882.5613,190579.4912,190546.573,190412.3209,190415.2232,190621.7689,191255.7413,192323.0588,193653.1206,195055.5846,196505.6327,198197.5698,200264.2637,202634.7814,205252.151,207813.5745,210521.1048,213162.8934,216337.7367,219516.3654,222806.9634,226011.3119,229148.5157,232595.4877,235835.3025,239340.3197,242545.9934,245474.5444,248230.6393,250735.1539,253392.4599,255538.2405,257663.8474,259543.7047,261442.9403,263251.9301,265500.7141,268027.9995,270776.9693,272760.4188,274368.965,275625.3918,277201.0308,278692.4763,280564.2247,282594.9609,284864.293,287186.5445,289871.9415,291871.0619,293455.2127,294340.559,295527.7662,296627.1083,297648.731,298721.18,299550.6738,300327.531,301168.2533,302865.6382,304594.6427,305844.5483,306764.4614,308109.0188,310088.8805,311886.7549,313082.8801,314311.6287,315763.998,317462.9927,318968.4753,320184.6295,321556.9038,323246.2699,324967.8879,326438.6991,327935.2106,329012.8548,330097.5458,330498.3394,331842.6132,333068.8001,334357.5519,335232.8042,336298.6021,337739.4423,339358.9715,341089.958,342245.4809,342613.5825,342315.2104,342372.7111,342812.0336,343727.8128,344729.5863,346043.0947,347759.8056,349747.0017,351951.4801,354076.8868,355893.5296,356944.0947,356737.8277,356203.5278,356365.0366,358410.0901,362199.5788,366761.9855,372068.5368,377325.2675,382635.2162,387470.1349,392429.9011,398364.8038,405969.7846,415179.4505,424975.2797,434459.7187,443696.8686,452460.2645,461492.8833,470643.2865,481614.8181,493802.2261,507744.6887,521740.8627,535427.3187,546930.1385,554199.6741,556537.471,555379.5585,554267.0632,553854.1102,552758.3968,550480.2472,548345.3783,548756.8236,550997.1428
110933.588,111108.6629,110930.5339,111414.3477,111743.6208,112144.1912,112204.7816,112656.5724,113542.6929,114331.6562,114936.2294,115488.4036,116002.709,116492.2575,117182.6107,117990.5352,119032.393,120014.0922,121025.4163,122022.6571,123139.2463,124420.4276,125556.8281,126665.1625,127670.0163,128748.5087,129715.5051,130684.2257,131808.5991,133083.2695,134404.8208,135731.7745,136909.5641,138014.9517,139019.8851,140144.6164,141187.0586,142317.4729,143504.8074,144939.7692,146600.3516,148332.5144,150021.2261,151572.2761,153057.2216,154782.3492,156664.8578,158542.061,160060.1639,161360.383,163096.9645,165187.6893,167455.5906,169620.3588,171972.6825,174398.5728,176503.7918,178589.7566,180754.7545,183441.3403,186135.9144,188868.8374,192166.2373,196813.3601,201944.3491,207679.8231,212943.283,218124.9745,222244.8747,225704.3487,230092.2817,234930.9448,239754.3229,242583.1593,244727.0135,248710.3933,254084.7911,259504.0288,261998.1864,263097.3539,262769.5416,261743.0191,260181.0028,258672.752,256605.1891,254152.9468,251261.1374,248200.6282,244544.7835,240728.9097,236842.4774,232780.7521,228289.3071,223921.566,219265.0999,214461.0171,209538.0326,205414.442,202123.8025,198745.8181,195248.0902,191157.5385,187830.2652,184159.9352,180473.533,175372.6549,171089.9888,166828.5485,163825.4082,160732.2051,157717.0273,155082.4065,151831.5946,148745.7365,145720.4831,143622.691,142453.0121,142366.1915,142566.9823,142591.5912,141859.1962,141266.8925,140921.4433,140420.0855,139733.3759,139078.6004,138394.3221,137525.8598,136142.7798,134327.1283,132066.2928,130496.8529,129439.3932,128403.3314,126746.4397,125221.5237,124144.0894,123227.777,122248.6657,121384.175,121047.725,121036.875,121219.7113,120924.099,120891.1522,121400.9201,122325.4726,123385.722,124435.9721,125588.4917,126553.9447,127386.4214,128088.0776,128875.2812,129647.599,130789.9271,132272.2269,134116.7519,136313.0869,138228.5252,140241.188,142238.5382,144431.5931,146451.7746,148330.7984,150339.5157,151645.7839,152690.4399,153593.0124,155053.9383,156614.7559,157872.5176,159188.4924,160322.7425,161718.6219,163126.3023,164720.2363,166098.3763,167411.7662,168836.418,170318.0318,171725.8058,172884.7806,173855.1611,175045.614,176428.4485,178398.8726,180664.6019,183168.0604,185580.2875,187732.6694,189628.9642,191324.1808,192731.224,193733.1702,194591.7098,195450.2392,196568.2999,197767.079,199157.6239,200788.7831,202424.7717,203975.058,205459.2773,207012.2067,208449.6073,209629.2274,210560.8387,211438.2256,212382.7576,213303.2555,214206.3694,214990.8841,215899.1893,216910.1255,217816.5874,218780.0091,219714.3906,221120.6742,222503.6837,224058.6221,225375.015,227142.2135,228636.397,230187.8353,231234.4321,232519.9868,233785.7212,234604.3636,235041.7113,234988.5884,234996.2661,234689.7327,234695.8427,234944.8298,235725.0863,236589.1164,237836.2736,239325.5816,241086.1092,242917.9926,244611.7321,245942.4026,246546.7289,246361.7592,246143.6614,246578.7612,248163.1413,250698.1989,253887.0136,257616.8225,261231.5292,264752.1212,268313.2988,272297.462,276931.0464,282083.1302,288397.0989,294669.0306,300611.1471,305441.0477,310742.8502,316552.1456,322923.224,331342.1628,341736.6439,354685.5509,367749.5022,379784.1795,389561.5174,395846.6224,398683.4937,398283.7422,396695.6922,395427.0007,393990.676,392708.6532,391277.385,390998.8702,390911.9156
100251.0272,100464.6218,100751.6462,101112.6931,101388.7259,101508.8851,101777.0018,102166.4814,102657.5114,103151.2605,103575.54,103959.8014,104302.466,104727.5389,105218.3999,105840.0403,106432.5601,107032.5589,107632.8378,108267.9623,108857.4047,109462.7499,110028.2417,110594.5102,111049.3293,111543.1411,112076.3483,112694.0055,113382.8223,114175.8178,115029.3791,115918.3942,116806.8156,117578.7311,118299.6528,118964.0518,119648.7594,120250.0469,120906.1474,121841.3093,123035.2278,124384.0866,125832.8465,127382.6761,128924.3482,130288.9924,131497.8641,132831.3072,134026.8216,135214.9256,136266.9684,137794.7007,139990.7155,142734.236,145487.2494,147871.0596,149747.7935,151432.923,152609.1237,153661.2607,154229.5217,154842.6971,156215.3713,158795.2146,161826.5922,165083.0546,168183.4321,171900.1961,174658.0278,177395.2185,179327.562,181369.2294,183572.8751,185699.3503,188307.0864,189212.5408,190858.0992,192360.2428,194958.2724,197081.8753,198844.7971,200353.6509,200799.888,201197.294,200856.4411,200828.8929,201219.3175,202412.8891,203668.1355,203717.3902,203148.6514,202230.4951,201222.2666,198399.1271,195949.9818,194560.7305,193963.945,192880.9148,190926.8755,189938.6822,188833.2043,187185.6102,184910.9982,182484.2974,180283.9486,178739.4567,177487.4337,176004.9932,173773.3256,171672.0463,169662.9801,167961.5176,166030.8103,164355.1548,162705.4489,161190.9572,160243.0106,159615.864,159363.701,158675.9174,158832.9296,159472.8608,159859.9969,159180.294,157179.0615,155213.5887,153199.6772,151549.6778,149832.942,147982.9842,146028.3568,144300.8752,142912.333,141865.3509,140841.3678,140052.4983,138855.8301,137436.3434,135774.5969,134399.6957,133419.5104,132895.4101,132866.6113,132482.0822,132033.9417,131537.1386,131397.4386,131107.4309,130501.6349,129869.355,129237.5084,128612.1257,128388.5374,128295.3351,128717.8099,129239.0967,130166.0401,131140.4289,132057.3374,132709.9649,133369.1135,133933.5128,134197.9786,134148.881,134220.011,134460.273,134778.1827,135205.6048,136088.3262,137455.2075,138816.437,140159.1696,141354.1001,142118.4351,142407.3611,142261.8936,142334.6085,142505.4773,142952.7807,143512.4455,144166.3938,144984.4191,145628.7702,146187.8646,146766.0265,147502.1271,148380.9075,149163.3131,150093.2529,151074.7486,151904.279,152579.5829,153382.7983,154237.3109,155024.6915,155617.1384,156364.068,157194.0393,158001.7104,158826.1977,159812.7693,160914.8003,161943.0079,162983.868,164049.4731,165275.0802,166593.0893,168052.6615,169477.0142,170894.8369,172073.5103,173178.069,174174.2634,175130.2995,176140.4739,177063.4979,177940.0894,178958.0331,180229.4607,181709.001,183130.6371,184259.9034,185509.0005,186462.3464,187452.3582,188080.5684,188808.5272,189662.7934,190193.2962,190381.6474,190202.1429,190485.9972,191187.4008,192456.3518,194002.9212,195633.8821,196985.777,198004.7321,199021.5164,200368.2507,202086.8739,203831.5197,205413.8899,206671.9481,207521.2996,208023.7325,208770.0689,210064.4159,212330.6236,215123.7035,218329.4599,221382.7973,224462.6235,227612.3868,230601.5902,233469.0303,236354.2994,239511.7393,242572.5306,245123.8657,247045.6391,248614.8455,250719.8099,253278.2898,256764.7614,260636.4865,265013.3525,269598.1928,273966.5928,278096.0866,281231.1816,283133.8596,283928.8145,284386.86,284628.7601,284393.4582,284143.0912,284558.052,286227.3075,288259.9071
111974.8738,112227.8196,112211.7483,112328.4353,112411.6904,112779.163,113295.6674,113970.0887,114531.1319,115039.5089,115409.7665,115880.6915,116317.7636,116743.9587,117243.2216,117863.9277,118494.8225,119110.7145,119751.5511,120433.3686,121172.6986,121961.0407,122908.4938,123890.8679,124781.8801,125613.2221,126624.4036,128106.4064,129830.352,131507.0148,132983.479,134583.628,136667.6764,138787.3886,141132.976,143040.2615,144779.2718,146275.6392,148164.389,150476.8191,152836.5456,155112.144,157572.9372,160441.9068,164194.5595,167275.792,169891.3661,171625.8785,173911.5102,176273.497,178776.7074,181407.1806,184353.1844,187710.7004,191293.2203,195207.585,198711.4742,201745.2438,204220.7404,206759.2201,209320.7776,212183.9539,216002.8884,220906.1599,226508.8479,231729.9492,238540.6656,244589.8174,250986.1292,255282.5046,262531.5344,269141.8609,274563.5432,276878.0937,279236.8476,282836.411,286350.6534,288535.9334,289224.668,288857.9474,288014.2534,287405.4107,286676.7691,285153.93,282425.8811,278747.7991,274869.6649,271608.4613,268022.0613,264329.8306,259752.4726,255405.2324,250724.8372,245518.3135,239384.5451,232734.1255,225205.246,218687.2924,212946.7422,207967.5004,202803.9379,197246.3627,191452.9949,184550.3208,176958.7069,170036.6327,163432.7434,158140.2348,153496.0713,149534.1024,145745.783,141830.7282,138367.4565,135019.5437,131803.8773,129208.3808,127040.9088,125562.5754,123963.5061,122668.036,121693.8151,121289.7044,121456.4681,121611.174,121921.5556,121936.6013,121776.9624,121397.0012,120814.4703,120453.4932,120469.2957,120597.3936,120350.7443,119719.5427,119033.67,118303.0241,117475.0645,116669.1991,116169.6622,116078.5747,116259.3955,116354.7364,116277.8498,116442.0633,116682.4044,117123.7816,117294.0714,117643.7174,118105.3158,118768.9159,119478.1284,120155.1514,120954.1293,121913.7167,123065.5825,124592.4974,126236.2508,127847.1456,129291.4233,130806.7435,132743.8005,135047.2781,137464.4793,139944.7805,142207.7036,144598.4605,146590.3914,148802.5009,150922.0365,153015.0222,154604.6562,155654.6493,156588.52,157532.2732,158768.5347,160106.9197,161458.9702,162505.7288,163731.9628,165297.0045,167199.3148,169030.2483,170511.4973,171741.6456,173127.0043,174928.8664,177345.8994,180020.3048,182887.0232,185918.2684,189065.4595,192113.0888,194934.6486,197453.6042,199451.9625,201257.325,202919.3082,204693.3257,206416.9166,208107.3514,210071.772,212033.3328,214004.755,215717.3484,217607.7763,219573.8535,221464.9251,222991.6834,224242.7101,225797.7992,227167.6502,228560.7412,229723.4705,231364.4828,233517.2392,236036.7225,238537.2006,240767.2432,242658.7232,244193.5242,245538.4793,246837.6107,248323.3121,249561.1715,250571.3631,251547.4878,252560.7456,253743.8418,255049.1327,256485.5792,257631.9282,258401.3421,258819.543,259302.9081,259652.5741,259946.5539,260106.0754,260580.5872,261495.4614,262808.3495,264556.0412,266426.4101,268138.4272,269103.2152,269342.4726,269546.1741,270231.765,271763.9882,273910.968,276473.1793,279710.6822,283545.227,288104.8691,292750.8105,297180.7455,301353.6504,305712.224,310675.9539,315593.4699,320310.4856,324607.5572,329327.7863,334755.1988,340478.6848,347640.8207,355718.5709,364716.8966,373024.2443,380563.6418,387408.5192,392738.1201,395722.3621,395881.5761,394366.8011,392019.434,389450.6878,386790.4398,384075.1769,382101.878,380808.0448
98215.4877,98492.90705,98771.947,99329.29152,99848.09198,100377.0637,101078.836,101767.4462,102462.8531,102970.1516,103473.1313,103999.8119,104512.0821,105058.1622,105676.8982,106455.2552,107310.0704,108077.652,108885.9303,109977.3193,111326.3,112822.4509,114081.2844,115246.1023,116295.4698,117329.4427,118413.5784,119543.681,120876.7596,122249.5711,123702.1218,125318.4869,126802.1383,128214.8791,129418.7804,130834.4224,132173.817,133541.4247,134979.9418,136603.6923,138469.2202,140273.8649,142155.6258,144103.4751,146028.0864,147866.9679,149630.5517,151707.4601,154057.2443,156234.5376,158357.0793,160429.3864,162855.5697,165469.8659,168492.446,171673.9972,174862.3863,178098.6343,181337.5852,184772.5459,187824.4966,191100.1557,194718.1563,199281.2998,204016.5613,209060.655,214826.6594,220578.2166,225739.1559,229576.9998,233361.1423,236823.3954,240703.5672,244286.6528,247953.4848,251953.4849,255793.5653,259214.357,260843.51,261435.6904,261138.2671,260357.3728,258945.8647,257066.9694,254930.2156,252847.9444,250501.0221,247710.3102,244655.5515,241639.8541,237916.5044,234206.0764,230538.9256,227237.3592,223607.7716,219450.3989,215494.3739,212293.2327,209172.7357,206321.8945,203097.7242,200078.1877,196687.9665,192996.4444,189124.017,185451.8314,181018.881,177340.1534,173492.679,170551.093,166924.1912,163112.751,159057.3633,155393.6586,152460.538,149779.4568,147497.3571,145512.939,144138.298,142684.7634,141167.4645,139740.1095,138839.208,138160.3399,137102.9568,135605.0809,133910.9148,132436.8105,131047.839,129496.3932,128118.9626,126771.6467,125443.6185,124136.5341,122799.1566,121863.0792,120949.8428,119896.8043,118451.9596,117100.1964,116147.2154,115641.722,115558.9783,115641.8142,115871.9059,115855.5455,115700.9063,115715.8877,116109.1531,117060.1409,118213.8664,119316.0839,120580.5779,121883.7678,123231.1013,124591.9293,126221.1349,128034.4934,129996.7627,131984.1364,134490.3284,137040.2293,139534.3208,141791.7677,144021.6374,146347.4599,148586.3384,151096.0904,153780.9593,156519.5034,159140.5018,161416.297,163688.3678,165586.6092,167655.5648,169328.9813,170776.594,171881.6465,173378.2552,175127.7604,176788.0462,178060.2323,178983.9409,179902.0897,181066.6839,182341.4151,183889.1481,185295.9346,186810.3265,188503.6951,190667.1463,192584.6123,194193.2008,195160.3546,196377.872,197641.9759,199068.7394,200529.1337,201890.6698,203315.7294,204874.7671,206622.0879,208327.8631,209678.7975,210890.0993,212410.4447,214427.8925,216511.5252,218169.9675,219721.2105,221358.8167,223272.0108,225035.2372,226673.7723,228013.6119,229555.6261,231007.492,232592.7161,234149.5014,235358.1321,236453.6457,237336.2421,238968.902,240506.264,242026.5524,243408.7782,244924.0692,246259.1853,247616.4131,249039.2039,250257.8773,250692.0721,250642.9941,250683.1803,251042.1857,251768.6026,252413.5891,253248.4516,254479.7817,256154.0647,258397.3971,260471.0686,262499.5252,263364.4897,263146.6429,262386.1328,262307.1734,263445.7465,265926.8159,268932.1661,272656.6299,276254.1537,279917.688,283557.4927,287297.8281,291593.8802,296794.1311,303469.6713,310822.6045,317873.2449,324250.781,330208.2735,336314.8784,342618.1384,350839.9395,360829.7412,372212.579,383412.212,393869.1792,403403.4573,410150.679,413634.0293,414099.7002,413780.8114,413045.4432,411820.0555,410940.2673,410629.7324,412028.9056,413538.4698
110031.8301,110278.3182,110536.4079,111080.6679,111740.8885,112683.3579,113668.9663,114505.4538,115165.4792,115942.748,116896.5173,117862.5535,118627.9822,119294.6426,120025.6762,121008.1399,122157.8718,123345.8311,124469.3906,125635.807,126821.1226,127963.4534,129088.914,130318.1606,131509.1869,132710.5574,133860.0786,135237.1575,136834.5893,138594.6019,140371.9991,142179.0293,143946.1426,145825.9417,147504.1726,149090.7309,150648.4737,152255.2059,154053.885,156072.0528,158294.4041,160532.1497,162334.3408,163789.4369,165221.3622,166803.7495,168256.3451,169479.0434,170494.5026,171741.0334,173100.2893,174881.6549,177056.3745,179778.2949,182841.8695,186196.3271,189500.2571,192440.3456,195570.7181,198896.4432,202820.1886,206918.3044,211894.244,217209.4003,223014.4421,229150.8992,236181.9057,244765.2743,253115.0933,261539.2328,268805.4196,276218.2822,283030.9003,288842.2011,294844.4307,299973.705,303557.9739,303978.3195,304116.4828,303413.1067,301772.0614,297646.2705,293802.863,289637.4125,286334.3935,281549.7072,277536.9547,273207.0571,267963.1045,261408.1923,254478.8938,248563.489,243253.7304,236855.6843,229796.8703,223429.2524,217559.3111,212863.5876,206516.3585,199470.2775,191890.1043,185079.5841,178887.5479,172263.7237,166029.8863,160099.4236,155049.1678,150002.9971,145314.195,141607.3701,138214.5804,135359.3363,132184.9122,129525.5258,126981.8,124903.7875,122854.4979,121315.2238,120704.963,120605.914,120781.4881,120056.4424,119586.0552,119460.4848,120046.4868,120688.3048,121036.8587,120949.4737,120540.1877,119674.4881,118608.9238,117839.9323,117473.102,117735.7925,117689.155,117401.9642,116685.6646,116263.3394,115839.381,115810.4384,115851.0664,116459.4839,117137.1255,117963.9486,118555.1315,119306.8375,120138.5656,121559.6331,123490.8667,125664.8738,127691.3415,129270.1537,130839.9587,132543.1129,134405.4123,136248.4589,137970.8805,139680.0989,141486.1548,143629.5579,146121.365,148693.1151,150997.5986,153169.3269,155423.04,157837.8939,159747.5104,161265.0418,162442.7341,163716.1586,165025.5428,166336.3342,167815.7816,169202.1894,170560.0925,171759.5651,173055.2188,174417.648,176026.4483,177587.1136,179100.5011,180327.2077,181577.3289,182755.9883,184278.7755,185977.8073,188024.0881,190139.4259,192524.3314,195481.7455,198771.7534,201699.0419,204101.8574,206140.7563,208171.18,210215.3818,211944.0448,213527.4095,214678.3898,215827.5883,217267.5231,219086.0215,220744.2813,221903.6698,222770.8543,223601.8971,224709.3562,225634.1869,226392.4374,227026.0438,227581.6252,228350.4683,229196.8027,230387.3355,231744.3199,233105.1874,234245.317,235247.3323,236123.2924,236734.3253,237213.6209,237475.3435,238259.4909,239172.0656,240346.5658,241251.8628,241954.1651,242575.3821,243163.6039,243727.9126,244013.7575,244110.7728,243882.0754,243722.6645,243566.9908,243801.4865,244104.541,244725.8348,245613.9697,246921.6957,248497.5175,249868.2667,250847.772,251158.618,250956.4087,250873.2441,251508.5193,253527.9123,256760.0652,260748.5831,265412.8505,270135.6717,274933.789,279386.5477,283935.1563,288793.804,294512.1857,301545.1259,308976.4885,316420.7499,322796.1454,329358.7618,335829.2384,342361.2869,350272.0326,359650.5188,370722.8688,381945.4116,392725.3436,402181.21,408109.1985,409570.466,407167.8169,403320.8285,399183.0886,394562.8148,390186.855,384786.0634,380073.0093,374895.7131
77561.31678,77727.7462,77957.14791,78247.40444,78530.68159,78770.83424,79186.47806,79674.05399,80279.52886,80955.7743,81524.5201,81999.14585,82319.2947,82697.89932,83218.14757,84009.93126,84996.84502,85883.07497,86712.23978,87678.88503,88838.88743,90175.7137,91347.69699,92533.67345,93438.80991,94235.69395,95013.75258,95898.06569,96999.0461,98138.98418,99361.18849,100625.2687,101835.5975,102972.4427,104009.1857,105158.1131,106343.8005,107613.5336,109056.2495,110640.6678,112356.2335,113848.5017,115327.873,117026.8842,118828.009,120675.1575,122299.251,124108.5683,126211.8671,128335.8531,130442.3884,132509.9132,134828.6107,137383.3399,140347.2325,143386.8212,146424.2935,149489.7462,152554.7929,155910.7079,159010.4828,162509.719,166338.0808,171046.0049,175871.8351,180902.1509,186193.6881,191378.086,196158.7024,199954.5801,203655.268,206917.351,210827.9917,214780.3158,218973.4809,223229.0441,227215.7681,230542.8036,231896.8521,232012.7567,231423.0474,230827.5579,230134.5478,229082.5649,227725.3114,225981.8494,223781.6864,220852.6913,217644.6667,214789.2358,211569.2826,208473.7763,204655.6636,200889.9553,196597.7602,192421.4755,188636.9596,185941.0277,183292.2189,180995.3792,177990.203,174975.0446,171219.7076,166176.6202,160720.2193,155645.5542,151093.6263,147158.9604,143061.7547,139744.5045,136078.1562,132190.1164,127971.6099,124345.9036,121383.0058,118816.0846,116316.5441,114304.3111,112067.1801,109768.2069,107438.7364,105689.8483,104563.4513,103722.0398,102917.2253,102034.9246,100929.2858,99844.78509,98663.01436,97371.2777,95558.78815,93291.03666,90808.24163,88990.28818,87403.1349,86179.80813,85015.81843,83846.6738,82256.51954,80869.50591,80023.06509,79668.99896,79611.97261,79343.42315,79842.56698,80475.68521,81392.77439,81904.85018,82266.53915,82667.83244,83153.43945,83482.85281,83836.84724,84056.31054,85065.5747,86975.98858,89468.95823,92034.48303,94615.86855,97190.66054,99981.80496,102651.3193,105344.2289,107977.4055,110841.5487,113608.4528,115957.2077,118228.9601,120591.3427,123438.3021,126212.187,129076.7538,131720.3715,133660.1304,135463.2748,136942.2315,138695.1967,140070.052,142111.3976,144299.8598,146719.8707,148596.6808,150278.8057,151891.9455,153441.1329,154965.7629,157142.6971,159708.3703,162921.9439,166027.2837,169229.176,171540.3113,173240.9459,174409.6842,176039.4373,178055.0661,180086.3276,182100.7812,184027.3589,186550.7432,189043.6568,191769.6248,194118.0962,196316.947,197907.8161,199413.0684,200999.481,203000.9638,205140.4301,207637.6422,210395.9711,213241.7682,216178.3013,218889.759,222323.4628,225816.3044,228125.8981,228860.4544,229215.6835,230342.5743,232084.0851,233725.4781,235873.3105,238214.7756,240739.7587,243553.9446,247098.444,250977.7441,254071.6253,255802.1855,256441.4917,256195.0251,255615.9867,255689.6547,257069.5181,259468.8373,261708.7859,264087.5524,266507.5044,269639.1086,272998.8156,276473.2048,279296.7481,281161.3152,281422.3605,280947.3129,281122.2588,282952.0553,286520.6054,290685.8351,295565.5213,300704.4894,306248.8798,311382.9936,316103.7266,320723.2871,326208.2402,332981.9155,340080.6153,346284.5977,351107.1582,355520.7728,360477.9257,366692.8147,375844.83,387487.0347,400959.5036,413724.2277,424826.4589,433727.7554,439199.8856,441696.2847,441246.8756,440400.5403,439786.9123,439572.3072,440152.0685,441083.5617,442763.3463,443816.7881
82910.87704,83125.76954,83320.34892,83687.48645,83995.55998,84276.39751,84641.26158,85055.17658,85571.89599,86053.02313,86548.56888,87057.69323,87558.47474,88033.23507,88432.97827,88892.86074,89435.79701,90075.74776,90835.92124,91756.29177,92782.0593,93830.7115,94792.47214,95699.27402,96443.79982,97167.13248,97945.7996,98874.60732,99835.29642,100874.2281,102067.007,103513.3495,104898.8645,106160.5109,107169.5194,108648.4293,110529.4137,112678.053,114734.1095,116850.2566,119011.801,121022.8913,122741.785,124407.6864,126301.4771,128293.5911,130226.7039,131691.1855,133165.1674,134733.0904,136856.4419,139044.284,141512.7001,144089.1576,147030.9191,150245.9369,153561.4796,156956.5672,160362.6815,163949.2941,167349.1884,170518.7037,173469.585,176355.3459,179910.1234,184170.0495,188854.4,193553.7808,198530.4596,203249.1475,207284.1131,210679.5397,214324.4155,217800.3022,221784.6767,226083.8276,230530.7276,234140.1082,237215.5674,239612.1559,241388.9528,242373.9612,243627.0759,245033.4158,245824.6902,246471.3702,246125.3358,246061.8202,245354.6808,244654.1622,243699.0464,242546.3533,240492.2924,238513.8982,235910.0205,234136.0564,230127.3299,225131.2205,219024.5536,213501.118,208299.7054,202935.2785,197299.9281,190678.1988,183222.9441,175563.575,168753.5494,162206.489,154798.6914,147406.567,140402.0377,134899.0232,129826.2667,125752.0738,121711.9653,118401.586,115039.053,112865.2039,110713.8178,108760.7865,106442.935,104287.8557,102725.5952,101803.9006,101414.2847,100472.9738,99404.08712,97594.85023,96046.55811,93728.68088,91799.91087,90555.95503,89807.16695,89056.77362,88330.27556,88511.54125,88633.92622,88356.28946,87659.74089,87794.88689,88281.01964,89167.1906,89830.68579,90249.08866,90553.51479,90844.59569,91049.39756,91418.54341,91938.70768,92865.22147,93747.73538,94272.01644,95041.20075,95928.97971,97431.53767,98992.55365,101008.7722,103225.1284,105474.625,107774.8568,109871.6486,111956.0722,114117.5667,116467.8907,118803.8402,120630.3685,122105.2286,123333.635,124822.7163,126737.0018,128637.3305,130258.9471,131745.3042,133220.7699,134856.2074,136149.3442,137528.4604,138777.5926,140118.2482,141189.9444,142363.1874,143524.6801,144972.2402,146473.3603,148199.5222,149930.188,151732.494,153414.6586,155185.059,156906.3311,158969.8925,161175.4993,163431.9008,165536.3103,167329.8922,169029.1856,170271.88,171833.9288,173586.1356,175787.3684,178136.3842,180638.6021,183024.9007,185004.5225,187681.7362,191175.6323,194886.7155,197494.7471,199711.7521,202457.8082,205756.8733,209190.6288,212189.806,215050.8663,217628.8394,220156.7941,222254.1269,224135.1169,225828.1611,227368.5105,228831.7498,230443.2844,232278.1262,234042.252,235593.5066,237518.8488,239803.2131,242216.6737,243563.82,244293.9864,244232.8582,243944.5947,243413.2255,243221.4544,243534.0777,243981.169,244625.9448,245613.7311,247180.8505,249021.4885,250767.2132,252369.3569,253740.9991,254877.2338,255445.1696,256054.5423,256854.4718,258292.9251,260223.7912,262899.9356,266386.9648,270402.7802,274487.4025,278583.7939,282815.0431,287755.6926,293621.3056,300263.9819,306902.0135,313337.5839,319498.2996,325600.9839,331885.5081,338497.9195,346221.699,354555.5144,363569.0053,372402.1846,380814.4684,388424.1965,394633.559,399350.0489,402519.0874,404740.3569,405911.087,405543.6739,404500.0447,403671.3859,404027.0092,404627.515
120679.0961,121056.4148,121569.7399,122695.036,123889.2832,125037.7182,126017.8418,127101.3807,128205.129,129457.8457,130740.2259,132122.7658,133239.8091,134503.4722,136448.7154,138908.7067,141767.0059,144532.7709,147557.0436,150845.4736,154306.912,158091.9144,161445.3724,164414.0247,166737.6462,168589.972,169870.8805,171062.0684,172362.6176,173770.543,175186.9956,176742.0732,178456.4075,180374.6015,182295.9988,184278.4446,185870.293,187421.9923,189357.7058,191681.087,194272.3268,196637.9987,199167.4788,201639.6666,204345.0801,206938.1818,209600.016,211911.252,214241.0131,216401.5703,218489.1764,221061.6604,224558.5844,228986.9593,233482.3121,238300.5578,243277.0374,247958.9186,251884.7842,255656.7454,259443.8504,263726.4331,269011.0026,275134.3082,281797.9335,287807.2489,294007.8392,300110.5255,305874.8326,311522.0335,316473.9751,321292.0009,324339.1591,326741.9973,328771.7563,332903.4974,336925.1132,341463.138,344265.8247,346444.196,347476.6295,347491.0419,347806.1994,347428.9851,347249.9277,345920.4969,343887.6146,340115.873,335883.1055,330957.4606,325845.0581,320134.2795,314781.4099,309844.993,304365.5308,298222.8811,292129.0656,286795.2058,280254.0545,273550.2395,266047.219,260252.3714,253545.3372,246664.7354,239568.1496,232279.4624,226035.243,220375.2191,216628.4269,213510.4008,210774.3093,208146.0378,204826.5542,201590.8913,198904.2934,197036.0269,195114.3245,193096.5628,191484.6082,190212.8514,189462.5314,189400.2836,189441.8787,189021.1436,188105.2303,186938.6837,186213.9065,185137.3876,183856.468,182354.2124,180741.9811,179415.0786,177837.8481,176619.7913,175654.8538,174798.0372,173997.9653,173185.7192,172562.4894,172250.2518,172141.1325,172077.2905,172112.0661,172328.7589,172722.0113,173431.1427,174734.8276,176407.9382,178421.3065,180269.8509,181910.8161,183299.6564,184627.2447,186123.5825,188406.1568,191449.6621,195703.3517,199575.4672,203306.9671,206489.8724,210287.0333,213830.5846,216798.203,219133.7832,221622.0897,224517.5648,227152.442,229570.4812,232108.3726,234690.5123,237551.184,239932.5309,242804.619,245013.5676,247383.1855,249251.6632,251149.395,252829.2391,254927.9648,257355.418,259765.9265,261677.0794,263347.2983,264912.8732,266518.6819,267616.741,268643.7223,270147.6455,272260.7805,275249.8458,276973.9452,277655.8343,277529.9148,277983.0198,279218.458,280584.508,282001.6817,283166.4513,284139.8775,284998.2743,286218.1826,288019.3209,289344.1642,289734.5175,289715.7507,290776.7552,292895.7088,295369.592,297256.7517,299245.4715,300943.0129,303082.1295,305211.734,307560.8372,310060.1162,313089.3779,315333.8683,316469.1694,317096.5218,317958.1371,319491.3408,320533.7965,322259.4871,324104.8238,326077.201,327397.6276,329275.177,331653.59,333622.406,334248.7647,333887.7043,333458.4476,332925.5708,332737.263,332860.6983,333278.1658,333936.6571,335315.4484,337762.3742,340895.3116,344150.3625,347032.8426,349028.7743,349868.694,349261.937,348209.4383,348061.6123,349379.4562,352143.2196,355491.4076,359887.937,364555.9289,369378.9284,373514.0909,377369.2688,381314.107,386201.5173,392249.7717,399116.1872,405847.4939,411598.2087,416875.5295,423183.2688,430795.6386,440254.1058,450563.2635,462468.3569,475138.4546,487522.1464,498923.2457,506501.389,510047.1335,509777.3342,509789.8854,511319.9462,512320.0557,512712.9852,512606.106,514765.9215,517598.9008
129740.0631,130069.9707,130447.8273,131091.6263,131739.1808,132308.7291,133092.943,133820.9863,134586.0741,135165.9079,135804.3752,136462.6425,137103.8029,137687.5013,138368.3763,139206.3848,140185.8794,141111.9459,142221.0227,143517.9807,145037.9401,146638.9431,147994.731,149252.7893,150323.7168,151457.3355,152692.4652,154147.9102,155828.7453,157486.7438,159259.6437,161230.5114,163248.4809,165092.2133,166792.2046,168697.5972,170483.3368,172175.2692,173855.2035,175732.5583,177939.1539,180065.0541,182252.5822,184455.8271,186633.848,188789.8869,190932.2356,193469.3617,196330.6196,198998.1046,201591.83,204112.2005,207090.5099,210253.0636,213981.9024,217832.769,221700.6889,225517.2094,229384.4023,233512.7383,237167.3056,241034.9151,245465.052,251248.0863,257349.8819,263855.4868,271006.5161,277940.3146,283908.4472,288312.6252,292761.651,296667.6868,301030.9394,304871.5918,308919.4581,313369.6536,317783.326,321626.0855,323051.6128,322860.94,321680.557,320074.7998,317917.7456,315193.693,312221.7671,309314.0214,305890.2419,301651.7629,296793.3499,291793.5398,286140.126,280584.028,275506.3201,271258.2848,266950.5797,261939.1567,256558.8954,252015.8397,247429.7105,243022.2244,238050.4001,233633.9573,229164.9194,224333.1678,219087.2055,214260.3336,209336.4479,205559.7331,201948.5813,199395.1209,196232.3035,192772.884,189170.383,186180.0413,183922.6349,181568.3342,179476.6593,177720.7057,176856.4371,176116.0212,175439.3653,174558.5049,174310.609,174307.5293,174034.1524,172968.1316,171577.7178,170405.915,169381.7456,168116.1814,166713.5867,165135.4818,163478.9338,162087.8411,160651.6982,159779.6505,158800.5922,157613.9152,155924.3394,154349.34,153166.7802,152201.138,151418.3021,150952.9722,150821.1154,150534.8133,150199.8916,149926.612,149971.7967,150425.4475,151079.9322,151749.3225,152398.4556,153177.2647,154287.0819,155743.5574,157597.753,159481.7081,161459.1321,163183.6866,165330.5304,167660.7204,170296.9407,173021.7028,175666.856,178352.6498,180621.389,182836.3296,185066.1171,187432.6486,189869.9621,192092.8255,194313.1632,196176.5457,198067.4255,199766.8013,201332.6188,202638.2117,204152.6278,205766.5352,207502.9172,208824.5098,209895.486,210956.2501,212303.7513,213979.6273,216045.9645,218267.1714,220482.6511,222506.9772,224796.2118,226828.6184,228677.2221,229997.741,231370.1613,232798.4037,234240.1106,235630.6897,236787.6738,237824.6415,239072.0482,240699.0838,242379.8544,243740.3298,244828.0759,245861.0468,247111.9446,248191.2627,248967.6432,249722.9393,250492.9707,251439.712,252197.6532,253085.9515,254022.1134,255197.8327,256433.676,257820.1531,259274.2461,260365.3933,261192.3814,261695.8909,262900.5237,264216.1562,265673.2485,266772.8487,267896.8751,268974.0696,269939.8964,270806.3001,271368.1172,271598.679,271401.0227,271390.8072,271618.1863,272439.1274,273341.6928,274498.8953,275742.573,277184.0887,278668.4635,279902.2821,280879.2478,281114.0546,280628.8054,280039.8509,280177.5495,281573.2192,284024.5615,287023.4141,290535.8664,293827.8392,297070.5793,300115.902,303711.3025,307999.6433,313366.0157,319772.8986,326595.9383,333341.2122,339809.8546,346011.2759,352445.4228,358833.3333,366307.3252,374541.0035,383956.4181,393789.9985,403419.7698,412175.9779,418107.6975,420908.7039,420915.4599,420389.6664,419722.125,418413.6051,416634.8012,414874.3628,414676.7748,415306.8679
109812.01,110023.137,110309.2616,110961.3724,111599.8126,112201.342,112642.0781,113236.5791,113908.1131,114781.1153,115652.4183,116590.2207,117319.4923,118087.2681,119136.5371,120401.1985,121892.792,123458.8884,125365.4176,127507.4976,129750.922,132140.7398,134331.8048,136226.5015,137652.5314,138743.8851,139643.7923,140688.322,141950.7055,143292.2223,144654.1451,146123.4887,147708.27,149334.657,150827.1178,152375.0344,153695.5738,155009.3027,156504.4773,158241.0701,160181.3722,162027.5085,164119.293,166198.5958,168496.529,170644.6104,172828.2278,174716.6675,176487.6476,178117.3968,179651.511,181604.5812,184255.2395,187550.6461,190847.7281,194316.6357,197868.179,201248.5302,204117.5063,206960.7323,209893.016,213234.8484,217310.0796,221880.881,226789.9041,231412.1037,236582.102,241978.2544,247216.9309,252320.5886,256867.4585,261444.3757,264738.3718,267519.2511,269855.2895,273864.1282,278182.2065,283164.3631,286840.9034,289713.3286,291722.8843,292989.0939,294446.0734,295095.5333,295543.5685,295075.3275,293952.5101,291591.1694,288791.4289,285163.8035,281050.0043,276183.1868,271505.9723,267241.6294,262631.3893,257563.707,252337.7889,247752.7435,242380.4254,237350.4249,231618.9648,226783.8493,220699.9727,214526.1479,208526.7774,202296.9018,196606.6437,191110.8103,186822.0989,183025.7203,179519.2449,176327.8779,172641.3713,169200.4896,166583.0711,164885.2223,163530.6658,162852.8285,162668.4006,162805.6554,163048.1077,163970.267,165019.4609,165396.2447,165078.9345,164345.9472,163818.4991,162926.8056,161858.7128,160170.0605,158530.203,157022.9749,155901.2659,155181.3396,154567.8638,153850.9657,152811.5858,151765.2832,151018.7658,150637.2548,150529.3596,150320.3671,150289.4785,150313.5935,150492.4859,150747.2792,151298.9733,152107.9943,153194.7568,154384.1831,155439.1005,156397.9454,157229.5805,158383.0885,160199.4002,162649.6336,165635.5612,168514.3004,171423.4799,174123.5,177222.3353,180171.083,183064.0095,185675.1226,188070.8231,190616.011,192916.4745,195422.2233,197807.1561,200072.7094,202405.5062,204581.9255,207203.0065,209482.0258,211784.5745,213926.6978,216065.0892,218107.7854,220026.0647,221834.4393,223520.0518,224953.5157,226532.0788,228202.5434,230117.0441,231887.2848,233921.0034,236181.8228,238570.0467,240938.4372,242439.2063,243401.045,244042.7431,245184.0726,246953.5532,249031.8263,251427.6686,253863.4146,256203.127,258293.0956,260260.5134,262522.0901,264455.4775,266063.5686,267616.7954,269629.6474,272315.5179,274831.7005,277135.9339,279121.6783,280847.045,282588.8114,284335.6192,286305.7618,288513.8165,291059.8771,293405.1085,294662.8505,295284.8409,295785.9759,296921.5326,298084.8276,299441.0111,300730.8779,301938.0491,303095.3787,304528.0742,306383.3411,307946.7955,308984.3898,309497.0816,309738.3864,309600.5713,309381.4038,309236.3268,309427.7151,309886.6768,310870.2955,312717.5785,315019.5801,317675.0578,319536.3971,321092.2184,321776.4245,321977.1942,321899.9193,322607.3959,324477.1561,327492.9378,330895.6215,334902.4454,339096.1469,343561.7248,348194.6646,352770.3921,357057.9257,361825.0258,367105.8917,372954.5164,378035.9767,382389.9841,386432.8995,391289.4461,397057.1897,404032.7047,411365.0637,418944.6328,426027.927,432417.9984,438247.1383,443241.2302,446681.1058,448589.3844,450331.1499,452811.2671,454848.5158,456577.3968,458333.205,461572.2333,465476.4585
89100.6474,89141.75458,89239.87567,89675.1001,90405.84644,91400.80404,92294.35428,93249.2398,94096.36272,94880.89728,95531.30743,96147.71708,96752.73126,97515.27189,98232.23258,99033.25392,99670.87628,100360.0626,101098.3427,101853.0293,102718.5769,103622.4885,104606.962,105666.9254,106714.7065,107658.6139,108511.2938,109324.0919,110182.9937,111026.507,111867.8589,112795.1389,113721.769,114634.7811,115590.1637,116739.5134,117939.2573,119123.2486,120262.387,121553.7465,122972.5893,124260.6063,125552.1491,126715.5981,128011.2136,129210.798,130307.3522,131296.4655,132249.401,133267.0981,134625.0463,136068.0464,137490.844,139047.7322,141068.6094,143563.8592,146060.6271,148204.2544,149892.3066,151506.6767,153662.2116,156267.5306,159005.2597,162303.1481,165576.0631,168979.1778,171943.367,175387.9455,179346.5213,182884.5757,186168.2479,188643.6964,190999.0434,193730.1523,197283.4522,201097.5259,203470.8781,204910.0394,205845.4045,207174.7733,207588.1387,207127.401,206015.3235,204326.3252,203244.7744,202311.2101,201469.6738,200376.768,199129.9964,197855.6983,195645.1502,192546.5523,189542.7253,186599.0761,183979.4628,179970.0274,176355.8128,172651.3175,170388.5871,167778.6779,165275.71,162548.9399,160021.849,157363.9005,154627.412,151624.021,148569.2768,145695.5969,143178.1665,140785.8311,138563.7994,136050.9003,134126.2522,132575.5425,131453.5974,130097.3221,128508.8965,127053.8406,126251.1315,125857.6469,125776.0353,125870.7362,125849.9308,125949.5067,125574.9445,124975.069,123937.2883,122575.1939,121103.3762,119769.8028,118584.1068,117707.2393,116156.1161,114124.3641,111885.4913,110047.1357,108827.4766,107532.1574,106256.1864,105077.3152,104237.5688,104029.0661,103800.9587,103660.0031,103196.0354,103106.8152,103378.4506,104143.3488,105033.4713,105799.3635,106316.0475,106480.2428,106709.8217,107265.7656,108502.8831,110278.9027,111849.3397,112961.2178,113825.8963,115031.4948,116674.7892,118359.6243,119877.6316,121138.7543,122293.9407,123776.6855,125352.065,127061.3056,128193.0399,129126.0438,129874.6043,130797.0702,131854.7059,132734.5884,133603.7413,134493.4438,135375.2044,136402.8722,137563.1513,139071.7122,140193.1435,141113.292,141922.6086,143143.8176,144555.5726,145925.6022,147486.9355,149234.9433,151167.126,153405.0845,155727.3176,158043.7201,159647.4581,160960.8365,162272.0756,164004.3439,165565.4746,166844.0013,167897.8288,169273.4294,171026.8981,172992.1673,174881.1784,176733.5172,178127.9233,179179.6291,179891.153,180947.345,182126.4569,183680.7332,185446.5472,187594.4213,189667.3482,191761.4726,193777.9009,195783.1664,196999.2281,197700.3723,198375.9938,199513.8727,200957.9759,202409.3419,204049.7224,205612.1468,206989.2568,208183.599,209482.1295,210769.1602,211834.1659,212758.2854,213667.0938,214674.7514,215560.1665,216500.5497,217440.0024,218443.8477,219298.8926,220337.6162,221594.7381,223059.5718,225722.6189,228661.0454,231522.4326,232640.0749,232538.5199,232068.5612,232356.3192,233731.3979,236330.9777,239388.1985,243114.9557,246611.9173,250658.6251,255198.3677,260229.0004,265056.0412,270155.5663,276063.872,282632.0274,288571.1885,293554.0207,297726.7441,302456.6164,307338.1954,313402.509,320264.6919,328161.8292,336028.0567,343172.8197,349693.768,354005.5689,355836.6046,355065.003,353463.5473,351256.3282,348563.8474,348421.908,349987.412,353268.7774,354894.0817
90757.5411,90983.93651,91286.11566,91945.07083,92622.70007,93277.7369,93852.44546,94582.46928,95426.53921,96407.04013,97368.16198,98344.79007,99104.32672,99951.34572,101250.0563,102908.7389,104809.5575,106607.3668,108531.136,110644.8279,112790.2101,115124.3233,117079.9976,118839.1796,120119.4448,121124.7995,121707.5925,122377.3233,123208.8659,124113.7555,124986.579,125958.8191,127174.9799,128504.0144,129810.5001,131152.2099,132267.1399,133325.5614,134637.1777,136244.5173,138126.3357,139927.3317,141898.9228,143793.1744,145755.3418,147588.3977,149501.976,151252.7126,152928.1513,154481.6717,156040.9932,157978.0823,160532.8241,163540.0202,166655.2557,169926.8253,173372.9683,176586.8227,179343.7999,182035.2967,184779.0866,187938.3326,191872.6584,196388.664,201294.3786,205933.6288,211114.2151,216470.1984,221591.332,226465.3097,230710.1252,234912.0372,237940.7196,240516.1911,242707.9236,246286.5889,250059.6639,254315.9503,257368.7647,259627.7809,261105.6121,261972.248,263219.1894,263924.432,264499.1454,264257.8435,263432.119,261516.6974,259372.988,256481.3448,253064.5758,248846.17,244992.7986,241775.4883,238125.4713,233711.0304,228886.5085,224755.5804,219933.5349,215490.1518,210148.2166,205652.5257,199966.4386,194119.5716,188056.554,181757.0715,176173.0679,171009.3373,167201.1547,163781.9176,160470.5826,156968.1638,152706.615,148584.1793,145121.3023,142464.0109,140493.6824,139157.0254,138304.0357,137630.1567,137138.0453,137454.7409,137949.5129,138085.3743,137860.0339,137168.0276,136702.7124,135873.2036,134905.5762,133487.9441,131975.2083,130691.233,129668.096,128892.1363,128238.9043,127483.6349,126634.5937,125874.266,125363.9973,125162.248,125118.2748,124914.8148,125142.2835,125535.7471,126102.3297,126505.3762,127196.8865,128227.9985,129527.9347,131071.5655,132496.6105,133878.8159,134745.4415,135653.5487,137005.1133,138985.244,141760.6146,144283.7162,146884.8813,148981.9632,151524.5416,153828.1089,156098.7164,158103.4509,160165.171,162528.8346,164833.408,167165.2054,169584.7014,171828.703,174151.4959,176000.1627,178095.5883,179566.2712,181172.0624,182653.2945,184327.1764,185757.9923,187581.2814,189836.1226,192349.3906,194354.0548,196093.0856,197809.9305,199504.6719,200886.7346,202431.6276,204461.8781,206919.8036,209809.482,211633.3418,212584.3025,212720.058,213448.9111,214992.0854,216898.5396,219076.31,221326.4566,223414.084,225350.7259,227245.1822,229305.9181,230723.6256,231394.2126,231820.0926,233299.0443,235840.8319,238705.8106,241210.8892,243401.7429,245337.0834,247381.1096,249405.2541,251652.3543,253981.1736,256684.1454,258626.6196,259494.8088,259651.1287,260133.9005,261497.2119,263248.9401,265314.3833,267206.9611,268763.6136,270182.675,271964.5999,274349.3652,276342.8648,277581.0097,277860.7777,277861.265,277513.4378,277332.2226,277402.6229,277895.7172,278696.7678,280021.3209,282035.313,284531.1445,287383.8237,289911.0977,291814.3863,292689.5207,292535.1571,292113.5637,292344.1437,293687.3931,296294.837,299442.2719,303672.9661,308100.035,312780.9253,317088.4487,321108.0829,325268.9349,329903.3954,335480.8623,341392.9394,346901.3958,351300.2847,355578.7976,361004.5319,367649.4274,375554.466,383961.0724,393291.3076,402699.4663,411092.5565,418336.0467,423301.298,426137.8493,426749.8822,427261.8836,428584.2674,429578.868,430329.1123,430647.034,432435.5261,434725.0736
128993.6405,129232.4013,129494.3931,129929.8071,130499.719,131340.2846,132424.3147,133254.9363,134135.4852,134853.2493,135969.4696,136902.3492,138172.1992,139304.0081,140729.6254,142127.2555,142621.0486,142536.1138,142194.1936,142880.8502,143927.4871,145222.3153,146542.6962,147700.6298,148672.0998,149552.7114,150658.2666,151908.3504,153315.1203,154635.3307,155701.3201,156458.2825,157053.8825,157735.5688,158511.1858,159378.0457,160384.1602,161345.3516,162348.0379,163497.51,164847.4484,166127.7542,167290.7612,168424.6187,169980.5664,171718.1497,173730.5528,175628.0986,177560.5486,179231.3821,180995.1727,182903.52,185413.2958,188057.6849,190803.5361,193463.4747,196293.7033,199308.8584,202181.5166,205229.3323,208144.0272,211132.7551,213947.3866,217106.5429,220598.721,224131.2911,227662.6336,231363.4132,235521.7167,240421.0858,245580.4022,250630.9961,254663.4896,257825.036,260671.3732,263902.9511,267772.8215,271589.0974,274937.3307,277390.9581,279053.2543,279846.47,280366.2484,280772.6996,280520.7256,279892.5808,278741.0337,277565.9116,275896.694,273413.1856,270285.4207,266623.8847,263042.3825,259579.6725,255759.3173,252406.5518,249223.8036,246306.6049,242851.1462,238854.5241,234617.6971,231041.9643,228175.2696,225857.0496,222874.8857,219531.6131,215960.1353,212254.2843,208634.0454,204910.0413,201391.3154,198143.317,195807.8379,194041.6358,192733.4821,191330.1957,189838.0234,187612.7668,185364.4451,184136.4961,183936.2275,183914.5352,183628.5532,183334.6224,183088.863,182783.4619,182212.202,181193.3655,179658.4657,177712.1231,175099.5993,172101.4541,169529.7819,168250.0419,167983.3795,167371.6712,166472.4815,165076.9635,164122.7361,163530.5644,162890.5442,162132.9617,161682.5843,161507.0539,161681.5304,161919.8777,162784.6413,164032.5801,165257.7246,166444.0275,167499.8904,168326.5079,168964.8094,169616.4827,170477.0583,171548.8857,172907.1302,174379.1266,176035.6065,177776.1848,179970.9823,182323.7327,184849.6328,187297.4117,189727.7806,192195.3955,194101.9384,195752.4241,197665.5269,200125.4159,202604.183,204171.51,205616.5592,206681.7589,207714.2008,208209.0662,208899.7077,209780.7817,211059.5184,212328.3557,213710.8842,214929.1121,216189.803,217356.5613,218900.1729,220474.9626,222152.5138,223766.6262,225535.7602,227480.7813,229162.5522,230387.709,231394.2009,232392.2406,233427.2455,234532.3343,235833.8062,237303.3618,238479.427,239443.8879,240623.6636,242020.2622,243157.5132,243927.0791,244476.2279,245400.1803,246704.7936,248250.1515,249566.9131,250752.1765,251719.8886,252990.1181,254405.4161,256338.109,258282.3487,260073.1359,261384.6105,262567.6658,263993.8004,265567.557,266912.3435,267780.1951,268799.0878,269953.2552,271243.4008,272479.4605,273891.1395,275490.2951,276634.9577,277335.3211,277394.7916,277664.119,278148.2167,279119.3725,279943.1353,280612.3276,281363.5405,282508.2949,283908.5213,285355.8131,287173.5626,288996.1688,290652.5809,291668.3046,292151.633,292610.7006,293398.5892,295171.7603,297929.8662,301248.9787,305126.9554,309169.4921,313863.937,318754.1707,323892.8277,329409.9756,336540.8739,345627.1592,355441.9387,364225.5335,371417.9485,378558.3096,386350.2318,394860.8654,404336.0748,414994.0308,427167.199,439452.0285,451387.5328,461593.3604,468435.5166,470885.7778,469832.6178,467975.0126,465783.4835,462700.8281,459355.928,456927.8691,456375.4186,456393.2172
125891.5583,126157.8969,126463.2411,127218.5027,127959.8445,128806.0226,129510.013,130378.4001,131250.1708,132309.4321,133459.5831,134706.3191,135674.0215,136561.0407,137736.1304,139193.1498,141053.0983,142884.6882,144869.8224,146891.9736,149071.0974,151564.1551,153825.2974,155735.8771,157057.4535,158058.3349,158911.4356,159905.1571,161084.4981,162226.003,163479.2362,164906.4813,166495.3269,168079.0728,169576.3637,171159.7238,172562.6196,173901.4168,175508.7303,177389.9459,179568.5815,181672.2521,184062.3247,186449.6651,189041.8428,191459.9886,193856.5767,195905.7274,197883.0776,199789.8955,201620.5007,203858.8813,206761.1422,210347.8292,213927.5787,217729.8122,221669.0924,225410.5714,228528.9904,231488.3678,234502.6823,237986.8597,242362.2129,247361.0881,252753.9094,257779.6308,263331.855,269095.2788,274642.276,279923.4556,284650.7023,289420.0388,292851.983,295679.6885,298107.5294,302476.9425,307205.8256,312788.3773,317144.3898,320963.9913,323899.0768,325936.1175,328095.4853,329531.4571,330905.0093,331348.4484,331042.7605,329371.0717,327215.3671,324191.1158,320521.5132,315934.9275,311419.8643,307474.2954,302805.5326,297514.4246,292017.0955,287196.6902,281369.4824,275780.7792,269491.2193,264203.0243,257433.5031,250241.9706,242922.7072,235284.1377,228125.2102,221324.377,215996.8478,211433.6845,207034.4569,202555.2427,197688.5348,193258.6606,189767.6344,187322.2724,185148.7465,183650.9737,182617.9261,182065.0251,181730.5961,182083.3024,182359.1135,182023.2119,181106.0903,179929.3043,179133.2501,178096.466,177061.1272,175380.8636,173669.8904,171963.2351,170537.4889,169550.3749,169025.9007,168621.122,167928.1879,167017.5965,166271.4236,165937.3769,165918.4839,165904.2881,165906.7934,166147.2553,166456.4605,166834.1049,167089.6919,167635.3594,168369.5514,169430.4692,170421.9906,171356.3711,172041.9278,172768.011,174143.7848,176281.5395,179462.6695,182797.7113,186199.644,189102.6932,192370.9657,195258.9874,198092.8954,200563.729,203157.2314,205878.9399,208378.9965,210721.2374,212857.791,214933.9897,217287.8494,219612.985,222274.3968,224679.8504,227062.5944,229017.5177,230768.0938,232374.3951,234203.3721,236033.5893,237905.9312,239560.5477,241463.187,243276.2514,245033.3939,246451.1538,248058.0162,250117.3284,252419.3917,254839.6503,256543.9524,257667.1616,258430.5137,259517.2746,261256.0792,263216.0091,265307.1205,267175.4401,269026.451,270810.6393,272825.8014,275230.5277,277284.7562,278897.6237,280395.0513,282548.3719,285479.9093,288321.9925,290943.5382,293380.8773,295612.359,297681.8374,299495.2687,301543.0565,303990.7376,306886.9889,309413.2616,310714.1026,311446.308,311961.9422,313192.4152,314508.1524,316236.155,317994.4692,319692.8937,321384.2209,323387.6441,325530.7846,326843.5543,327434.4814,327783.0865,328366.4101,328704.7816,328862.5374,329041.1963,329431.0611,330030.7911,331120.2472,333186.0811,335727.1579,338632.9438,340729.5188,342500.3802,343348.7938,343650.3745,343615.6892,344273.7379,346137.82,349069.5813,352663.1565,356940.6884,361556.2827,366439.5619,371135.1223,375721.6564,379780.7752,384180.7699,388797.109,394218.0042,399258.3947,403926.6682,408115.8415,413120.6964,418970.0057,426022.4794,433269.3103,440594.3247,447409.0567,453534.974,459152.9956,463730.6355,466892.3454,468382.1338,469735.6616,471553.6091,472981.438,473864.6754,474935.9359,477510.1935,481170.7611
122625.8086,122852.2353,123165.3897,123872.6643,124603.784,125381.0449,126114.388,127045.5309,128025.0098,129149.4262,130300.6577,131542.9816,132511.249,133476.4486,134760.1588,136346.2036,138310.9764,140419.4542,143052.8093,146158.7932,149431.1047,152784.3361,155687.9255,158286.3227,160294.0588,161914.0736,163187.7054,164672.9166,166282.7107,167999.7563,169632.5916,171449.5828,173377.4351,175415.6567,177301.8602,179144.4549,180685.2234,182122.137,183856.0408,185901.5334,188220.4675,190485.0756,193001.1479,195483.7132,198123.4941,200546.0412,202956.355,205012.6268,206934.7559,208728.3054,210408.6374,212490.6251,215380.6365,219084.2157,223001.2444,227154.9976,231361.1531,235277.0968,238572.317,241861.9577,245287.194,249184.3096,253931.7282,259405.3385,265429.3319,271186.0594,277503.3304,284147.1606,290498.7844,296614.9993,301849.3364,306840.4086,310279.9673,312965.5839,315089.5052,318800.0683,322699.0874,327254.4283,330191.4633,332015.6248,332659.2073,332372.1729,332604.1991,332174.6328,331924.8685,330797.7989,329165.5881,326172.8545,322695.3396,318315.7374,313328.6511,307469.22,301804.9479,296830.7285,291427.2157,285741.739,279890.2584,275030.0701,269498.8465,264294.044,257749.1135,252333.6583,245812.8602,239423.743,232893.8334,226057.6597,220150.3774,214389.276,209967.3261,206069.2693,202522.7703,199395.1373,196100.6258,193455.7823,191766.712,190660.9684,189560.9397,188830.5845,188626.2859,188682.0978,189068.2992,190318.0587,191723.8165,192270.4394,192049.994,191429.78,191097.7114,190501.3415,189774.6011,188500.449,187073.5705,185710.375,184506.8361,183590.6914,182906.6058,182071.1012,180851.4028,179645.0187,178939.8859,178675.8359,178388.1728,177601.927,177114.9689,176953.2152,177484.9944,178305.2242,179449.3374,180440.3895,181469.4026,182286.5451,183045.8123,183847.564,185007.7756,186789.335,189076.3254,191823.3263,194863.2877,197706.1843,200523.4048,202899.6654,205745.6739,208402.4059,211387.2758,214498.916,217722.8263,221156.2556,224150.4511,227235.7271,230086.5759,232750.6648,235123.9435,237295.0927,239829.8386,241899.9477,243804.2898,245253.8512,246961.3524,248620.1655,250425.6511,252098.5619,253882.5837,255428.7379,257124.0096,258675.7463,260367.588,261753.7449,263216.6258,264944.4269,266917.8585,269177.0829,270812.8093,271883.2721,272445.5993,273250.4581,274570.9103,276310.8472,278287.6413,279979.8825,281431.2329,282608.8575,284113.8611,286025.3783,287673.1548,288870.9953,290007.8476,291871.0509,294559.0451,297273.4345,299738.0752,301856.2065,303487.6989,305171.1289,306921.4254,309077.5055,311508.3233,314552.2909,317132.6533,318430.1955,319012.3332,319944.4582,321746.6546,323268.5349,324738.1975,325814.8073,326787.9604,327870.7236,329382.143,331339.6066,332774.9038,333682.4119,334154.5824,334897.0848,335327.501,335774.9752,335872.819,336112.376,336473.7288,337340.7235,338988.7528,341140.6468,343584.7624,345823.9408,347899.9375,349220.707,349364.0094,349047.3686,349398.2779,351431.4626,354957.37,359116.2882,364138.935,369088.1464,374398.3604,379606.8892,385011.3706,390287.3671,396056.7427,402206.0157,409392.3317,416237.3486,422806.4121,428636.2932,435035.2086,442189.3197,450642.5524,459584.642,469297.0211,478842.8125,487580.8424,495004.7652,500358.4061,503397.8678,504004.9018,504396.0551,504956.7034,504867.8136,505007.494,505981.7262,509018.3388,512240.1224
114856.713,115025.9091,115238.754,115780.7911,116433.5844,117138.3375,117873.9063,118571.5538,119241.9951,119700.678,120063.5143,120424.6689,120827.673,121321.1981,121868.6416,122540.876,123172.349,123818.4902,124478.0125,125064.4427,125709.052,126359.6448,127239.7523,128048.4463,128672.9629,129226.3655,129843.7811,130664.934,131683.5846,132857.4405,134168.9955,135471.8486,136720.646,137978.6735,139211.6643,140530.8707,141566.9111,142567.2925,143402.1301,144447.7464,145677.3191,147143.381,149056.8716,151111.2453,153313.3717,155371.3808,157128.9248,158944.0915,160788.6165,163119.7494,166111.0759,169478.6976,173379.8641,177489.5617,181897.5955,186516.1368,190940.0365,195456.4887,199204.8185,203111.2525,206882.4164,211150.4102,215032.4348,220055.3952,225609.1496,231608.0143,237772.0999,245015.8385,251804.7482,257371.6846,260142.5622,262846.7735,265267.4667,269107.938,272711.5234,275623.1891,277727.8661,278971.9807,278982.8815,277507.8496,275133.5666,272483.9213,269948.4921,267135.81,264605.2017,261509.2032,258441.063,255193.8815,252023.1837,248540.4409,244274.315,239310.6629,234632.7586,230533.228,226807.5117,222710.5039,218252.5656,214580.369,210611.0594,206784.5587,202177.2643,198284.238,194276.6432,190749.5051,187426.3423,184392.9461,181087.7837,177344.062,173687.0233,170244.0869,167817.8601,165718.8228,163741.6974,161565.5122,159960.3196,158874.1851,157978.2769,157186.9967,156928.5855,156835.274,156449.6898,155363.9828,153922.6021,153244.1683,152981.5217,152655.0545,151166.0923,149000.0325,146917.288,144987.4521,143646.9471,142309.0708,140977.1067,139068.7055,137247.9334,135628.323,134494.1721,133814.748,133374.0394,132814.3825,132093.9028,131625.2688,131639.3644,132065.6858,132588.6651,132780.3167,132551.1568,132237.1162,132088.6478,132058.1709,132243.0601,132647.1841,133221.2005,133848.1699,134978.6458,136827.8531,138847.52,140599.7289,142233.4317,143741.8182,145241.001,146327.4649,147581.3029,148955.9806,150483.5875,151858.3248,153097.0968,154423.2519,155837.4231,157357.9602,158899.614,160370.2602,161919.0033,162974.5742,164036.7404,164804.1566,165758.6127,166275.242,166955.8054,167988.8106,169572.3847,171397.4113,172990.3319,174361.8267,175576.9672,176751.6408,178404.6095,180344.2727,182420.796,184226.6564,185843.0437,187550.383,189118.6858,190522.4267,191859.3549,193429.6733,195107.6288,196763.0222,198442.3321,200279.6866,202189.5333,204173.3442,205855.2398,207323.4739,208778.5812,210402.6413,212496.7906,214686.3042,217066.6524,219522.6076,221956.2779,224268.6243,226283.8737,227994.6309,229643.2768,231322.4152,233170.8517,234963.6096,236701.2736,237923.9513,238810.4594,239272.556,240197.5401,241212.3124,242400.9237,243298.381,244185.2943,245021.2335,245551.2676,246012.3746,246023.0869,246043.4913,245879.4888,245947.8453,246161.285,246506.5136,247113.2784,248147.0654,249816.1686,251716.3759,253613.4446,255356.196,256936.1772,258206.8668,258844.9934,259195.6746,259839.5498,261209.7297,263704.4705,266761.1675,270457.0321,274203.6227,278096.0763,281995.6864,286239.5831,290865.11,296024.5916,301609.71,306650.5928,310796.4796,313768.2858,316993.3243,321053.461,326033.4925,332874.3759,340816.1902,349465.8116,357342.9784,364562.7826,370897.3761,375130.4546,376794.5833,376711.2957,376506.1966,376241.3034,374867.6641,372815.8297,370940.1449,370721.2177,371303.5616
123621.8556,123716.5338,123748.5654,123853.5344,123710.6126,123761.3064,123983.4239,124622.7078,125375.2964,126268.5498,127204.0051,128453.2358,129771.9657,131231.1678,132595.2746,133984.3523,135253.4124,136326.6639,137794.3802,139477.2377,141544.923,143215.7404,144476.0262,145177.0161,145693.9348,146120.2118,146633.1003,147148.0902,148163.0615,149082.6416,149956.4436,150633.4131,151132.604,151816.8889,152491.7063,153485.7375,154722.1463,156137.2027,157593.5407,158971.818,160094.9023,161396.4097,162644.3036,163880.078,165046.0019,166649.9734,168444.4396,170167.9958,171110.635,172131.4241,173385.1039,175279.1408,177451.0039,179979.09,182737.1296,185511.3085,188404.2228,190967.5783,193519.9779,195750.4096,197946.9164,200458.99,203471.8088,207030.3329,210777.7083,214726.2574,219402.2176,224048.0818,229440.1461,234416.6236,239763.6593,244862.4368,249990.416,254842.8498,259892.9416,265418.4163,270953.8868,276031.866,279275.8255,282171.2246,283818.1428,284572.4295,284033.4579,281528.7163,279177.9281,277101.7645,276743.9859,277045.0681,276830.4969,274215.4747,270080.8361,265264.6639,260498.9784,255601.3821,251198.6066,247728.8874,243775.2908,238447.5257,232775.689,227973.8564,223865.2548,220373.5541,216799.6396,213522.5274,209833.6598,205638.7883,200169.0164,194919.9154,190507.0379,187149.5724,184126.4691,180802.6726,177602.2425,174196.0318,171206.4085,168520.0974,166536.6013,165157.4728,164462.6987,163789.8883,163717.5961,163612.0861,163588.0366,163067.1914,163094.2024,163084.3647,162689.4397,161759.3168,160272.6297,158770.559,156946.8729,155438.5807,153999.8427,152416.1182,150990.4549,149201.6677,147628.4016,146090.0726,144914.4098,144015.6341,143370.7718,143147.1851,143026.2745,142793.4607,142284.1561,142250.7336,142639.922,143595.8847,144359.1213,144978.9094,145593.1837,146392.4736,147486.6068,149007.4358,150888.9983,153068.1837,155088.9218,157013.8008,159060.7409,161254.4423,163704.9709,166048.8816,168663.618,171458.2786,174387.5698,177549.9992,180562.404,183464.8943,185256.9277,186656.7567,187469.0706,188135.5323,188478.5785,188863.5624,189802.1437,190733.6685,191696.8173,192365.4335,193343.0881,194444.6299,195743.6828,196889.2259,197802.2172,198321.933,198797.8002,199344.1744,200361.6788,201466.9153,202718.0987,203914.3259,205222.5934,206560.387,207936.7341,209428.1605,210725.8784,211943.4781,212853.4331,213740.4383,214602.1069,215625.1535,216774.9478,217943.2242,219124.0557,220257.5451,221494.3748,223079.1508,224891.7285,226714.094,227966.5277,229287.8601,230486.6,231728.9609,232813.5241,233892.1191,235220.3546,236780.4975,238450.9218,240170.0211,241940.6301,243599.8635,244812.9148,245527.7884,246343.5459,247127.0359,248017.4777,248712.3811,249579.7246,250600.8398,251667.9306,252756.2035,253369.4276,253774.7721,253898.5271,254215.7242,254398.8855,254599.1829,254700.3706,254941.67,255584.6339,256645.5012,258290.093,259840.5511,261172.8597,262126.6641,262877.5468,263687.5625,264775.3573,266453.9862,268759.9337,271406.2377,274563.6656,278164.381,282299.2556,286863.8515,291885.0125,297440.067,303216.7922,309399.5825,315836.337,322474.4957,329150.4554,335826.3056,343062.2798,350497.1281,358935.8422,367764.7914,377104.6494,385888.3344,393842.7673,400444.0198,404783.04,406277.7025,404913.8756,402233.65,399072.2654,395688.666,392043.7307,388813.3024,386783.6968,385699.0731
92315.41151,92431.01255,92592.01888,92951.18734,93449.72368,93966.9612,94497.92011,94992.68517,95614.60453,96263.62418,96896.80088,97541.19606,98036.65429,98489.27292,98855.61574,99412.54369,100063.777,100738.2572,101427.0188,102242.2153,103044.0001,103813.1775,104467.1467,105381.6962,106144.1226,106877.3531,107394.7617,108117.0571,108910.4465,109808.2938,110722.5076,111661.952,112589.0179,113447.1679,114317.0623,115188.4648,115971.8733,116710.3614,117446.2637,118640.2466,119977.4381,121457.765,122806.5651,124292.8579,125743.8237,127136.6945,128493.5958,129888.2704,131075.3661,132039.4326,132919.276,134087.7255,135627.2766,137221.4452,139055.2916,141059.8769,143397.1357,145767.4446,148218.9348,150785.3546,152980.0259,155036.9245,157314.5174,160364.3127,163731.5496,167433.1909,171403.8706,175842.565,180592.7101,185053.3966,188669.0165,191666.3778,193652.6731,195268.1541,197273.6968,200477.1624,204146.8823,206603.777,207614.1515,207509.7915,207306.07,207250.7801,206156.3772,204580.2603,202649.8803,201584.7234,200100.309,198777.4462,197047.0839,195148.3606,192472.1939,190011.4246,187593.5736,184829.9491,182400.3723,180524.199,178545.5486,176732.0444,173775.4623,170606.2405,166627.6392,162716.7787,159649.3888,156688.0589,154286.564,152274.5406,150314.0271,147827.03,144935.9911,141880.0614,139729.0714,137656.0691,135832.5291,133926.7781,131986.6282,129695.199,127407.7695,125138.7035,123684.0747,122312.2825,121882.9741,121751.949,121945.635,121832.5469,121525.2443,121205.5191,120788.3489,120365.6677,119305.8793,117838.991,116114.0878,114676.6178,113528.7029,112081.348,110679.9741,108952.2692,107603.5613,106096.7428,104740.3504,103345.9138,102174.972,101378.571,100664.8099,100076.959,99529.79267,99291.96886,99082.43771,99068.06103,99276.20188,99646.48947,99717.03673,99435.65942,99039.60277,98867.16529,99109.41475,99810.23471,100839.5817,101978.6285,103278.5143,104599.8622,106161.6303,107479.2921,108632.798,109603.4134,110682.1864,111971.6124,113190.8728,114434.939,115571.4135,116852.1565,118047.0439,119136.2588,120073.6182,120812.7624,121482.1603,121967.3719,122464.6981,122783.0759,123287.7865,124017.6558,124864.6001,125790.9697,126810.9366,128061.2248,129228.6025,130220.1391,131229.2567,132308.29,133532.2847,134819.5161,136094.5324,137334.1825,138321.3309,139224.9843,139976.1859,141112.9459,142271.9614,143629.1478,144790.8935,146067.0031,147570.0057,149232.5859,151045.4192,152624.4423,154054.6319,155556.3483,156864.2587,158316.9515,159475.6218,161010.5716,162468.8706,164085.0248,165503.203,167007.7901,168635.0936,170199.8008,171661.9133,172904.548,174210.4671,175323.6217,176411.0455,177315.3123,178324.9225,179104.3638,179908.6833,180423.8276,181086.9157,181960.7349,183266.8144,184862.5761,186189.1271,187256.2696,187673.2173,188241.9827,188833.9958,189695.7712,190428.3256,191176.854,192160.6443,193324.5297,194940.2056,196307.5978,197412.3174,198051.0629,198449.2003,199052.572,200176.1274,202121.4278,204805.5048,207699.2438,211073.1517,214573.2381,218156.7043,221749.5407,225544.1346,229862.0226,234670.6643,240159.1105,245823.6866,250983.4444,255382.2008,259562.7461,264312.549,269347.9136,275237.5874,281710.8856,288990.4691,296332.1545,302909.3489,308792.2217,312730.6629,314502.0379,314184.0373,313110.3017,311976.5655,310124.1813,308721.4205,307860.9062,308247.2478,308449.2209
106226.3859,106494.2474,106907.7358,107529.0043,108226.849,108433.3753,108597.7888,108647.7036,109203.8718,109801.728,110538.5805,111061.6781,111452.3514,111675.4693,112005.9322,112563.9215,113088.0296,113639.5801,114280.2223,114893.9791,115395.4042,115741.4271,116289.7861,116921.7951,117380.5001,117756.6685,118126.8696,118810.9712,119646.6906,120657.8974,121587.5013,122400.3656,122950.1941,123536.3981,124039.7555,124657.6102,125165.3215,125862.8234,126591.3295,127438.6069,128298.5619,129321.8385,130466.1641,131793.592,133112.3191,134619.2244,136002.6699,137553.0949,138941.2997,140317.0961,141515.9352,142753.0823,144264.8662,146128.5556,148784.1627,151739.7399,155068.5783,158540.2167,162450.3812,166296.53,169071.2059,171538.193,174830.8412,178850.3522,183437.5724,188888.8193,195286.4801,202091.5452,206407.9127,209588.934,211069.1493,213826.0611,217057.2576,220129.4219,221808.9302,223639.5758,225647.0095,228014.5818,230117.825,232462.7703,234382.0398,234475.7132,233076.2826,230668.6321,228452.0231,227730.9182,227399.7701,226109.8475,223368.521,219492.7272,214763.3304,210045.9052,206627.108,203815.6397,200708.6599,196350.1722,192771.4295,189508.3355,186346.9988,182964.3481,179875.8255,176892.5677,173676.3178,169066.7455,163896.1931,158997.0638,154697.9542,151499.0246,148638.9971,145939.1627,143280.9829,140577.0493,138291.4494,136462.4727,134674.1213,132988.5373,131509.5901,130433.0852,130140.5906,129970.1294,129180.5869,127805.3132,125907.5938,125060.8995,123960.3294,122773.8156,121081.6008,119541.298,118228.2362,116524.3735,114700.5111,112545.4781,110918.5579,109509.5593,108682.2547,107408.6261,105855.2872,104178.8835,102854.4325,101787.2029,101017.5236,100418.7245,100386.314,100377.144,100687.256,100333.786,99577.16936,98596.29626,98083.74625,97836.61785,97672.39359,97636.85015,97704.29893,97817.90877,97923.98686,98410.32112,99223.83339,100112.1532,101158.0753,102264.8171,103747.4224,104969.0275,106137.4985,107352.0812,108522.9685,109687.6195,110338.416,111024.664,111604.4338,112499.8741,113568.2083,114738.8746,115966.6345,116937.1566,117815.1375,118534.9936,118967.009,119043.4508,119173.2123,119740.76,120312.2121,120633.9182,121138.9974,122032.1926,123092.3845,124037.4194,125266.0234,126814.5463,128180.4613,129491.2361,130710.5186,132152.6102,133592.6045,135094.6477,136561.9716,137964.1367,139338.3122,140762.0057,142180.0771,143842.2979,145596.763,147425.0318,148934.2164,150305.6107,151519.6173,152751.877,154145.5261,155674.1967,157328.7644,158866.3547,160487.6742,162191.1658,163905.0551,165522.3492,166937.1737,168361.755,169822.5401,171458.6303,173262.6248,174875.7302,176434.7731,177842.0809,179402.7439,180908.445,182077.6033,182956.6392,183626.9625,184514.1369,185513.2467,186647.4049,187621.5409,188440.8806,189138.6868,190013.8994,191045.5252,192284.8822,193347.8349,194649.6753,196091.6399,197804.4098,199157.032,200446.9096,201755.1764,203315.6,204754.1567,206249.9879,207971.5353,210028.0723,212527.7144,215497.3795,219078.5065,222734.4932,226739.1683,230754.4395,234942.0269,238979.4536,242938.4265,247506.6276,251883.1671,256012.5358,259612.8096,263330.7091,267582.4311,272064.1964,278376.4245,285811.0023,293815.6858,300627.9128,306655.4764,312406.4166,317180.7661,319929.307,320089.9091,318408.6714,315745.6638,312734.2144,309999.8325,307498.7621,305898.1755,304982.9138
82239.15053,82308.56128,82460.74268,82911.88573,83556.86165,84325.80877,84995.04177,85802.7432,86547.4193,87281.20412,87823.44442,88403.24826,88951.08594,89636.72794,90184.49708,90806.58078,91386.54246,92145.91184,92949.66487,93696.21703,94435.65864,95194.78052,96083.14958,97016.71321,97986.36595,98857.09045,99813.3076,100760.9836,101717.885,102576.021,103410.9736,104360.0719,105330.5332,106293.1953,107231.6186,108278.5752,109302.7758,110296.5632,111210.8722,112265.3973,113422.6348,114519.7376,115695.722,116794.0021,118090.9013,119268.1702,120303.9978,121150.737,122010.6352,123052.4942,124416.794,125781.1316,127053.2687,128450.0146,130205.1411,132396.3851,134511.5515,136418.186,137883.9385,139318.1369,141178.8478,143495.0212,146018.4052,149092.4603,152139.8389,155269.1185,158050.0117,161271.633,164889.808,168004.5223,170868.777,173005.0373,174982.2858,177240.4872,180220.6343,183607.7932,185605.5968,186845.3715,187367.6711,188169.9062,188047.1072,187159.9979,185908.732,184371.2058,183584.4735,182934.1263,182136.2234,180996.5226,179784.3569,178617.6568,176600.5732,173914.484,171438.4347,169232.3296,167247.4598,163784.4957,160762.1836,157614.4588,156062.4556,154126.1676,152165.5744,149830.5672,147487.9029,144995.109,142384.8797,139886.2873,137515.8265,135476.9053,133498.9954,131472.5195,129420.9669,127010.9395,125199.8417,123792.4626,122842.8749,121606.613,120248.657,119193.7256,118887.2827,118889.3054,118977.2257,119054.5659,118956.5309,118980.644,118653.1777,118096.3219,117179.784,115980.1845,114688.8713,113488.7606,112364.3224,111433.9678,109781.3272,107660.5624,105408.3822,103628.051,102361.1114,101027.6344,99775.71404,98747.9035,98085.52848,97745.78002,97087.48367,96501.29504,95924.03694,96102.09804,96666.60611,97510.88196,98339.21212,99117.91162,99750.66578,99939.23163,99988.65757,100235.0214,101171.2408,102700.9612,104183.2932,105480.322,106641.4213,107848.917,109253.0831,110643.2184,112021.5083,113366.9571,114532.4659,116005.281,117408.1078,118942.1914,119974.2098,120891.3671,121673.0644,122470.4045,123377.7895,124191.3027,125229.1746,126258.0074,127201.7992,128346.7609,129643.3429,131304.4978,132432.7535,133333.2819,133949.269,135013.819,136151.653,137313.1969,138628.9974,140185.5146,142015.0344,143981.6179,145971.7225,148053.0091,149725.9298,151349.3779,152830.6035,154555.2484,156045.3378,157270.9864,158355.0383,159638.1154,161337.4513,163207.739,165127.4141,166999.1861,168438.3001,169498.1049,170316.9727,171643.8266,173236.7394,175293.4734,177362.5636,179536.3155,181352.9324,183161.6983,185023.2997,186878.2926,187714.4831,187899.5224,188180.5121,189399.0997,191063.455,192529.662,193992.7703,195471.7546,197046.3949,198503.0178,200057.683,201479.4763,202454.5272,203022.1651,203506.4854,204446.1841,205517.1311,206786.7955,207954.0773,209094.6988,209995.5126,210957.7384,212396.631,214222.1907,217063.6811,219799.2518,222416.5359,223836.0918,224301.5033,224648.9716,225553.4882,227512.6777,230325.411,233345.6083,236892.0988,240079.0913,243737.9927,247622.2288,251798.0729,255698.4343,259830.1282,264936.7729,270917.0168,276301.483,280884.7247,284658.4048,289245.743,293919.6791,299804.041,305975.6743,312900.6807,319649.5422,326058.5711,332005.2322,336293.7006,338836.3758,339434.1953,339100.28,337553.1056,334983.6287,334655.1349,336100.0109,339259.3407,340910.2377
106069.4516,106325.0476,106611.8354,107235.7918,107989.8608,108548.0393,109222.7805,109783.5255,110575.8285,111159.6701,111649.708,112125.1805,112636.2818,113319.3913,113944.1236,114559.7663,115088.0483,115703.4552,116231.5792,116763.3879,117346.2777,118134.8063,119098.9138,120043.4544,120883.9404,121535.3503,122242.4573,123194.0872,124402.8385,125551.0387,126589.4936,127471.6009,128318.5479,129105.4802,129924.7003,130943.5501,132066.0423,133262.365,134400.4776,135554.6119,136688.2335,137943.4687,139348.0755,140864.8119,142305.7644,143547.8625,144755.8237,146024.4179,147427.2192,148874.7375,150458.5579,152344.166,154603.3387,157259.9079,160132.1826,163804.5833,167654.5643,171049.3844,173862.6457,176527.0293,179526.5171,182454.3164,186248.9207,190531.9905,195894.0988,201791.0414,208266.0947,214262.8752,218957.3678,223407.3599,227240.1306,230743.7958,233528.6971,236381.0471,239795.219,243474.8965,246845.1501,248579.1882,248264.997,246884.9296,245442.3664,243934.7184,242095.5484,239472.6784,237223.566,235057.1887,233107.7443,230410.599,227440.0586,224325.5899,221193.2739,217899.1748,214832.4701,212244.8167,208971.2221,204116.1829,199092.0863,194505.2724,191211.8723,188067.5016,184966.4257,181808.36,178534.8427,175225.2784,171241.0261,166967.8189,163168.2875,160658.4089,158620.1457,156135.6106,153414.8089,150742.6496,148400.2715,146006.9092,143660.2405,141620.1291,140070.1739,138723.8342,137952.4255,137062.7599,137113.8346,137334.0621,137673.0772,137465.5409,136916.7662,136348.3195,135222.1172,134021.3813,133028.7043,132006.2735,130338.8552,128556.8788,126563.3424,125339.3582,123928.2581,122836.4026,121507.9473,120476.8566,119320.2242,118398.0219,117613.8519,117492.1919,117324.0882,117223.6482,116677.5996,116315.2426,115830.7315,115898.735,116016.7382,116375.1857,116964.1754,117602.6788,118298.8883,118942.5668,119741.057,120600.4344,121538.6745,122640.2416,123994.7328,125317.316,126690.3573,128247.9654,129922.4394,131732.1761,133273.5432,134954.0138,136474.2625,138025.2397,139464.1426,140880.5799,142212.7766,143317.6611,144445.6271,145593.4011,146992.8369,148028.2443,148870.4569,149528.7227,150612.5389,151810.607,153027.0009,154206.0561,155420.0184,156395.5936,157261.9254,158318.8882,159985.2001,161992.1238,164124.2097,166146.4842,167974.0338,169532.6048,171026.294,172650.083,174118.0973,175538.384,176836.4834,178189.2692,179527.3386,180771.3822,182339.0966,184094.4226,185934.3748,187390.626,188740.5517,190493.02,192699.9478,194821.1826,196433.7008,197801.6459,199323.012,201019.1325,202671.065,204286.06,205961.4816,207788.6531,209580.5595,211387.7909,213250.4022,214829.5866,216275.0725,217350.741,218848.4796,220259.0811,221616.7451,222748.3971,223960.4178,225376.3633,226359.6961,227023.9198,227738.7298,228834.3418,229825.3528,230574.2678,231101.1162,231667.9022,232203.3906,233069.7113,234568.1838,236434.1338,238396.0606,239800.2176,240635.1661,240783.2626,240421.376,240364.9934,241010.6717,242716.5392,245159.0472,248061.7864,251425.8088,254943.2535,258199.4291,261371.0734,264518.1648,268304.4756,272861.8661,278676.1872,284935.9588,291045.8118,296321.7574,301611.3404,307223.8352,313131.5564,320332.052,328635.133,337748.053,346940.454,355709.7237,364101.718,370125.0795,373401.5418,374111.6617,373956.7323,373589.8775,372376.6005,370845.8279,369260.1855,369157.6592,369809.953
95425.89051,95616.30794,95731.51582,95982.49608,96231.04834,96551.0748,96965.99892,97523.69183,98061.79452,98673.18734,99088.99844,99464.088,99676.84845,99909.95158,100140.1639,100573.1198,101077.2417,101760.6142,102404.0565,103146.9607,103973.8963,104882.455,105732.6599,106533.9667,107174.2016,107768.988,108292.5581,108989.9668,109935.791,111026.5236,112157.3171,113063.9708,113869.5952,114557.1885,115226.6109,116071.5087,116951.3348,117996.7803,118911.8992,119924.6365,121066.7965,122305.8765,123753.0141,125449.7735,127252.0831,129037.5047,130384.7642,131805.3495,133095.0464,134796.2986,137088.5514,139835.4671,143094.0301,146710.0643,150653.7835,154921.1687,158946.6523,163213.3272,166899.6682,170738.6203,174443.5307,178379.2657,182245.6809,186839.7754,191867.4126,197081.7485,202477.4884,209032.8228,215169.7579,220560.5199,223648.4657,226725.297,229371.221,233128.0025,236737.049,239991.2627,242528.7197,244179.8204,244677.6404,243754.1692,241855.0708,239598.5927,237181.8476,234719.4114,232282.5874,229543.0828,226797.9969,223905.1731,220935.5675,217435.4228,213131.4626,208169.4847,203331.568,198900.1626,194547.1523,190033.0135,185439.6791,181702.6573,177778.962,173616.31,168663.2635,164069.8067,159409.0536,154916.6574,150683.7314,146881.4668,143470.6424,139686.925,135711.8545,131499.4439,128088.9325,125050.5735,122145.1904,118987.7281,116635.3516,114806.856,113380.2505,111845.1912,111021.8708,110603.3134,110206.4932,109367.7291,108301.5484,107847.9575,107551.3723,107285.6448,106206.324,104882.2674,103518.9209,102298.6022,101267.666,99894.52763,98298.2604,96400.50137,94712.4458,93370.55166,92261.09208,91487.88191,90843.99762,90410.12689,90227.86167,90307.64332,90570.76762,90875.38994,91054.2341,91011.77431,90630.47039,90452.86032,90573.18065,90806.82701,90981.8693,91094.1684,91463.75183,92037.85422,92971.9652,94428.03072,95868.25255,97230.2773,98624.19855,100233.43,102039.3733,103671.4566,105361.239,107096.4059,108925.4572,110617.4899,111962.016,113093.5756,114266.8619,115519.4144,116710.1533,117944.8662,119596.5563,121248.917,122912.727,124161.6739,125239.7233,125917.9595,126752.841,128090.9666,129647.662,131225.3223,132646.0635,134116.7899,135631.7482,137145.4858,138972.2337,140887.7188,142705.1794,144353.7869,146017.2065,147999.2272,149850.8907,151541.0208,153003.8151,154530.2972,156021.3489,157378.5274,158888.6572,160600.2068,162483.545,164193.8842,165675.3287,167053.2459,168720.3954,170434.1354,172144.1741,173513.5823,174960.9546,176560.9242,178265.4933,179914.9319,181375.8259,182760.1873,184183.6147,185874.8962,187730.1107,189645.8195,191391.2846,192502.3448,193191.42,193744.2005,194894.7855,196154.0382,197225.3296,197854.8979,198460.4694,199318.3576,200474.8307,201715.5676,202617.4432,203259.9333,203667.7126,204199.604,204777.1989,205333.4142,205718.3153,206245.4873,207165.784,208426.8283,209739.7054,211059.0562,212216.3405,213242.8094,213878.8054,214648.2889,215684.3576,217331.1521,219480.4301,222098.8758,225309.975,228813.2191,232649.256,236406.1741,240261.6098,243966.3715,247641.1542,251648.6067,255562.6979,259393.1096,262613.797,265836.3107,269585.7517,273914.0013,280081.7558,287160.8084,294779.897,301358.412,306873.7453,312028.9365,315874.2815,318069.652,318064.3813,317129.587,315637.2363,313580.8517,311183.5975,309024.3457,308054.0854,307951.6556
89580.76634,89816.09626,90019.26186,90397.23896,90792.53124,91164.03607,91673.00022,92049.44308,92533.94214,92949.0314,93426.79311,93855.50175,94221.48564,94550.26424,94996.35178,95542.44359,96245.65859,96867.82129,97629.74388,98543.64177,99610.97532,100716.2105,101643.903,102575.8351,103455.435,104377.1506,105358.6664,106477.2393,107777.9036,109054.7821,110352.6633,111757.977,113149.9824,114416.3795,115629.697,117005.0786,118357.2882,119619.9585,120937.5744,122479.9125,124242.7163,125861.7328,127467.8188,129081.9393,130731.0044,132387.1501,134018.0166,135868.3925,137915.7968,139820.068,141787.995,143744.8773,146115.6949,148596.1875,151394.4733,154267.1244,157119.1437,159955.2911,162817.8711,165897.528,168749.7143,171840.6543,175375.6368,179852.3169,184472.1114,189302.7736,194536.8493,199560.8217,203956.1951,207257.1,210623.1577,213511.2359,216669.1417,219471.3305,222439.4499,225698.3131,228896.4571,231655.5332,232842.5304,232941.5336,232267.8502,231136.0034,229472.4485,227355.1449,225019.7789,222584.7526,219727.8022,216041.4163,211976.0237,207901.5981,203756.667,199815.7094,196141.1839,192790.848,189355.5952,185543.7702,181498.4301,178039.3493,174430.3408,170994.864,167221.1158,164052.6541,161085.4126,157943.3539,154413.2443,150915.0432,147246.8607,144469.8959,141764.5019,139863.2982,137472.103,135075.7971,132505.2048,130532.6712,128886.812,127168.8728,125635.8505,124466.3156,123887.0773,123181.7996,122646.8005,122006.9316,121903.9329,121866.1048,121639.2644,120838.0751,119822.1534,118995.3934,118345.6135,117545.031,116688.9628,115694.357,114580.096,113562.0577,112423.2382,111642.3523,110845.4314,109939.4903,108749.8891,107687.3197,106964.7434,106354.0449,105871.3637,105538.0486,105311.6867,104864.9973,104230.8845,103691.753,103453.446,103628.5053,104034.8173,104388.1363,104876.8841,105596.8533,106494.196,107576.0734,108895.8367,110334.6898,111843.9823,113313.7133,115273.6124,117387.9144,119505.4806,121462.4135,123369.0656,125451.0171,127438.6269,129556.7508,131718.1997,133878.9127,136003.5117,138100.6101,140479.6133,142632.6217,144771.113,146520.4486,147976.0487,149265.4687,150863.6535,152820.1621,154899.4259,156636.8992,158168.5844,159508.6087,161007.8039,162521.0636,164467.5628,166430.4378,168609.349,170604.7914,172764.0455,174410.4716,175775.643,176809.1131,178060.427,179460.7032,180663.9927,181594.44,182075.7387,182677.1731,183505.7393,184714.9811,185705.5106,186333.9227,186581.8141,187090.5077,188010.6186,188980.4604,189574.0833,190239.5988,191154.7472,192258.1546,192980.7301,193622.5449,194489.0489,195739.6098,196869.0705,197862.1566,199021.0863,199994.1585,200984.6505,201727.1544,203135.0767,204506.9818,205869.4629,206996.201,208299.8573,209701.5163,211189.5224,212564.397,213609.8393,214015.9356,213857.5855,213716.3405,213810.366,214456.1837,215213.4842,216305.2594,217692.9495,219433.9693,221537.9805,223580.7816,225326.3697,226203.953,225854.7661,225012.7984,224619.2025,225423.9926,227303.5661,229561.4065,232415.9852,235278.8628,237970.1724,240470.1247,243172.1578,246349.7335,250326.0739,255526.682,262050.2236,268677.9413,274916.597,280699.5195,286549.2882,292597.5946,299105.5759,306192.1109,314166.9227,322895.8841,331985.7896,340392.6484,346501.9385,349527.0584,350333.5703,350499.9789,351014.1125,350865.0459,350561.9697,350099.5876,350489.3889,350949.1678
70793.19902,70924.32399,71094.54421,71443.04628,71862.40057,72453.3506,73048.16764,73501.86769,73843.7146,74169.36249,74626.90226,75047.85666,75358.38235,75674.35584,75967.97625,76440.50771,76993.85232,77560.6805,78063.38813,78474.58513,78861.43255,79270.4379,79678.92967,80138.11329,80517.83374,80895.10813,81330.30151,81934.46749,82746.99834,83620.44049,84476.46294,85327.62967,86156.59122,87019.20991,87812.02652,88570.18528,89351.22231,90104.27323,90973.43458,91896.72403,92904.80435,93917.32365,94789.22155,95479.22646,96161.8935,96967.26778,97798.60424,98534.53411,99159.98171,99899.02203,100751.3105,101933.2806,103403.8766,105208.751,107172.2309,109216.1832,111211.1305,112870.4081,114642.319,116499.4848,118727.127,121107.6068,124139.6386,127447.7618,130860.1466,134092.5568,137716.6818,142389.5802,147146.5135,152186.6767,156641.7152,161414.2963,165979.9093,170154.5734,174767.8028,179007.7628,182551.2046,184174.2498,185426.115,186150.2586,186308.2057,185244.3966,184336.1755,183058.1352,182000.3677,179611.5042,177544.1221,175332.6553,172611.8277,169018.9545,165169.7932,161979.9453,159134.4061,155158.9987,150429.0399,145978.5643,141931.0766,138770.3452,134959.5105,130990.28,126477.7324,121598.2989,116032.5886,110072.6483,104453.2012,99139.97619,94394.01422,89378.26488,84840.4522,80754.15747,77225.63424,74214.1875,71004.36744,68184.60247,65693.23094,63815.46092,62036.72105,60391.15781,59115.11309,58103.53617,57264.02082,56299.99778,55610.43526,55223.4156,55198.21603,55310.73665,55363.69106,55221.80375,54829.96764,54236.19305,53585.19936,53150.02484,53055.58447,53343.87272,53681.69947,53912.36681,53970.7409,54137.3497,54352.22345,54603.90637,54869.42837,55308.05959,55896.77169,56437.97658,56895.12722,57271.6395,57694.40936,58371.79396,59354.81043,60572.60703,61854.21645,63028.68074,64174.96909,65206.94558,66123.80513,66984.36012,67952.00852,68974.34976,70073.82997,71333.24179,73000.1887,74684.14137,76180.36661,77510.44907,78960.41733,80516.85277,81792.97639,82891.95134,83791.75825,84634.89443,85421.33638,86325.71238,87379.37902,88391.79938,89432.34124,90468.22606,91519.8121,92368.15391,93280.32174,94414.14166,95675.05762,96802.17256,97734.86246,98598.75298,99657.47114,100880.9186,102346.9772,103946.2649,105683.4296,107540.8123,109313.6961,110926.1385,112407.6582,113893.1655,115459.2214,117183.895,118878.7951,120290.0588,121394.1419,122570.1941,124176.5369,126097.8868,127800.0208,129130.6933,130199.5057,131274.7365,132408.9381,133360.3978,134190.1692,134985.0963,135715.8562,136345.5387,137077.3898,138209.1936,139630.5836,141011.7581,142179.4307,143216.0715,144108.8182,144721.7561,145378.5819,146130.4871,147162.0242,148250.5169,149347.2673,150440.0164,151444.544,152441.4182,153292.6299,154096.7942,154734.3718,155270.9907,155485.8203,155595.4874,155626.643,155769.8537,155868.7519,156338.6186,157091.5174,158190.42,159279.661,160270.2505,160919.4844,161251.5374,161304.1439,161469.9381,161812.7334,162747.1958,164191.0637,166123.5794,168468.2119,170911.9123,173327.372,175598.5699,178275.7099,181455.0374,185494.9974,190236.8955,195150.1856,199840.0033,203944.1502,208102.2099,212239.8258,216537.257,221882.2452,228364.9792,235836.4019,243293.4094,250326.7296,256859.6638,261866.1216,264858.6138,265697.6483,265523.2008,265201.3333,264591.9085,263831.1168,261387.0645,258551.2646,255614.4856
84853.34052,85065.19224,85336.80754,85907.9373,86511.3466,87105.29618,87607.09377,88179.56091,88756.02188,89484.16641,90204.10616,91021.14638,91672.98197,92458.41013,93615.71959,95108.81728,96994.33665,98965.04304,101155.3508,103382.6522,105734.2077,108221.8982,110433.6074,112348.7129,113839.7293,114997.1606,115687.5431,116312.5568,117055.9038,117875.467,118683.5665,119635.8669,120698.4904,121928.247,123071.8396,124353.2073,125399.8603,126447.7677,127784.7432,129445.4621,131330.4014,133073.3543,134903.975,136608.1174,138374.6655,140062.6545,141878.4747,143521.7756,145052.8345,146475.6125,147932.3077,149838.3281,152391.6669,155444.9735,158456.3116,161639.4139,164910.7846,168036.8232,170630.5246,173168.1606,175773.9656,178796.0485,182632.3928,187121.8733,191997.1434,196534.0344,201346.0231,206127.7329,210721.844,215233.9115,219325.4116,223256.0421,225957.9038,228078.0153,229912.9969,233233.9313,236892.6881,240777.1609,243249.9105,244812.6308,245637.946,245589.885,245625.1731,244992.734,244516.993,243584.9337,242593.3785,240513.7121,238010.4868,234772.1961,231428.091,227582.8859,223789.565,220333.5751,216535.8761,212275.1612,207861.5018,204113.9303,199594.3528,194850.6942,189102.1343,184228.274,178563.0379,173160.501,167546.2655,161775.0725,156393.4557,151421.8404,147570.5581,143904.9105,140499.1568,137578.5713,134336.6378,131343.0157,128781.6708,126817.6028,125001.1717,123831.6808,123255.0295,122997.1104,122464.9664,122506.4092,122645.6922,122683.4258,122272.6932,121516.1857,120822.7141,119878.4626,118854.9645,117576.1406,115956.27,114350.7044,112807.1189,111897.5057,111290.6693,110591.7698,109701.9789,109020.7778,108491.8816,108309.9708,108272.1535,108314.575,108436.9913,108589.1801,108810.2521,108910.7547,108924.7439,109096.064,109708.458,110417.0899,111054.0529,111356.3808,111714.7706,112073.2318,112806.3291,114136.011,116293.5911,118648.8678,120859.5676,122626.2651,124456.0733,126007.7824,127416.2629,128745.1941,130206.5043,132045.4457,133725.3022,135571.7649,137525.9284,139471.8975,141341.463,142845.0999,144579.9578,145895.4973,147345.0616,148659.7083,150078.4242,151088.4962,152132.883,153284.3134,154662.22,155839.2044,156971.1788,158057.623,159299.6221,160375.0981,161468.5623,162623.2364,163846.8711,165356.919,166386.5406,167036.1181,167444.3985,168115.931,169471.3943,170945.8127,172591.7253,173996.2664,175206.5694,176429.7188,178015.8661,179959.8455,181390.8784,182021.1516,182586.8858,183869.1743,185733.4768,187539.291,189104.3856,190990.3724,192876.8784,194865.897,196672.878,198470.1588,200694.9831,203341.1087,205483.3584,206601.9054,207349.9328,208235.9965,209714.1251,210815.8693,212621.5398,214194.6275,215736.3043,216688.5208,218199.7051,220271.6267,222367.8537,223609.33,224187.0291,224470.444,224612.6161,224950.7059,225351.768,225992.2345,226695.2223,227861.7211,229725.8258,231834.3341,234024.3801,235890.57,237287.6629,237954.1524,237356.4429,236666.9883,236763.5306,238004.0111,240170.0912,242612.7081,245843.6256,248897.098,251805.3091,254341.5714,257115.5062,260291.255,264150.4387,268681.0024,273680.1151,278324.0722,282236.3076,285890.2604,290272.3607,295458.0055,301568.9446,308093.3391,315120.8605,322258.7415,328857.2324,335471.4102,340441.9867,343548.4289,344744.5792,345805.7556,347738.1998,348980.8214,350178.4126,350661.0434,352024.4235,353176.4829
66311.63584,66574.14061,66840.67864,67350.64193,67759.40789,68149.04013,68515.07416,68897.85818,69259.77653,69595.85055,69917.72399,70292.53997,70671.60833,71075.03239,71391.01365,71729.99776,72148.91876,72667.76997,73345.19461,74139.6682,74974.85232,75699.13926,76369.54194,77075.34383,77825.07588,78604.66226,79347.27264,80109.22038,80838.66334,81683.39096,82633.20645,83671.75012,84639.75765,85564.00422,86417.97079,87459.81612,88681.06063,89999.11167,91365.42271,92777.7828,94153.47153,95349.46351,96373.17458,97535.21663,98810.59712,100117.5062,101332.9931,102362.6147,103434.2326,104456.4619,105674.5192,106876.8953,108345.7765,109963.27,111809.6689,113759.311,115631.4199,117517.1493,119365.7496,121496.9957,123601.4356,125681.208,127688.0372,129663.2574,132229.548,135306.433,138652.5007,141849.8528,145289.7819,148661.5283,151609.3293,154143.2945,156901.0446,159694.0967,163077.8848,166785.3547,170741.8006,174086.0525,177146.5512,179798.419,181962.7829,183551.0602,185174.7989,186850.624,187993.6571,188980.5291,189267.5064,189746.8384,189811.503,189771.4317,189463.5549,188910.674,187632.2902,186518.808,184983.9356,184115.3966,181380.1015,177883.8412,173545.6906,169704.6294,166250.2788,162801.9675,159331.7952,155396.7792,151108.4951,146627.9151,142488.7001,138589.6736,134438.9843,130266.1761,126231.871,122875.4393,119927.0645,117097.5936,113429.0443,109758.2383,106481.5479,104608.3071,103263.7455,101413.8662,99673.32446,97811.44092,97081.47063,96953.95115,97144.40893,96490.43899,95277.70249,93708.81943,92436.5884,90824.87079,89428.34033,88183.55881,87251.37284,86339.08795,85495.27933,84662.44439,83891.92504,83154.61938,82543.75976,82108.33235,81799.72943,81896.19643,81905.55111,82167.09208,82142.20899,82031.60503,81464.72794,81127.03233,80964.70458,81541.8958,82492.0837,83808.18556,84981.75343,85864.46215,86851.18588,88200.80115,89815.13879,91395.78815,92838.75976,94453.58409,95914.97555,97267.65536,98785.65591,100450.3563,102079.0469,103835.9454,105504.328,107308.2163,108781.1151,110678.8247,112678.0645,114917.5069,116937.617,118841.7646,120960.6284,123155.6111,125393.1997,127039.2463,128441.1148,129797.6027,131352.7861,133070.5705,134706.9592,136782.1749,139131.5649,141791.8244,144136.9581,146200.2468,148262.5525,150221.6932,152226.5579,154230.5583,156412.4004,158578.5764,160603.2126,162717.2288,164799.7621,167307.2944,169726.6251,172277.2117,174772.5822,177508.2813,180121.9673,182381.4601,184575.3617,187231.112,190305.5181,193344.3392,196071.2897,199005.9848,202233.1749,205610.8789,208527.2915,211387.2148,214482.4354,217824.2421,220656.7862,223101.5134,224906.2105,226807.9562,228828.1677,231511.4971,234257.1054,236600.0252,238645.0515,240741.6762,243016.5013,245005.3053,246442.7052,248122.6881,249728.0327,251447.4843,252457.3672,253445.8142,254629.6605,255998.4748,257531.076,259351.7315,261698.6132,264112.5708,266658.709,269296.1988,271839.9995,273746.9275,274745.2359,275423.3783,276391.6999,277983.1988,280675.4742,284005.3369,288200.0252,292255.7671,296614.4064,301207.2673,306116.1944,310374.4384,314564.1613,319137.9296,323339.0785,326098.5757,327502.7908,328711.2847,330976.782,333758.4692,340172.2608,349489.1887,360907.5438,370765.4933,378310.3574,384805.6753,390093.3481,394037.2979,396781.7476,399058.0203,401120.0626,401873.3574,402408.7273,403754.7946,406806.9395,410279.4842
121256.7506,121487.6552,121814.3723,122431.8515,123016.7537,123566.1858,124100.8598,124844.7763,125666.664,126716.7591,127756.0131,128891.8597,129698.6147,130577.994,131834.648,133447.3135,135346.1596,137386.0191,139795.1398,142464.5079,145113.481,147891.2299,150407.6757,152664.5393,154382.1714,155722.52,156817.9139,158122.2622,159687.6351,161308.3966,162957.1688,164780.8176,166784.9163,168848.5116,170736.055,172625.7797,174216.5146,175780.7217,177666.8315,179864.4955,182323.2833,184632.0602,187150.3613,189579.7298,192179.9546,194614.6631,197150.291,199336.2696,201391.2474,203193.8819,204900.0784,207021.4596,210019.2129,213680.9594,217380.5543,221190.5843,225221.8077,229084.4719,232383.9317,235556.7957,238788.4564,242563.7593,247204.8557,252518.0282,258256.3755,263672.9514,269597.3175,275599.5614,281342.7194,286903.8027,291786.4153,296610.3603,299929.6427,302667.4636,305053.901,309141.3407,313504.4633,318340.8177,321764.5597,324296.4768,325854.2158,326584.9049,327500.533,327665.4671,327728.3019,326916.3028,325495.2444,322767.5121,319532.8462,315448.3349,310813.3234,305431.2251,300232.2042,295532.8865,290550.6608,285124.9882,279552.9006,274604.3184,268794.539,263430.9634,257241.5583,252405.634,246430.7668,240372.9642,233785.6883,226849.3447,220756.283,215516.5363,211535.3588,208104.2131,204734.0897,201793.4036,198108.0745,194617.6234,191931.915,190252.8213,188758.3731,187666.4369,187144.6114,187083.765,187419.0582,188386.6075,189541.085,190081.8574,190168.4744,189896.3673,189713.6796,188907.4154,187894.3231,186232.3924,184674.6641,183317.5303,182381.5388,181812.3992,181284.2171,180599.3628,179494.8764,178328.5259,177373.5035,177013.8572,177124.2843,177192.0898,176797.114,176012.55,175372.3416,175238.4553,175505.5569,176023.1704,176735.0346,177449.2693,178091.2098,178875.5339,179843.5349,181216.2638,183259.1928,185980.4988,189432.5838,192758.7632,196042.6639,198598.4671,201502.1493,204121.9364,206675.6392,208893.9543,211153.3738,213798.7963,216392.9944,219182.8762,221768.5101,223900.5157,225941.0458,227994.7823,230835.8635,233246.0292,235516.6267,237136.8523,238870.9162,240544.4911,242328.9398,244126.5082,246015.913,247846.5074,249745.6143,251399.1867,252761.619,253745.59,254913.5138,256643.8779,258649.6785,261059.7523,262727.5927,263710.3231,264079.3165,264795.0908,266194.7238,267920.668,270185.0392,272549.6839,275003.1929,277140.5444,279459.8861,281989.6368,284103.4112,285427.3973,286554.6123,288232.1726,290816.8145,293492.6456,295885.8709,298163.4942,300043.4356,302125.5534,303857.4953,305790.357,307997.4349,310824.8042,313184.4563,314339.414,315080.5959,316055.4444,317844.6909,319391.6036,321234.6764,322728.9313,323964.5469,324928.0541,326445.6565,328625.6901,330613.0624,332021.0902,332724.9834,332964.9377,332649.4235,332379.071,332314.0628,332489.8106,332744.0201,333589.3139,335622.6631,338287.91,341260.9021,343508.9804,345295.6824,346130.0642,346043.1581,345587.3449,345844.1793,347231.681,349869.5006,352869.6678,356899.7358,361074.5201,366074.5622,370818.7924,375384.1638,379257.0912,383846.2149,389239.3609,395771.5524,401890.2624,407652.1937,413064.6427,419309.9351,426311.9552,433950.2971,441296.3307,448622.3018,456009.2213,463319.3618,470102.244,475449.2671,478446.5607,479352.5165,479963.2488,481165.9541,481864.0073,482647.5078,484240.2499,488250.2086,492875.6169
127030.6086,127326.8244,127728.3792,128438.9833,129199.5638,129952.3823,130667.5744,131351.6681,132072.2939,132789.7529,133452.3346,134009.711,134550.9464,135053.7747,135574.6637,136232.9434,137077.2035,138033.5626,139007.0702,140019.8182,140955.4359,141999.0527,143044.1433,144110.7712,144994.8748,145775.4625,146586.2636,147375.5529,148184.8796,149077.9437,150038.5349,151086.8182,152026.4305,153008.9417,153955.7422,154831.444,155675.9276,156558.5541,157629.6996,158884.929,160121.9879,161405.6544,162662.4546,164021.5197,165221.6637,166434.8576,167668.3997,168956.9272,170245.0203,171584.8125,172936.8166,174480.328,176206.6029,178336.5334,180645.0172,183383.9478,186022.6244,188705.7833,191084.0651,193588.8226,196326.2521,199474.5097,203113.8586,207283.0156,212072.558,217669.8689,223987.463,230407.5934,236414.7424,241689.2978,246980.837,252804.1173,258779.9959,264598.9385,270142.7604,275776.5542,281231.8818,285913.306,289550.0007,291677.999,292336.821,292995.5934,292893.426,292772.9896,290797.5542,289622.8992,288379.1152,288188.8004,287644.9141,286278.4585,284003.1759,280881.8356,277686.7322,273844.0325,269992.1896,265463.9765,261616.4432,256340.6593,251361.1293,245666.6017,240119.0755,234507.4477,229407.271,224892.5614,220859.6157,216269.2669,210463.7296,203522.585,196123.2513,189846.2091,185281.3491,181274.5892,178250.4241,174739.0328,171813.4302,168487.6004,165419.4621,162883.1554,161761.5771,161511.8293,160600.2096,159247.9612,157600.1214,156347.5378,155148.0795,153958.8835,152766.9414,150955.5061,148746.9258,146773.1408,144900.4591,142914.5711,140874.9057,138853.5354,136708.8981,134431.9333,132408.3596,130778.8624,129355.8538,128471.1945,127931.2819,127432.8413,126828.9174,126357.9478,126580.1304,126831.3537,126934.0441,126798.7968,126753.1215,127233.3743,127833.3827,128730.5275,129960.9288,131418.484,132974.4755,134680.2935,136441.215,138113.7766,139638.3717,141474.5441,143779.2487,146465.6837,149071.267,151639.6278,154201.4669,156991.2594,159613.5992,162105.1042,164479.4878,167021.0503,168988.3263,170425.783,171427.0221,172516.012,173728.1269,174870.3257,175972.8312,176695.9037,177622.631,178627.6634,179839.1779,180916.6497,181881.0567,183155.5149,184495.8467,185787.8148,186862.66,188009.8247,189477.5348,191198.8772,192885.8923,194472.6405,195994.7438,197726.91,199240.7753,200843.6281,202231.5054,203762.2666,205029.0958,206558.3126,208479.5226,210622.1706,212341.9096,213795.2812,215355.9634,217220.5184,219156.9375,221175.3614,223089.019,225135.9141,226877.3115,228675.7301,230359.5964,232098.2777,233603.5305,235185.7029,237038.8417,239250.6524,241495.7483,243471.2528,245054.9842,246203.7737,247407.5688,248620.4053,249890.5833,251007.7227,252030.217,253131.9458,254508.2765,256426.3811,258354.6478,259674.8085,260659.8042,261528.6068,262533.493,263267.4338,263813.9426,264550.2782,265698.8125,267295.8701,269164.1217,271051.1769,272939.2659,274473.971,275212.3279,275591.3081,276184.6936,277820.7978,280135.5582,282821.8132,285783.8099,288896.2473,292388.095,296211.4977,300414.3978,304700.7425,309412.3667,314895.8895,320123.0013,324923.759,328905.828,333450.3118,338436.8479,343910.7042,350770.0731,358741.6858,367419.2759,375427.6018,381964.1895,387571.3246,391371.2898,393376.5341,393261.79,392320.1431,391101.3332,389286.9062,387127.082,385204.4219,384695.1162,385187.6347
148641.2581,148969.1392,149307.404,149932.6035,150662.6306,151430.0538,152325.788,153100.938,153853.5197,154610.8804,155391.457,156185.0931,156752.4386,157291.3237,157877.1368,158744.6045,159636.8103,160466.1108,161143.7998,161827.9398,162458.2722,163017.62,163545.6602,164141.846,164635.6822,165115.487,165749.263,166669.3191,167637.262,168395.5174,169160.6261,169925.1338,170732.2522,171455.8984,172222.7006,173019.2594,173702.2515,174346.2287,174983.4732,175671.9845,176287.6642,176975.2418,177721.5981,178561.4045,179374.7116,180292.4792,181483.169,182887.3707,184409.3989,185725.5532,187033.1965,188494.3681,190509.4535,192865.4477,195723.1572,199218.6292,203100.4406,206662.2626,209357.7876,211911.6482,214926.2046,218452.4173,222903.2413,228750.0997,235575.9656,243158.8779,251846.0144,260288.4606,268474.2023,276331.862,284300.5772,291478.9269,296875.2294,301203.8434,306599.4111,311742.9145,315986.6618,317751.1539,318274.6371,318546.8441,317430.5588,315385.5511,312931.6062,310771.837,309070.4613,307507.1731,305961.1057,304760.6448,303836.7348,303029.2919,300913.9217,298504.0071,296129.0118,293630.565,290734.157,286683.7499,282268.3515,276918.1903,270124.6878,263421.9848,256574.6408,251295.0655,246841.6393,242320.8105,237766.0635,232879.4864,228111.8026,223636.2719,217843.5417,212324.7894,208260.8037,205221.738,202667.3032,198603.5416,194579.7883,190198.3554,186026.3881,182602.2153,180549.1955,180105.8017,179786.1483,179127.1743,177950.466,176924.4148,176040.2077,175249.7229,174858.9187,174907.6876,174858.9574,174112.8663,172563.2401,170184.6944,168548.4838,167257.4554,165716.2881,163529.9167,161690.9807,161221.8281,160461.9254,159134.2619,157211.7351,156278.8949,155888.165,155925.6415,156010.6295,156645.3009,157569.1275,158828.7848,160118.8766,161525.6677,162759.8987,163900.9807,164923.4159,166046.6274,167088.5691,168362.0973,169680.5086,171259.964,172970.5346,175102.6066,177460.9628,179900.7695,182328.2437,184949.113,187840.1861,190560.8936,192665.2675,194338.1856,195947.9989,197905.0519,199727.4907,201219.5608,202588.6533,203840.9065,205342.9169,206634.6443,208086.1034,209298.1417,210624.1437,211888.0391,213139.341,214402.62,215618.5098,216694.0569,217645.3531,218594.4892,220072.8452,221787.4549,223791.7102,225594.2411,227386.7882,228980.971,230583.1647,232021.6743,233170.1925,234316.578,235542.7402,236914.2346,238179.7212,239567.651,241277.7843,243007.0259,244282.2709,245227.6744,245955.3412,247039.2527,248266.802,249940.8112,251471.2685,253079.3012,254794.2239,256581.0677,258424.032,260011.4715,261325.0584,262479.6284,263559.3934,264967.9859,266605.5059,268396.8043,269995.6663,271291.8322,272826.313,274798.0943,276954.5867,278641.6719,279884.5443,281192.6886,282360.7593,283598.8003,284378.0172,285324.2329,286030.2778,286774.067,287539.0511,288400.4144,289467.2358,290535.3738,291937.866,293368.0451,295072.1177,296322.269,297497.0451,298197.4477,298354.4091,298359.601,298762.9547,300389.2937,303077.2481,306195.6859,309713.7335,313085.5653,316705.5835,320339.0384,324298.8111,328483.0989,333163.2159,338499.7385,344033.4336,349627.3919,354932.3417,360470.4481,366624.2395,373341.0226,381243.6834,389640.4091,398198.0927,406092.9326,413188.6749,419818.1732,424504.8038,426508.8929,425591.318,423837.5218,422019.0519,420181.253,418238.0791,417125.7462,417387.7928,418498.1509
74250.25201,74402.65788,74570.55699,74924.28889,75245.82893,75563.97964,75865.20389,76280.4514,76749.58821,77313.49777,77888.53163,78539.84109,79039.49755,79614.25046,80463.4881,81574.79311,82869.45049,84172.71005,85672.6142,87371.58054,89141.17821,91057.69934,92709.63169,94185.13386,95303.81306,96238.76334,96871.18513,97467.84054,98070.08896,98761.67575,99438.90461,100239.849,101154.3437,102185.3263,103207.899,104228.5292,105046.8309,105799.4841,106758.3211,107975.0018,109398.0047,110775.8312,112261.6868,113708.7224,115149.5456,116492.7054,117826.449,119043.1953,120185.8052,121266.9253,122299.7679,123592.0822,125342.9807,127515.3228,129672.6965,131935.7195,134289.6118,136567.3023,138488.5596,140357.5209,142259.4991,144440.9203,147238.7148,150512.3234,154128.1601,157557.1163,161327.9393,165209.064,168964.6228,172626.1837,175931.706,179132.015,181413.6668,183306.8066,185069.6934,188072.1135,191381.0683,195098.5857,197903.1593,200148.9855,201737.3452,202703.6243,203711.8721,204145.6985,204456.2286,204161.9641,203553.3286,202067.8996,200308.8506,197988.3336,195438.542,192479.5991,189619.8785,186935.5848,183827.9398,180404.2742,176965.9138,174121.1485,170609.6066,167203.5337,163142.7045,159867.5299,155563.1343,150970.4027,145916.892,141058.2204,136849.3377,133027.1972,129685.6805,126480.2727,123554.0587,121158.5298,118451.9157,115847.7503,113452.699,111602.5227,109967.068,108733.2508,108009.8611,107386.6125,106903.5203,106793.6473,106949.3754,106860.7652,106318.7831,105471.1589,104691.1028,103657.3674,102627.8093,101256.0496,100041.2713,98907.0052,98248.5149,97702.31808,97263.38767,96500.17811,95725.53756,95054.80852,94701.12485,94559.21603,94498.53039,94310.45752,93999.81174,93719.27649,93520.53922,93442.4901,93354.36124,93410.81437,93662.32575,94033.94514,94436.34973,94871.55456,95396.1685,96087.54041,97237.30569,98871.10014,101032.754,103094.5946,105214.1839,107022.5195,109256.4026,111294.8013,113347.5968,114996.2821,116650.0747,118772.1642,120961.7524,123219.242,125184.6097,127252.1707,129320.4323,131275.5454,133503.2833,135403.1666,137346.5754,138923.8417,140610.0153,142148.2821,143696.1991,145282.0967,146858.0409,148199.2145,149440.7427,150674.0082,152089.9812,153285.571,154316.1878,155475.771,156756.0774,158337.3314,159445.384,160482.2869,161332.0504,162568.3717,164139.0907,165871.0194,167685.5105,169545.2305,171439.3189,173490.8209,175635.1149,177893.9383,179532.2911,180641.2019,181681.4017,183460.9951,186024.4874,188580.5508,190911.259,192893.756,194824.8744,196841.771,198808.7688,200815.4758,202984.3978,205690.3964,208097.7526,209633.3582,210602.5002,211504.856,212781.4989,214154.0117,216036.2025,217969.2571,219816.687,221257.9749,222858.02,224588.0827,226190.6113,227228.2969,227560.0816,227695.2296,227536.405,227544.8819,227645.8669,228156.0882,228848.2812,229824.6344,231244.4925,232974.9836,234951.753,236570.9271,237963.2959,238796.1467,238983.3154,239060.5043,239804.6658,241576.9665,244048.6142,246577.4513,249740.3919,253173.6841,256789.7941,260120.1073,263407.8418,266673.1858,270307.942,274464.8609,279459.3018,284605.6961,289536.4148,294045.0613,298969.0786,304209.1022,309842.6184,315370.0849,320973.257,326724.2714,331909.5829,336787.0798,340784.4656,343705.256,345423.4301,346788.3946,348537.4547,349817.7703,351211.5908,353004.5427,356079.0362,359436.8911
121210.7216,121400.1078,121704.018,122395.505,123138.0002,123845.8726,124423.0308,125169.0475,126010.5602,127121.7591,128322.0249,129665.46,130698.1918,131756.1247,133275.5796,135185.6089,137380.4779,139528.5541,141968.033,144611.0254,147327.4424,150273.1919,153059.0328,155539.0154,157369.7827,158717.076,159759.6804,160978.0158,162467.5437,164155.8874,165879.3175,167685.573,169545.3273,171464.1183,173273.7447,175130.5392,176713.9774,178258.6111,180088.9386,182199.0884,184592.1779,186912.6714,189534.4334,192201.3256,195000.1781,197577.2165,200061.318,202215.4992,204219.892,206172.4617,208079.9171,210476.8238,213526.903,217215.8948,220890.5451,224737.1853,228742.2789,232486.2213,235567.0653,238498.6387,241534.0405,245211.5499,249896.2788,255308.2463,261089.7748,266478.6407,272347.5665,278416.4189,284312.9504,290131.4618,295251.0349,300232.0529,303692.9012,306536.9313,308778.9012,312594.0321,316593.9206,321193.9278,324306.6922,326599.4623,327812.6066,328129.1863,328611.6772,328599.8129,328531.9546,327653.6719,326019.3019,322996.6326,319415.5976,314925.7849,310184.534,304741.0703,299407.9975,294383.6296,288939.943,283008.23,277010.0184,271687.3089,265693.2953,260326.8793,253840.3207,248740.6323,242606.5389,236552.6955,230578.954,224372.1707,219160.4155,213967.2375,209834.4794,206229.8061,202880.2722,199756.5648,195994.9331,192491.4478,189756.426,187851.4126,186163.3004,184917.2304,184504.4777,184485.5434,184828.6671,185717.4256,186784.8469,187210.8036,186984.6696,186123.1714,185270.4943,183842.3455,182291.2979,180214.1328,178227.9581,176665.0942,175520.7658,174907.7076,174581.7526,174283.9431,173710.5138,172950.3048,172260.4755,172051.7836,172043.4995,171947.8485,171888.8917,171873.6885,172118.7713,172129.2863,172158.8875,172295.1016,172866.3026,173544.187,174205.5715,174889.7261,175705.9473,176906.8615,178811.2945,181488.8238,184752.5894,187640.1982,190294.2475,192596.7084,195508.4261,198205.6523,200958.0197,203433.9764,206142.8082,209126.8919,211832.6762,214615.305,216967.8871,219173.9267,221341.3353,223470.8342,226392.4452,228926.6088,231492.115,233446.6539,235283.4,237008.3888,238642.5286,240384.0214,242050.3074,243743.5127,245424.1145,246938.9732,248301.9315,249428.6736,250707.8208,252298.4264,254075.6028,256307.7164,257571.7236,258090.9688,257956.3074,258420.4152,259730.3844,261373.9718,263377.8894,265483.8806,267466.3878,269250.282,270975.3528,272976.1782,274401.1042,275123.9449,275885.1126,277685.0365,280445.7548,283063.5361,285237.4051,287132.8401,288835.8321,290621.0678,292398.4294,294318.6773,296327.4076,298806.535,301163.3784,302530.652,303467.1085,304321.1082,305879.4405,307467.1096,309425.1064,311141.5005,312357.4612,313262.9098,314486.7291,316301.6817,317897.4738,319092.5901,319816.431,320303.0176,320313.6857,320235.2859,320143.7986,320435.7883,320785.6359,321761.7698,323617.3315,326073.6339,328809.3325,330980.8728,332947.7155,333888.3336,333982.6882,333563.7364,334215.8708,336150.8606,339466.9892,343374.6036,348279.4557,353289.5504,358378.226,363219.0209,367968.829,372677.4826,377827.8464,383700.7021,389908.7559,395257.7638,399534.9902,403161.5507,407885.1775,413881.0753,421580.4845,429677.8463,438473.0333,447541.2418,456214.6749,463949.5106,469837.4724,473420.9415,474584.0252,475211.0196,476276.4821,476664.1264,477248.8682,478320.8176,481278.0651,484540.6899
77277.81285,77551.24304,77818.87825,78361.7801,78926.8039,79289.49884,79556.95999,79704.0949,79946.05926,80261.49879,80760.90789,81400.42012,81949.18499,82436.30265,82923.80637,83505.97698,84060.64707,84591.52227,85128.79922,85679.39524,86266.4728,86926.76926,87496.83341,87953.26027,88369.71928,88815.29809,89343.1559,89902.31006,90565.04762,91389.00737,92251.96985,93249.26098,94120.19159,94987.74855,95778.49466,96630.27845,97522.61922,98535.19006,99688.84599,100900.7737,102082.4433,103318.5283,104692.9039,106217.3217,107790.9613,109318.9691,110743.2295,112074.64,113378.7665,114722.0595,116248.0662,118059.426,120112.9406,122480.7963,124908.8991,127363.673,129921.9047,131913.7901,133533.7422,134660.4454,136298.8992,138427.8344,141225.3376,144668.4222,148591.6755,152988.0693,157393.7661,161909.5962,166618.4732,171035.0626,175006.5715,178337.1955,181431.8188,184474.1068,185178.1902,185336.5097,185934.2122,188379.3487,190534.5874,191551.2134,191448.0701,190949.738,189767.9659,188118.4509,186029.3652,183658.7723,180825.7641,177284.9909,172774.6467,167717.0368,163484.6734,160223.0126,157273.0048,153830.5036,149870.8866,146081.8423,142502.7587,140380.1792,139673.4478,139603.8233,138613.7762,136460.6285,133901.6382,130866.2816,127596.4734,124237.2946,121824.3119,120400.8398,118855.9901,116523.185,113771.2847,111029.6609,108371.4747,105902.9414,103720.7395,102016.9382,100242.5865,98736.27457,97237.70321,96251.60245,95974.23098,96629.81886,97707.38402,98148.78682,98231.20699,97905.02305,97629.04041,96857.94699,96152.88106,95647.91187,94991.09626,93841.83091,92385.38145,90661.94323,89201.04109,88020.45936,87162.9364,86401.87408,85359.41298,84944.9162,84649.43855,84934.10214,85437.91529,86330.81752,87006.66283,87544.70091,88195.86081,89448.72605,90959.65319,92260.25065,93130.59804,93528.00846,93872.37806,94494.05077,95543.76462,96939.9701,98608.2138,100181.5544,101934.9833,103792.3966,105925.0214,108010.3269,109684.0206,110782.5246,111726.6728,112811.6267,114085.8154,115303.7316,116402.1064,117474.4314,118752.2028,120051.0968,121558.9933,122796.1004,123927.7133,124686.4676,125447.7538,125999.6818,126923.5729,128006.5949,129482.2329,130735.7574,131773.5694,132784.8227,134056.1419,135607.1244,137170.0259,138932.1167,140897.4062,143080.9521,144851.5285,146391.9077,147795.0006,149401.3832,150705.6177,151966.1337,153262.7052,154741.5361,156173.3502,157815.9064,159827.5692,161868.9321,163593.5491,164756.649,165738.4405,166472.5946,167319.8563,168081.9667,168737.5033,169440.0349,170364.1169,171551.3397,172739.8368,173866.6218,175154.3488,176462.6122,177897.7707,179234.5414,180390.4214,181034.3487,181627.1283,182275.7107,183591.6287,184904.9827,186288.2324,187125.4163,187931.3299,188802.779,189917.7659,191202.7269,192083.1228,192497.8616,192533.8788,192723.5699,193384.1956,194421.2483,195584.3799,196740.2016,197831.283,199003.3405,200327.9781,201477.3636,202250.3261,202454.7325,202367.3564,202475.2907,203378.0481,205314.7531,208171.2294,211230.1199,214617.4795,217991.7251,221245.8155,224409.8295,227643.3348,231542.696,236252.7816,242293.2305,249526.3308,256776.5207,263453.7428,269286.5414,274992.6111,280530.6787,287141.969,294432.9668,302608.5772,310453.6089,318157.5564,325371.9869,330699.92,333180.1783,332536.0305,330755.2553,328524.1957,325612.0946,322119.9129,318495.4653,316067.5495,314425.6474
69061.16992,69152.25404,69090.17614,69064.94467,69070.84482,69246.17347,69503.24125,69812.08787,70121.91881,70380.97005,70533.83214,70647.42204,70799.9355,71029.24647,71482.44776,72092.27101,72663.93912,73142.45829,73608.40395,74152.31766,74748.97441,75279.39097,75878.99895,76356.82259,76718.88969,76934.66629,77243.54312,77821.18967,78549.03626,79240.79921,79902.86319,80629.977,81717.70409,82787.57934,84003.48524,84980.3853,85847.48357,86489.26434,87244.75892,88188.94484,89221.79854,90200.21041,91355.42833,92690.70466,94582.96148,95907.88159,97006.42058,97689.22971,99003.08823,100474.2963,102072.9978,103907.9204,106162.7489,108967.3981,111980.5872,115144.5194,117777.2069,119960.4311,121777.5686,123525.121,125163.3649,126908.5433,129482.6834,132736.9623,136271.8465,139431.0773,143257.0703,146491.3216,149811.5652,152079.8853,156291.6732,160132.2658,163241.9536,164645.4265,166174.8839,168618.6329,171355.3846,173576.4647,175009.0248,175732.7782,176005.7884,176430.3255,176378.1505,175820.5977,174403.5007,172439.8335,170211.4927,168271.0125,166025.435,163769.494,161042.553,158623.2087,155937.6957,152858.7871,149135.5249,145183.613,140706.0308,137340.6606,134650.0302,132644.5828,129857.094,126660.3564,122935.117,118720.4828,113602.5841,108575.5501,103640.6213,100220.8916,97869.26772,95924.57297,93644.29367,90700.34282,87780.07235,84846.20081,82278.78852,80268.90782,78467.07364,77088.8664,76063.14014,75229.96507,74608.15304,73781.38101,73578.39858,73347.25054,73594.73204,73575.39306,73481.99834,73101.43036,72613.35099,72211.10338,71940.61656,71748.64737,71274.61611,70599.90076,69778.01708,69023.74571,68366.5949,67943.92717,67466.41304,66879.397,66280.47366,65809.74278,65634.63473,65664.16646,65801.02243,66086.31582,66205.69316,66377.97422,66489.23365,66590.93533,66662.45505,66652.18313,66776.93456,67026.58645,67260.43979,67761.89507,68523.16353,69401.01659,70153.65898,70958.35862,71994.32302,73144.96777,74041.0922,74953.84434,75896.33333,77225.66703,78299.40677,79524.79626,80637.85578,81945.04008,82921.73786,83639.4653,84338.32825,85134.3627,86165.1778,87058.03413,88008.88551,88705.13581,89534.79443,90495.29536,91433.39459,92434.47658,93296.2609,94278.60222,95462.47364,96954.78652,99013.86891,101244.3223,103505.0026,105728.1392,107902.3854,109812.9719,111318.2697,112534.8023,113611.0055,114878.5793,116379.9147,118206.59,119958.9214,121744.0121,123669.8468,125681.9472,127480.9168,128875.3496,130178.1084,131670.5331,133188.2173,134670.1167,135861.8985,137160.0893,138578.1065,140245.6655,142001.847,143816.8559,145628.2144,147306.3194,148846.6616,150483.8196,152167.5293,153795.8547,155135.2889,156358.8601,157663.1848,159082.0976,160599.7391,162036.3657,163296.8234,164618.4603,166229.2127,167869.9963,169121.6025,169601.3979,169847.9008,170221.7102,170900.027,171655.4213,172220.5075,173007.7714,173958.2402,175158.2608,176313.6887,177487.491,178592.1136,179335.2343,179389.9033,179057.2128,179000.4748,179737.1825,181527.188,184029.2955,187179.1089,190496.9429,193642.8176,196505.5614,199151.1544,201918.7883,205449.3779,210053.612,214690.1111,218552.2546,221350.1309,224407.3709,228401.4762,232845.1035,239062.9314,246253.2422,254742.1958,262532.4179,269342.158,274893.4607,279008.1015,281822.3897,283421.7677,284219.8097,284360.4345,283865.4401,283034.4136,282106.2288,281835.6157,282089.5117
109051.85,109254.9212,109517.9523,110159.6184,110973.773,111856.8227,112830.9107,113634.2225,114354.3267,114802.161,115382.6247,116094.7709,116967.9864,117834.4173,118604.015,119425.5671,120267.7865,121191.3687,121621.9174,121836.6596,121934.0743,122272.7263,122782.5662,123258.2706,123808.382,124387.2838,125169.0018,126090.4815,127039.0019,127895.2394,129040.1806,130252.2061,131571.0822,132626.1188,133557.699,134424.8866,135100.0233,136022.9988,137116.3495,138577.4729,140017.7019,141690.8524,143526.4577,145359.9124,147397.9646,149550.4534,151801.3799,153908.3614,156039.7711,158119.1841,160182.2392,162302.4666,164492.7159,166764.821,169320.7156,172010.9286,174561.196,177052.1256,180050.4701,183764.8239,187308.3516,190864.825,194413.4488,198760.7511,203416.3943,207847.3582,212442.2756,217136.0329,221723.432,225847.9588,229665.2386,233304.289,236692.2534,240055.0267,243912.515,247689.0757,251013.8816,253455.5487,255156.7247,255678.1427,255665.1535,254818.3161,253984.0355,252486.9222,250512.0761,247921.1544,245260.4279,243001.9962,240520.2952,237383.0073,233774.5375,230242.0618,227411.5895,224628.2695,221757.3854,218469.0264,214825.7428,212944.7048,210956.6587,209133.1926,205626.1414,202256.0246,198929.6378,195242.2441,191191.7278,186568.3865,181766.3802,177179.5896,173728.8414,170635.4197,168318.5472,165839.1756,163409.5115,160560.3225,157672.6892,155609.6308,153603.2413,151853.505,150105.4614,148923.5199,148063.9627,147444.0226,147077.9284,146672.671,146175.3721,144967.6262,143717.1517,142031.2801,141005.516,140010.97,139735.4085,139490.2145,139252.4478,138373.6198,137188.6689,135711.4814,134796.3834,133965.4466,133526.7701,132865.0097,132269.9954,131630.4251,131001.649,129654.6085,128291.3434,127328.213,127456.3393,128280.7841,129543.1967,130909.2335,132141.9857,133140.3792,133951.6725,134777.0942,135658.9731,137014.2117,138584.6156,140148.7679,141585.8347,142974.8305,144699.5958,146884.9203,149278.0765,151887.0261,154296.4957,156701.9831,158596.3545,160287.7831,161850.3017,163237.5904,164283.1259,165046.8476,166119.9656,167442.4481,168817.9432,170049.7061,171024.3432,171692.0835,172189.3027,172981.0573,173944.4374,174687.9353,175138.3986,175630.4408,176570.6479,177933.4457,179433.3163,181275.8986,183032.717,184972.8816,186537.4467,187900.497,188937.067,189703.1362,190385.9728,191261.5308,192459.2035,194005.7134,195429.436,196927.9313,198582.226,200343.3845,201967.2672,203561.3145,204943.9762,206110.383,206817.9482,207541.3519,208083.9083,209206.1382,210275.8158,211650.9179,212751.3725,214217.0481,215952.8022,217898.3527,219753.9198,221396.8246,222600.8056,223369.1504,223839.1243,224374.2033,225415.6323,226612.6738,227790.0098,228744.0894,229635.7947,230794.1796,232283.5405,234220.1835,235878.9224,237188.9414,237756.8656,238249.4948,238653.6079,239404.0717,240032.7766,240764.6997,241673.6338,243028.1387,244771.5609,246296.7271,247366.6898,247702.1558,247431.4818,247414.7558,248009.0659,249898.5554,252558.8919,255539.6229,258730.586,261966.4617,265588.2437,269512.5426,273768.7037,278395.5856,283398.1297,289290.805,295821.1936,302684.7464,309149.4111,315091.3732,320811.4756,325993.7514,332079.9852,339009.8129,347078.7145,355188.8193,362655.9485,369028.8112,373120.0252,374413.0578,373091.9887,370508.7181,367656.2476,364486.1012,361879.685,359442.2299,358239.291,356682.9532
97449.65811,97554.61334,97785.74611,98174.36585,98625.73252,99022.21064,99504.19962,100022.0701,100581.9725,101202.0011,101877.401,102585.128,103149.9331,103660.6963,104158.1641,104799.189,105480.3379,106188.311,106891.2489,107497.2628,108034.8391,108568.47,109177.6854,109840.0802,110298.3523,110760.8936,111155.9342,111767.4334,112420.6044,113217.6603,114007.7247,114859.0142,115704.5183,116534.8898,117322.4727,118065.1658,118822.6174,119546.2361,120237.7132,120909.9523,121753.674,123077.6496,124620.4102,126079.3562,127019.7137,127923.7947,129097.8335,130479.2264,131654.7176,132584.8844,133847.4815,135520.7069,137395.8992,139212.9425,141322.7795,143998.2069,146733.7811,149312.5564,151569.0359,154014.0109,156564.0292,159241.0719,161665.1018,164658.2479,168104.7767,172225.5723,176286.7458,180591.0818,185380.4558,190287.7793,195693.515,200959.1762,205738.8238,209866.0668,213977.9255,218558.2059,222827.0697,226942.6057,230248.9898,233017.4897,234415.5853,235316.1471,235443.136,234487.2172,233004.6548,231563.2061,231020.0121,230555.9805,229151.0359,226803.0462,223562.6209,220326.9789,217015.5129,213573.4542,209824.5942,206352.4102,202717.7883,198752.1723,193478.9512,189178.8355,185492.6234,182183.6221,178242.752,173726.7029,169693.9529,165979.2525,161458.71,156765.5996,152345.5525,149601.4434,147600.0006,144366.8321,140567.9398,136391.7141,133136.0239,130162.4583,127033.4882,123882.8051,121180.6825,118868.7172,117134.2542,115429.5148,114615.6525,113669.7465,112772.4377,111431.7069,110139.8823,108427.9128,106428.0541,104493.7796,103690.685,103149.817,102365.6754,100888.7035,98729.20927,96408.85789,94103.62628,92628.17643,91608.67709,91059.72069,90794.14877,90386.48257,89703.10884,88860.36463,88221.61899,87873.49732,87619.22449,87509.2304,87618.96676,87736.80465,88107.1087,88718.05317,89701.06,90833.23062,91792.69436,92842.1952,93828.80221,95075.89037,96743.53053,98944.87811,101389.0554,103607.0918,105600.7928,107747.5221,109818.6701,112107.2237,113882.548,115503.4265,116551.5273,117780.9926,119121.0058,120794.9467,122524.3187,123976.0294,125263.0368,126404.3031,127509.389,128395.0886,129073.1286,129851.7924,130455.4819,131221.2774,132287.3629,133707.5071,135255.0393,136633.9103,138140.6544,139820.122,141518.3718,143224.2674,144721.3153,146333.6687,147864.8769,149366.41,150865.8725,152588.7246,154347.0774,155964.9263,157264.1696,158856.7431,160894.108,163158.4041,165169.707,166847.5839,168115.3282,169161.8887,170162.6348,171682.4972,173540.7447,175593.0417,177311.3915,178914.9536,180547.2569,182496.7456,184562.3769,186732.1546,188986.4403,191199.5798,193165.3431,194777.0986,196304.1593,197675.2244,199051.3154,200146.6388,201194.8145,202135.1525,202888.981,203699.4639,204750.0346,206123.0577,207565.5875,208866.3592,209937.4517,210836.4028,211438.5355,211970.0036,212431.9665,213275.212,214475.2779,215835.2256,217509.9824,219462.2804,221523.6738,223166.791,224106.8286,224957.3847,225950.7115,227436.447,229236.4896,231340.4349,234182.8094,237269.0882,240708.0366,243926.6015,247066.8893,249991.8839,252942.4735,256153.8416,258631.0125,260298.2392,261290.0455,262614.0725,264783.3309,267707.6685,272476.8509,278286.6186,284504.7196,289787.2081,294506.6749,299171.8087,303183.1981,305685.1593,306345.8544,305883.0772,304778.4336,303266.332,301362.0622,299521.0373,298011.4192,297462.5729
98519.78728,99015.94482,99195.59085,99603.58448,99983.07966,100627.4608,101296.6766,101848.9888,102274.6561,102823.0859,103365.327,103924.0825,104414.3857,104918.8602,105521.965,106233.7429,106862.8674,107372.5215,107793.9834,108317.6525,108919.3644,109644.847,110394.0424,110988.4037,111545.1909,112143.1264,112850.0588,113611.0208,114364.8063,115253.2181,116161.0069,117100.0802,117996.7548,118951.8009,119804.2197,120577.8063,121240.7727,121967.4815,122893.5705,123922.2064,125117.7563,126233.7495,127359.3039,128347.5872,129352.1243,130429.814,131634.8702,133008.9003,134278.6086,135706.5916,136798.9583,137741.2847,138727.0332,140156.7298,142222.0621,144470.7953,146937.0066,149609.4961,152404.3721,154925.2193,157369.3633,159707.0119,162609.0243,166007.3642,169828.3399,174087.1384,178962.1288,184928.5238,191215.7017,196577.9768,200964.4728,205400.8478,209942.0478,213870.0126,217531.4474,221427.3823,226154.6677,229834.6342,232666.0658,233900.6862,234342.9353,234592.4328,233802.2602,232884.8561,231183.2991,230265.9326,230185.5328,230558.2546,231034.9532,230097.8319,227785.2019,225052.9352,222224.5249,220130.509,218114.0809,214693.0606,210350.3827,205465.2709,202260.0789,199368.3298,195594.9275,191408.6861,187862.2085,185229.6521,182318.27,178716.1452,174348.8662,170340.5041,166144.4827,163219.673,159824.2114,155907.1284,151193.7009,146873.9364,143491.8146,140103.786,136798.4102,133695.9093,131719.5185,130718.7262,129716.5709,127863.8535,125483.324,123776.7848,122692.0467,121836.4488,119679.7449,117289.3495,114736.7701,113313.4197,111719.7314,110284.8318,108607.6134,107302.1155,106232.8451,104914.9417,103394.2207,101775.0477,100564.2361,99751.01137,98975.11951,98349.9481,97942.96539,97730.09144,97857.75781,98203.45193,98736.27045,99367.41562,100098.8635,100919.9444,101382.8944,101635.357,101943.1437,102399.9344,102737.969,103263.1763,104335.0872,106079.3201,108016.0697,110110.3648,112481.3714,114856.9243,117000.2179,118795.5113,120601.9008,122591.7433,124319.6607,125719.0912,126819.5828,128068.041,129304.8911,130482.5084,131847.9408,133090.8692,134472.5218,135594.5294,136601.1826,137041.1724,137483.9616,138173.8473,139255.8955,140164.5206,141098.2698,142085.931,143452.3279,144580.9962,145858.8928,147074.3459,148518.6092,149683.5526,150490.8333,151119.4173,152038.415,153286.3887,154664.7264,156168.921,157520.6084,159099.9564,160623.4062,162498.0528,164493.8173,166336.8961,167916.6296,169150.1175,170366.1033,171630.7314,173131.9124,175050.7474,177296.2267,179755.056,182164.9631,184493.7799,186609.7684,188330.5672,189910.2924,191624.9145,193331.835,194872.7944,196144.4256,197186.2687,198291.2602,199249.7352,200768.355,202256.4648,203801.4524,204866.0941,205870.1664,206951.7138,208279.5021,209664.1577,210965.7273,212051.7977,213146.8513,214271.5686,215548.127,216889.3613,218241.542,219645.1342,221217.2937,223019.4472,225071.7479,227032.4944,228777.7354,230201.745,231087.6942,231890.8267,232864.3397,234543.9337,236871.6952,239518.9692,242682.5949,246072.1343,249828.1967,253479.2187,257161.9184,260810.5283,264738.0501,268919.0868,272432.4588,275309.3038,277414.554,280113.8079,283660.0217,288159.4636,294144.7748,301103.7348,308910.749,316471.0647,323260.3701,329271.8874,333709.8271,336135.2716,336874.5173,336933.2323,336836.8122,336032.5533,334823.1265,334182.5102,334655.3155,335740.0851
96099.94393,96454.39301,96753.96046,97396.47323,97924.68561,98449.64248,98996.50517,99761.74853,100608.4526,101387.1073,102100.1395,102789.6061,103536.9531,104234.2145,104974.868,105689.0017,106417.3807,107140.4881,107824.7274,108496.5623,109165.6717,109872.3723,110466.0967,110996.0232,111704.6434,112608.7016,113598.0661,114442.8727,115183.199,115991.3115,116928.0787,118039.1291,119118.1518,120117.4094,120979.121,121755.9947,122551.7875,123453.3051,124491.6285,125591.8552,126815.5062,127888.5919,128917.738,129903.945,131073.7164,132499.5302,133862.7797,135160.0726,136225.4676,137295.5905,138439.0126,139729.2717,141234.0117,143095.9874,145279.7329,147614.719,149884.5928,151723.7982,153525.4333,155305.9,157315.0331,159578.4309,161886.2494,164601.1391,167320.872,170243.2365,173475.0478,176435.3584,180006.5149,183324.9798,187147.7921,190655.5773,194103.1714,197417.6868,201001.2381,205156.4647,209000.3659,212878.7213,215587.3327,218804.4456,221002.2957,222624.3911,223000.9902,222038.6208,221410.7787,221047.3651,222325.8101,223896.8575,225322.9712,224755.7346,222937.0204,220274.5201,217170.5142,213815.9162,210938.692,208697.8333,205629.659,201061.5622,195743.0332,191343.6774,187485.7343,184538.533,181104.177,177867.8312,174252.5648,170466.8356,165917.3261,161299.1282,157055.855,153150.6893,149487.429,145800.1995,142568.242,139214.7074,136529.4149,133827.2895,131735.9773,129792.6566,127978.7098,126215.7775,124937.4157,124349.9885,124062.8007,123606.9133,123614.5853,123901.643,123941.2592,123721.2057,122729.8303,121612.8379,119940.1761,118558.519,117311.5617,116094.551,114958.4928,113445.2031,111889.3016,110422.3192,109374.4006,108720.2043,108356.4671,108490.1882,108600.9709,108534.4404,107940.1522,107948.239,108375.7284,109561.4519,110634.7461,111517.3578,112285.8869,113007.9742,113913.4749,114943.9456,116306.0571,118089.404,119770.4237,121111.2222,122242.3911,123556.841,125476.7585,127558.5144,129734.1665,131686.2862,133580.3671,135601.268,137729.9134,139943.6424,141880.646,143586.2444,144899.5576,146018.5434,146922.294,147639.8857,148680.1796,149733.2132,151146.5031,152282.5085,153617.224,154821.8087,156025.5056,157092.5426,158185.1137,159271.844,160269.5036,161013.003,161871.9244,162833.5319,164048.2107,165502.9043,167340.0606,169580.7218,171898.0632,174193.4465,176089.205,177676.9091,178806.109,179808.8638,180953.7301,182359.5617,184253.4499,186204.7361,188377.9477,190215.3406,192081.2672,193920.9681,196157.7731,198319.3548,200145.6775,201803.1111,203502.6411,205234.9375,206787.2563,208212.7356,209977.0081,212066.7879,214246.7882,216260.6561,218168.1312,220176.7324,221832.1973,223268.7083,224645.7741,226106.0229,227567.5392,228673.629,230088.1128,231645.0511,233260.1051,234234.3519,234707.2553,235200.5032,235868.222,237042.4591,238412.634,240070.2077,241300.1731,242431.189,243616.99,245241.2914,247342.2536,249423.4784,251250.9132,252372.2931,253001.7885,253777.169,255290.3125,257764.6802,260810.9441,264177.7782,267959.2249,271811.4499,276248.9406,281198.2003,286537.1084,291516.591,296242.2982,301229.2984,305905.9921,309781.0344,312534.6297,315462.8034,319315.8888,324130.9915,331080.7905,339604.4374,349492.1074,358394.8848,365984.1464,372180.3897,376302.7485,377859.1329,376953.7958,375042.2873,372752.9264,370115.1967,367531.7087,365487.2593,364946.5723,365921.2737
112578.3456,113051.6965,113453.6834,114220.8445,114605.3707,114914.4476,115247.5837,115745.2884,116332.1688,117027.4747,117975.897,119136.8226,120290.5163,121341.5428,122278.2064,123226.0843,124225.0889,125172.8847,126093.6032,127076.0714,128061.2465,128986.893,129621.3939,130213.5235,130792.4182,131617.1682,132471.8541,133250.5977,133968.281,134834.01,135921.6865,137069.9828,137954.8471,138593.4123,139123.3224,139822.726,140809.8257,141892.0687,142908.0498,143859.0741,144826.5738,145794.1845,146711.8443,147574.8694,148395.067,149480.7835,150600.2396,151756.6481,152657.8998,153759.7435,155007.0865,156577.2949,158365.0285,160562.6914,163003.13,165508.1018,167950.1243,170074.4525,172273.0031,174382.9974,176556.4265,178909.4001,181550.5569,184524.3387,187633.2665,190983.3054,195120.139,199171.649,203993.5346,208406.4986,212982.7908,217025.615,220917.1665,224785.227,229007.3316,233808.4132,238329.7222,242536.4441,245234.7954,248180.0103,249904.8953,250744.4817,250151.597,248222.3116,246811.8559,245531.274,245791.9877,246194.8944,246624.8964,244996.385,242271.8713,238719.7548,235145.8515,231327.576,227990.7346,225187.0398,221892.9713,217327.0536,212494.1799,208656.6317,205375.617,202572.1475,199342.3518,196230.8265,192818.1921,189115.843,184599.8374,180287.2927,176758.2927,173807.1859,171003.5165,167624.636,164626.5912,161319.6688,158602.4089,156075.5694,154346.6126,153325.3556,152588.8768,151866.3049,151189.8883,150633.8436,150053.3664,149441.7092,149462.4178,149712.8864,149395.2315,148358.5194,146603.8576,145003.9866,143380.3754,142018.9193,140603.7709,138948.8644,137331.8888,135400.8576,133385.9511,131785.0487,130535.2686,129522.2464,128710.6059,128354.8636,128346.9467,128073.4601,127272.5606,126912.9111,127133.0378,128183.0353,129038.547,129670.5396,130477.1065,131618.9617,133092.5028,134548.8301,136012.8341,137638.1037,139119.1994,140549.8363,141771.3022,143182.1203,144958.8504,146956.8288,149260.7976,151598.7347,153866.8135,156087.972,158122.187,159790.9543,160842.7075,161791.0535,162771.0349,163842.7239,164931.4134,165877.4871,167169.2253,168282.3931,169573.4557,170345.0739,171252.5133,172066.2578,173028.4864,173913.8765,174866.8272,175861.7048,176789.5993,177642.5231,178788.5266,180109.0172,181795.5978,183375.284,185134.5795,186867.2022,188772.6866,190651.3435,192297.5546,193656.4709,194627.9413,195497.6207,196382.9802,197434.6282,198835.1189,200332.4516,201896.8338,203208.8799,204652.3023,206341.6045,208396.7125,210285.5129,211739.4616,213064.4296,214391.6466,215688.4825,216796.6882,217752.8059,219147.1715,220947.7795,223167.2604,225247.3205,227142.3817,228472.7061,229350.1268,229697.0749,230378.5979,231245.9092,232370.6607,233233.8683,234156.8942,235476.8988,237125.2779,238726.7744,239739.6824,240528.3107,241179.0469,242014.5534,242794.3816,243692.4861,244373.9465,245284.4426,246475.9825,248266.3756,250171.2785,251888.9785,253296.0411,254477.5918,255522.2711,256565.017,257764.8398,259521.899,261974.3319,265059.4213,268772.9885,272850.1416,277161.7616,281606.3251,286044.3707,290376.9061,294520.061,298822.7468,302650.2683,305925.935,308618.1273,311940.906,316305.7644,321619.9543,328852.541,337187.8438,345919.8283,353308.3544,359147.4205,363858.0705,367192.7316,368836.9404,368307.7839,366597.3156,364260.6463,361674.972,359009.2223,356972.6853,356351.9641,356983.2315
58958.3433,59056.60653,59234.11197,59597.60043,59952.37621,60262.51253,60529.29947,60914.87472,61347.65759,61829.9094,62313.55516,62802.70571,63207.16418,63708.49069,64598.51825,65766.59714,67092.39992,68329.79761,69703.51715,71127.00634,72613.34236,74188.38095,75658.04218,76942.2434,77792.18634,78291.20151,78541.00602,78899.66222,79433.1525,80062.45834,80703.45609,81455.37579,82286.68008,83168.97227,83966.13274,84796.96728,85512.95538,86295.97802,87254.23017,88341.1857,89490.50049,90544.04648,91699.40873,92844.36817,94018.06106,95138.52357,96273.69644,97296.63457,98277.04233,99204.14493,100209.4461,101505.6055,103258.8971,105358.5015,107449.9955,109620.8486,111853.1668,114016.0145,115911.0393,117760.7446,119601.4963,121670.9768,124209.107,127084.9595,130133.7186,132914.3658,135910.6525,138969.2444,141882.0688,144691.775,147122.6567,149592.1751,151370.493,152873.8271,154147.6478,156352.9351,158809.5391,161625.9305,163743.8248,165490.5902,166853.1909,167779.7159,168721.7483,169078.4025,169373.6599,169168.2715,168770.8582,167596.7551,166073.4801,163949.3702,161680.6318,159150.3415,156747.5916,154410.194,151716.8685,148857.745,146033.3309,143780.2631,140720.7699,137511.8447,133533.6178,130330.3368,126470.7857,122681.0911,118864.5796,115126.6313,111683.9507,108155.2015,105222.7208,102658.1056,100445.2112,98451.94716,96074.05807,93679.99959,91613.55818,89810.10675,88328.07176,87473.36879,87290.9065,87296.93885,87038.94509,87109.63741,87129.97704,87065.37417,86652.82378,86181.95718,85699.31509,84926.91662,83944.57221,82887.47481,81694.86324,80650.78013,79636.67277,78957.41212,78472.41138,77917.37196,77333.56652,76840.91521,76469.1926,76211.88715,75907.56151,75513.11884,75277.48142,75153.34238,75119.7245,75071.97725,75210.11397,75724.37893,76583.98556,77518.08193,78308.49911,78847.66773,79220.76867,79553.58361,80050.04463,81023.10001,82718.11064,84589.71377,86512.91393,88024.36899,89851.29186,91381.77715,92746.63299,93961.93346,95325.87054,96810.6354,97924.4704,98999.49988,100203.0377,101559.8775,102934.8549,104182.5685,105523.1292,106565.8639,107870.0724,109197.4736,110636.9708,111635.9063,112691.4194,113901.4521,115323.6099,116481.6759,117459.2516,118354.2518,119299.3804,120221.1342,121370.3729,122901.2002,124523.7489,126155.8877,127015.2396,127497.0146,127823.0714,128612.1124,130031.0354,131603.3923,133260.6541,134628.8973,135751.1629,137078.5914,138607.4034,140364.4393,141647.2785,142465.7245,143384.3134,144679.5854,146550.6201,148373.1743,150164.6408,151973.9226,153725.7357,155408.5102,156873.9964,158309.153,159986.6467,162151.9883,164012.0958,165267.1466,166115.7523,166863.9836,167924.4955,168796.4747,170157.8669,171392.0574,172738.3449,173852.2038,175495.2202,177348.0961,179023.8241,179852.5356,179844.1475,179599.7353,179189.2968,179029.8308,179008.4041,179313.0388,179907.493,180965.3025,182736.9004,184767.1922,186759.4346,188294.4946,189453.1926,190144.4788,190073.8776,189839.4748,190348.6271,191789.9221,194136.2247,196501.5921,199330.6134,202223.5948,205133.9246,207878.776,210547.4763,213296.9707,216213.5949,219653.7518,224021.651,228839.0961,233545.5283,237847.1616,242660.2815,247841.7968,253012.7545,257691.5834,262236.8173,267215.7723,272450.4561,277924.7561,282336.1067,284930.5902,286421.5466,287831.2266,289934.8646,291323.2154,292539.6646,293837.56,296399.2194,299247.762
154715.6378,155350.4403,155847.1516,156854.5657,157900.0715,159190.2908,160617.7182,161937.6769,163016.7369,164178.8042,165352.7328,166620.484,167593.5107,168443.6081,169295.2871,170325.273,171456.0539,172604.8322,173738.4264,174932.2715,176067.3921,177358.8274,178756.8724,180174.7389,181491.2948,182708.348,183985.6728,185215.7838,186475.5705,187858.6601,189263.1706,190586.94,191756.4674,193127.7197,194474.7953,195668.5692,196569.3218,197551.8721,198704.6245,200043.5551,201388.1713,202752.9029,204050.4882,205394.6563,206786.0594,208407.5547,210021.169,211719.0118,213144.6718,214784.4873,216024.3299,217306.6046,218898.1635,221352.3198,224545.5707,227960.1114,231470.4281,235126.5115,238760.7008,242061.6972,245380.3415,248632.4794,253003.5637,258479.0888,264840.1217,271977.3627,280483.9971,291081.0238,302386.5879,311356.9388,318387.7884,324762.0337,331808.0053,337874.2871,343488.041,349161.9659,355899.8735,360592.2961,363286.0129,363169.8332,361910.7621,360950.361,358754.5114,356750.5417,353635.5537,351638.7188,350913.7988,350386.0748,350189.4168,347871.7641,344066.1814,339344.8949,334579.141,330899.685,327746.324,322607.5391,315901.223,308327.0354,302969.517,298096.1108,292021.164,285694.4262,280343.1823,276100.9696,271954.73,267274.6625,262021.3666,256960.0658,251703.0128,248418.2052,245119.0252,240903.0354,235855.1308,231349.4144,228888.6064,226355.3504,223989.6512,221195.1471,219983.8084,219444.4297,219144.6809,217357.941,215330.8442,214612.239,215231.3988,216114.7502,214609.6056,212457.7965,209539.7193,208218.4004,206194.6776,204429.7302,202323.7834,200453.0422,198791.673,196787.0338,194666.4796,192548.1066,190938.5777,189914.1902,188541.1532,186913.2789,185532.92,184914.7004,185338.5648,186847.9495,188941.5602,191456.3796,193425.3291,194983.674,195869.3111,196794.5009,198062.5234,199643.1784,201356.1045,203359.6291,205828.023,208419.6108,210727.8213,212852.0636,215346.2737,218243.7222,221395.1019,224530.0488,227541.2542,230174.7249,232374.0875,234729.5715,237434.683,240242.3262,242417.5071,244058.699,245494.5717,246388.322,247145.4003,248083.9831,249565.0381,250937.5833,252282.6024,253668.9632,255381.8574,256918.1809,258667.4657,260421.7485,262298.0881,263696.0588,265157.3836,266823.2563,268743.6077,270503.0087,272070.5654,273751.8394,275765.2345,277704.5783,279535.7992,281426.3481,283190.2313,285167.9448,286862.6433,288746.5882,290475.8113,292375.9176,293774.1651,294862.7183,295761.9695,297270.7985,299045.4209,301212.1046,303357.1224,305762.8734,307700.873,309366.1847,310888.8331,312650.035,314686.9257,316947.6096,319313.7109,321449.6714,322979.6462,323527.7921,324234.6363,324919.5674,326717.4503,328229.8432,330004.2858,331316.1366,332916.2254,334708.1532,337169.7146,340040.2189,342513.6603,344117.2947,345006.245,346079.0348,347194.6961,348305.2018,349458.2142,350934.2376,352924.6579,355228.0164,357747.3497,360384.6136,362924.0543,364929.0623,365867.8594,366292.6359,366987.714,369089.6431,372461.0949,376292.8928,380072.9285,383700.748,388050.3914,392898.4316,397682.7204,401923.0773,405898.4741,410018.8599,412985.2866,414901.2856,416204.3118,418921.4891,423464.5422,429265.1744,437646.1652,447383.0932,458815.2562,469438.5026,479089.3525,487032.9413,492342.3414,494563.7915,493979.1926,492574.2107,491335.6509,489909.5712,487817.3722,486276.4502,486335.3149,488077.0566
149542.7264,149775.9772,150090.792,150631.2273,151379.8101,152073.5096,152842.1306,153433.1366,154158.6467,154881.624,155777.9562,156776.2153,157557.2827,158022.3124,158335.2772,158945.7977,159727.3004,160458.8131,161180.6287,162118.9279,163089.6091,163915.4283,164380.4154,165004.2348,165544.6201,166233.5699,166701.8411,167309.0089,167940.0994,168604.4929,169235.7236,169824.7324,170472.2797,170996.3611,171496.1989,172054.3977,172730.5099,173476.596,174203.66,175424.9628,176778.9275,178312.5999,179762.8953,181656.7854,183554.2057,185492.3818,187303.388,189246.179,190851.0272,192148.731,193476.2934,195204.4249,197389.201,199539.8608,202068.0087,204977.5326,208447.9605,211896.6946,215485.209,219099.5043,222290.075,225200.3852,228570.5527,233058.3122,238172.301,244238.138,251082.0411,258844.8665,266783.7793,274100.3166,280088.9653,285198.6714,288793.207,291501.5328,294574.5256,299339.8491,304930.7945,308976.2949,311076.6481,311743.9679,312169.8827,312593.4951,311163.4041,308750.94,305468.627,303609.9549,301323.2971,299922.9294,297664.0824,295179.2186,291327.6367,287682.6454,283936.0576,279154.4151,275145.4793,272242.7917,269560.3693,266932.1818,261985.2169,256769.6546,250534.7272,244823.7447,240227.6798,235691.9612,231758.9995,228360.3805,225155.8281,221232.2856,216888.5144,212536.6914,209482.4004,206393.5549,203388.0799,200568.1343,198127.9051,195592.7557,192976.755,190766.3447,189641.5423,188314.9249,187565.3923,187052.0507,187401.772,187403.8625,187254.4286,187036.5057,186413.1229,185541.955,183859.6151,181979.3208,179905.7714,178345.7116,177324.2856,175863.281,174201.7338,171862.2098,170157.5066,168491.5578,167538.1183,166342.8576,165540.8622,164981.5404,164987.2263,164924.641,164948.9037,164897.7422,164849.2852,164849.5502,165037.4176,165621.2595,165966.1806,166186.7268,166140.4461,166159.4498,166661.7149,167918.1508,169686.5448,171831.781,174136.3047,176786.0588,179775.0342,182734.8613,185716.1216,188648.1469,191659.3949,194567.7428,197134.763,199550.8524,201731.9902,203975.4606,206041.8119,207654.8429,208818.6401,209584.8907,210497.5355,211425.4945,212538.5031,213364.3394,214359.8637,215493.2778,216879.5698,218405.5846,220122.2947,221968.1434,223607.2518,224988.1512,226208.2161,227386.243,228565.852,229907.6744,231259.1543,232478.2462,233467.8368,234410.9525,235082.3338,236354.3394,237746.6595,239643.7799,241171.1823,242653.6,244261.4584,245864.8028,247401.5204,248749.0131,250106.4656,251708.4094,253152.576,254898.0823,256362.4348,257904.213,258985.1854,260112.8954,261315.7686,262735.6946,264305.7098,266036.0898,267676.0945,269208.1069,270639.5911,272073.7635,273378.1343,274362.5859,275327.7336,276156.9961,277003.9256,277514.8444,277928.8988,278562.3684,279772.8964,281508.7287,283071.7715,284310.256,284791.863,285201.7618,285349.6575,285706.627,286104.4301,286629.5173,287459.2526,288544.3539,290438.8505,292325.2422,294000.9415,295066.0714,295794.2933,296650.7618,297910.916,300018.0895,302969.4903,306175.647,309751.3938,313430.6013,317344.9644,321448.8595,325982.8795,331240.0375,337250.3985,343898.2314,350881.1399,357927.3762,364986.4227,372035.7235,379623.5517,387174.5577,395313.5675,403376.1883,412236.2652,421294.5018,430036.3388,437287.1426,442124.7811,444068.5408,443419.5263,441259.5595,438266.3088,434506.2974,430995.2661,428611.8727,427977.3261,427970.2708
109859.8855,110112.3452,110388.7227,111056.6538,111765.2589,112502.9299,113175.1767,113805.7419,114393.431,114981.9294,115644.0054,116366.0648,117102.2476,117860.6631,118722.1251,119595.6655,120369.1173,120990.7156,121511.7923,122084.9778,122723.6977,122757.0144,123133.021,123624.234,124785.3165,124944.8533,124738.3604,124520.7077,125007.1041,125723.9117,126522.2624,127255.3266,128047.6127,128896.7565,129685.1546,130293.3223,130730.1187,131277.3976,131963.7215,132712.8684,133462.4823,134211.6137,134981.3788,135749.4241,136506.7742,137295.5971,138007.2938,138749.5215,139481.9963,140386.4701,141361.3766,142502.8172,143729.3894,145192.2162,146870.7318,148753.5946,150606.6988,152468.4738,154009.053,155344.2831,156163.0987,157206.6644,158364.7546,159855.9868,161621.4637,163652.1525,166136.8504,168697.7181,171293.1361,173688.7154,175910.9638,177950.673,179972.8427,182190.0243,184709.9034,187371.0296,189929.6399,192494.7046,194840.8048,197247.2883,199392.548,201461.9793,202579.1091,203263.1823,202899.2533,203304.7767,203714.813,204581.5398,204670.7961,204530.3349,204052.9706,202967.7608,201327.9774,199621.847,198019.4398,196583.0161,194902.5835,193534.7067,194658.3576,196553.577,198182.9329,197042.56,194622.2453,192264.7593,189600.794,186654.7842,183186.9796,180273.93,178320.0693,176761.4494,174499.8762,172579.2279,170164.9075,168383.1327,166754.758,165533.8523,164457.1026,162937.2807,161903.6642,160679.8558,159409.5991,157962.5958,156989.2987,155806.735,155134.0983,153939.896,152689.6246,151035.9459,149267.4137,147581.151,145601.0859,143421.3659,141174.8235,139862.7424,138792.7353,137772.5111,135875.2506,134220.2703,132880.84,131744.631,130764.7937,130224.639,130215.5576,130747.3079,130853.4765,130603.0758,130258.3307,130383.2563,130929.165,131753.801,132633.3147,133134.7527,133339.8539,133590.4092,134085.5285,134900.8277,135785.7592,136456.9671,137081.4916,137914.6599,139441.5541,141364.135,143370.0877,145284.8313,146763.0565,148181.2917,149226.8304,150461.3122,151752.1774,153256.8081,154347.3366,154987.5198,155650.4736,156220.0896,156814.1706,157124.0944,157453.1281,157648.5084,157979.401,158500.9229,159299.0472,159858.6353,160080.7188,160173.6669,160376.2903,160905.4843,161721.0162,162860.4193,164163.1837,165339.1055,166293.8551,167127.7556,168404.5493,169931.8522,171327.5857,172331.2589,173060.8006,173610.2372,173939.4056,174349.5624,175255.2738,176407.9307,177561.3273,178657.0052,179569.8896,180396.2907,181182.6124,182189.807,183396.9982,184903.9511,186252.5135,187733.4236,189152.4016,190765.7645,192333.3765,193882.9962,195836.9421,198048.8028,200503.0486,202663.3186,204620.4979,206386.3447,208335.8088,210096.3827,211753.4577,213087.1003,214413.0754,215554.4525,216582.6855,217361.3004,218225.3644,219079.1372,220131.336,221037.8382,222052.6608,223101.209,224290.1551,225523.9276,227017.2155,228507.2782,230221.8138,231990.6435,233707.6099,234826.5597,235220.4691,235563.6166,236339.5549,238142.1343,240754.771,243585.4126,246225.0128,248519.3262,251076.163,254096.5991,257555.4085,261290.3727,265252.7723,269535.0321,273168.7759,276246.3217,278667.5998,281897.6918,286164.8933,291030.0518,297035.621,303396.9397,310103.7123,315761.8614,320217.0015,324052.4515,326901.2708,328649.9787,328875.3188,328309.4913,327282.9047,325671.9564,323817.6531,322189.7541,321549.7622,321392.2528
97965.44981,98158.14858,98495.87712,99234.21856,100143.9061,101242.9731,102349.3498,103537.1383,104446.7388,105121.3882,105632.345,105757.628,105822.1985,105798.6384,106094.0469,106460.7363,106984.5157,107522.5867,107933.2838,108571.5352,109358.2345,110427.0549,111018.1796,111509.1084,111972.1316,112534.0995,113215.9906,113957.0496,114578.4152,115267.9926,115657.1217,116309.7678,116844.8328,117406.6867,117775.9423,117881.6141,118264.7146,118756.4765,119484.9261,120211.2618,121495.7357,123015.1969,124877.199,126674.4555,128290.6078,130153.019,131786.3846,133330.362,134343.4968,135397.3196,136690.729,138074.5853,139478.1577,141090.3458,142658.4538,144411.9147,146278.4355,148035.5874,149583.3308,150836.0174,152399.9755,154460.6579,156802.0676,159357.9124,162047.9236,165065.5628,168629.9239,171903.6807,175609.5051,179065.4562,182601.0973,185586.2968,188597.855,191769.1838,195412.3091,199092.7381,202306.1023,205207.3348,206703.8416,208813.9034,210126.8818,211162.4659,210984.986,209715.3029,208787.3019,208080.0914,208726.2977,209747.6241,210752.2916,210162.6991,208816.8622,206814.4177,204549.0567,201971.7873,199729.2324,197976.3132,195454.3581,191624.9049,187467.1902,184150.6845,181364.3046,179061.4896,176595.3228,174359.7523,172363.0248,170186.3762,167032.4952,164017.2161,161411.2921,159382.9384,156886.4801,154229.258,151425.7466,148580.6508,146131.2412,144003.4522,142048.9255,140352.7037,139119.9498,137579.2277,136264.0117,135075.3487,134658.2736,134138.6213,134042.2778,133989.1124,133621.8065,133096.1454,131925.254,130818.4576,129129.6804,127922.2283,126235.4772,124394.0767,122454.4712,120580.6712,119044.4305,117414.7068,116080.0267,114456.8908,112939.8853,111791.2213,111177.794,110603.7908,109796.2585,109457.9622,109626.3002,110304.6173,110968.2077,111547.9285,112280.2859,112802.6381,113280.5739,113855.8133,114939.9701,116689.0415,118312.0579,119575.7415,120467.2004,121584.0714,123078.8133,124847.1164,126704.7253,128467.3749,129923.3526,131299.1768,132765.4182,134324.3649,135506.1277,136517.833,137450.2219,138574.4011,139658.5361,140538.9928,141545.1821,142280.1339,143106.7297,143497.8717,144288.3924,145197.7194,146226.8089,146962.5636,147546.3176,148244.4153,148844.6771,149580.6732,150501.2314,151920.6967,153748.7198,155749.7735,157658.5495,159277.4475,160978.8647,162766.4912,164209.4376,165272.6236,166056.6386,166910.0896,167786.5142,168960.8308,170681.5618,172665.4956,174644.0023,176399.7928,178257.4082,180238.4728,182326.3938,183996.084,185089.4502,185974.3251,186964.196,188219.8797,189490.5816,190526.1935,191678.8933,192996.6116,194542.64,196074.974,197638.0717,199152.3688,200364.9312,201271.0372,202265.8566,203228.65,204253.3133,204970.7577,205814.4713,206766.0201,207908.7962,208979.1554,209649.6956,210383.114,211152.4392,212147.7428,213009.201,213947.6203,214813.138,216021.9598,217502.2948,219379.7419,221619.0551,223789.2301,225793.3415,227211.9374,228104.8789,228828.5222,229892.1845,231739.9297,234540.5612,237848.6554,241561.986,245481.044,249641.9409,254246.9182,259101.0741,263954.4458,268764.8867,273689.7926,278258.8873,281841.9547,284557.6598,287564.993,291690.3611,296564.5206,303108.2078,311006.6062,319878.9611,328300.093,335399.3839,341502.1337,345633.6855,347683.6402,347436.4775,346099.0379,344084.4749,341318.3908,338364.5504,336084.6962,335211.9866,335464.2578
141541.9524,141698.7675,141925.5048,142493.3265,143351.8269,144321.8173,145334.43,146161.5168,146910.0606,147557.4839,148272.2926,149141.1245,149864.5798,150502.4904,151166.0569,152053.0581,153080.9084,154058.8297,155052.1153,156014.3725,156987.9726,157358.9,158088.6147,158509.0047,159775.4554,160950.2419,162202.7086,163043.4401,163487.5267,164317.1551,165507.483,166870.4452,167870.6175,168669.518,169279.5042,170174.3969,170913.8476,171760.2379,172558.8956,173513.4176,174648.0623,175822.6461,177052.9262,178308.4625,179484.8003,180717.946,181755.0428,182980.0954,184115.0363,185303.7078,186520.8075,187956.565,189922.5733,192130.9143,194553.5684,196894.4428,199239.2767,201564.3785,204000.307,206757.0071,209450.2334,211829.5906,213998.1748,216487.1539,219116.5925,221454.0128,223704.0522,226107.96,228812.9911,231755.6115,234638.3713,237452.607,240034.7463,242861.4549,246061.6566,249314.4043,252639.7648,256228.7395,259992.0336,263507.6286,265952.3019,268037.6641,269940.1021,272067.0869,273544.1945,274287.7492,274091.4934,273365.2931,272099.7299,270380.6818,268613.1387,266958.7968,265465.0189,263866.8785,261537.0783,258750.2226,255372.6834,252327.1655,249880.618,248343.4463,247036.4582,245253.0916,243217.0408,240944.7036,239369.2823,237781.3149,235907.0883,233691.9561,231471.6337,229915.146,228283.5845,226279.0982,224316.6879,222357.4192,220371.3213,218330.4324,216193.0608,214494.7649,213162.937,212439.8811,212099.6161,211913.0224,212376.9359,213463.9503,214664.5044,216124.5899,217130.828,217986.5827,218137.0679,218364.3742,218673.3094,218814.0987,218768.2482,218464.9991,217663.5433,216123.9137,214223.5483,212450.464,210923.3756,209852.6327,208834.9025,207957.6402,207094.7789,206577.108,206096.1425,205777.7751,205622.5767,206013.5211,206549.925,207339.1781,208019.7807,208598.3972,209096.4293,209708.4526,210587.5043,211623.1229,212973.5104,214802.5802,216980.7324,219069.2765,220724.3484,222121.3374,223759.482,225726.1699,228190.6276,230919.7521,233566.8948,236016.7029,238526.1182,241493.617,244825.8399,248052.7298,251326.1831,254433.3402,257418.12,260067.9686,262433.7516,264547.5878,266373.8599,268071.2389,269912.2726,271483.531,272701.1599,273334.254,274085.9031,274807.469,275464.1002,275983.5607,276276.7206,276712.3604,276319.9048,275180.0579,273537.3244,272263.8153,271184.3053,270295.1633,269668.7826,269594.78,269768.6517,269909.9699,269900.3322,269945.4247,270264.62,270743.8779,271049.0824,271452.242,271867.1512,272624.0853,273033.833,273444.0033,273631.6255,273912.0723,274524.9028,275406.7244,276407.11,277494.6293,278533.2807,279753.8565,281126.3599,282570.9236,284080.1419,285263.1195,286877.4957,288653.9362,290774.0098,292372.3408,293866.7205,295715.387,297585.4925,299462.9566,300716.1142,302031.639,303037.9552,303975.4184,304892.6251,305954.8915,307382.4849,308799.0323,310174.0672,311198.5652,312119.118,312939.3196,313981.2115,315008.8111,315743.1692,316337.0511,317165.6057,318481.6025,320288.5744,321991.7601,323998.7541,325094.9104,325871.9653,325837.9352,326181.8624,327327.6648,329898.6319,334032.4188,339370.4805,345395.7997,351817.7131,358646.0158,366380.5707,374699.4563,383520.6558,392169.2308,400541.2215,408650.0392,416308.8632,422956.9629,427295.0285,428787.0812,427944.4523,426177.2413,424441.3523,422338.9777,420055.634,418106.211,417289.5783,416949.4024
139714.0693,140025.1684,140568.8753,141401.3384,142288.6872,143089.5416,144037.1934,144924.612,145630.3207,146291.7979,146988.0793,147799.9316,148657.5849,149673.1976,150845.7407,152037.2461,153175.6128,154455.04,156111.575,157903.7489,159545.4513,160738.9684,161732.934,162979.1078,164379.3539,166075.2852,167472.9538,169023.9428,170575.5617,172190.6132,173640.3347,174958.3447,176373.1758,178005.9688,179766.5093,181781.5378,184104.9089,186482.3517,188429.0262,190127.2154,191724.4997,193317.6154,194767.0645,196532.0766,198599.8457,200658.197,202418.046,204176.34,206114.6466,208253.6269,210507.2527,213160.4963,216227.6754,219785.86,223223.5914,227270.2346,231405.1134,236024.8798,240441.7128,244906.5523,249547.1879,254634.3457,261373.9924,268728.5453,277024.8131,285482.1935,293987.9437,301725.9827,308236.6928,314696.0159,319439.8782,324390.1349,329810.1008,335452.7657,339224.5576,340901.0508,342740.4038,344928.5747,345638.8207,344226.665,341330.0548,337428.6504,333316.6232,327202.9757,320641.9005,314826.0219,309781.5242,305054.9258,298454.1692,291932.7908,286016.3698,280573.4512,275719.8819,270933.3473,266814.1674,262780.6812,257539.0155,252523.2587,247587.0529,244669.7252,241472.7726,237924.3705,233783.8307,229289.2211,224525.2051,219632.7677,215661.6982,212658.2732,209915.4151,206852.2639,203649.5826,199739.2923,196568.1358,193781.4152,191708.6616,189847.492,188205.6346,187107.9876,186272.1523,185828.775,185483.5224,185542.0403,185824.2319,187278.8244,188304.2048,188781.3309,188421.6277,188048.606,187870.9781,187377.8158,186170.9566,185048.5192,183849.5041,183252.2276,182320.3385,181387.8972,180211.0691,179149.3681,177768.7247,176591.8152,175599.4502,174923.7077,174625.6936,174166.4403,173731.7942,173347.943,173800.2458,175337.2982,177050.0011,178403.2344,179608.7842,180640.5314,181427.3371,181827.7188,182770.0254,184085.7192,185897.0188,187468.8689,189618.7171,191830.6645,194214.9782,196237.3305,198174.5965,200103.9932,201972.7227,203489.9938,205026.7569,206602.4781,208580.0444,210228.2243,212120.4825,213771.9433,215513.65,216588.0109,217569.4911,218549.0695,219763.151,220742.8256,222270.0017,224037.0757,226219.369,227832.1139,229153.6032,230316.8811,231810.2051,233773.0624,236283.1799,239242.3171,242336.1812,245424.7249,248248.553,250414.2957,252134.3226,253257.6637,254482.5189,255744.8915,257384.4764,259156.353,260795.6068,262310.7293,263835.4502,265038.5545,266125.1962,267083.3506,268122.5597,268929.655,269644.315,270361.6676,270937.6344,271630.2629,272444.5587,273310.692,273961.718,274700.7981,275826.0611,276969.0394,277831.8394,278223.2608,278483.7528,278506.4686,278820.9372,279510.6002,281166.9795,282794.7447,284373.4618,285477.319,286619.9017,287615.37,288069.6903,288059.0607,287546.4881,286932.3563,286253.0373,285777.8545,285616.3146,285686.5027,285761.6386,286196.2826,287103.6271,288386.914,290136.9558,292008.7175,293879.1495,295114.6504,295552.1072,295943.1071,296807.8939,298745.8691,301727.622,305188.0883,309165.3583,312987.752,317028.4904,321326.3447,326254.458,331715.2076,338453.3963,346675.1634,355030.8589,362660.3315,369143.4999,376135.3418,383384.4124,390881.9452,400157.2934,411381.7535,424870.5584,438216.2959,450602.5981,460854.545,467171.0754,469047.9578,467209.3347,464841.9117,462822.5135,460539.4674,457773.3662,455319.3007,454782.1185,454766.5099
115693.0502,116016.3473,116395.0287,117116.2143,117943.7431,118841.0174,119739.9624,120723.9694,121767.6639,122895.2731,123916.1323,124758.807,125519.444,126268.2632,127097.9136,127960.9269,128861.6002,129867.897,130909.7923,132006.2824,132984.7325,134082.3203,135056.3927,135956.0736,136731.2686,137514.2078,138413.6271,139319.8869,140386.4602,141597.9668,142938.0482,144254.7034,145496.1377,146817.8475,148085.225,149186.4087,150172.817,151301.7637,152764.1298,154410.8659,155914.4087,157172.493,158174.8061,159306.802,160580.1103,162033.4367,163535.2634,165059.6885,166465.5722,167838.8678,169041.7458,170361.7237,171886.1094,173954.2516,176478.6394,179306.7838,182049.2362,184648.0253,187114.3931,189505.4683,192262.381,195165.4664,198617.8141,202534.6626,207124.3566,212398.108,218351.3837,224851.4608,231241.028,236550.7129,241428.0152,246213.4367,251082.8217,255557.9466,259952.5224,264804.577,269582.7447,273433.0562,275940.4042,276712.0659,276148.6156,275538.9083,274290.2555,273407.2605,271387.5825,270413.3168,269899.5129,270176.1115,270467.8793,269577.6608,267479.7226,264583.7626,261483.1242,258596.0464,255716.7958,251904.8743,247779.7356,242988.6922,238969.9799,235006.2243,230491.1468,225921.948,221630.6698,217910.0473,214886.4727,211506.7847,207252.1196,202160.5352,196679.4478,192470.4838,189233.9152,186129.5033,183435.6063,180583.2586,178868.1372,176925.7892,174936.6985,172580.9006,171230.7123,170813.9924,170003.1098,168948.9798,167562.288,167061.5818,166487.7922,165720.4839,164101.4877,161933.9398,159461.524,157985.2625,156576.7284,155236.004,153581.9223,151808.319,150027.9503,147957.4005,145983.3637,144397.7135,143143.5816,142328.7614,141410.0813,140481.6726,139697.3349,139125.9578,139140.0151,139313.6511,139630.0176,140053.5141,140725.5146,141740.1137,142685.748,143535.495,144818.8917,146365.7665,148228.7089,150204.9061,152050.5661,153621.3699,154912.0539,156565.3886,158828.5234,161346.5222,163658.6844,165923.0857,168404.5245,171445.3727,174229.3997,176801.2189,178907.0588,180829.1147,182322.8745,183666.7586,185184.1338,186529.1448,187936.4197,189333.6901,190718.1572,191782.6376,193105.0302,195080.2591,197372.4453,199357.4707,201003.0397,202455.7257,203902.783,205128.7769,206491.3425,207926.7295,209626.3207,211422.5393,213159.66,214900.6138,217003.037,219219.003,220915.393,222463.3941,224046.2172,226039.503,227708.2028,229337.4601,231093.7803,233016.4662,234553.3797,235722.8103,236727.3372,238164.5042,240216.8157,242875.7794,245461.421,248034.059,250380.8888,252703.4211,254738.3913,256588.8604,258104.2934,259640.4479,261350.0601,263463.1136,265523.0485,267395.7969,268972.916,270142.9351,271356.9746,272818.6656,274382.7037,275803.7795,277072.1454,278428.4254,280612.5018,283716.1855,286741.294,288486.3125,289063.1054,289727.5718,290582.1474,291419.7879,292138.9989,293295.3137,295098.0034,297506.0202,300341.0458,303323.4086,305683.0408,306984.4201,307064.7192,307068.5279,307765.128,309699.6516,312614.2489,316058.3352,319805.5656,323673.8357,327836.033,332516.3586,337737.5068,343200.5743,349087.2914,355331.7303,360447.3773,364108.5895,366196.4344,368894.3267,373018.4737,378656.6707,386277.9168,394830.6336,404210.8011,413288.1387,421713.0805,429109.2145,433975.2825,435985.3296,435780.8921,435449.7563,435407.5388,434900.1007,434121.8857,434244.2262,436138.1527,438121.7454
167268.496,167735.4825,168291.3119,169249.7247,170131.1653,170851.7751,171821.7381,172838.5315,174006.3172,174954.3896,175902.6069,176751.8681,177568.6873,178302.4142,179238.3752,180394.9013,181800.2791,183105.6164,184755.1947,186732.8557,189031.3705,191337.3587,193302.5838,195217.7276,196955.5793,198782.7302,200646.1806,202783.6636,205243.8263,207893.4023,210651.9995,213578.2109,216301.125,218843.688,221375.4942,224288.4259,227181.6052,229858.8023,232655.2687,235669.8721,239159.4149,242403.8564,245594.0525,248892.4256,252196.0356,255521.1437,258684.1556,262260.6569,266204.2496,269740.5705,273099.6822,276249.6214,280075.3567,284219.8996,289160.0957,294169.0279,299197.8316,304061.4296,308958.4252,314153.3828,318777.3832,323790.6928,329429.9072,336746.7375,344252.9536,352395.9188,361804.2397,371421.5236,379748.3605,385682.2984,391169.1703,395893.7257,401049.9129,405547.5855,410098.8364,414999.9949,419577.1118,423462.318,424183.4397,422658.5979,419257.6601,415316.5342,411240.6165,407001.3415,402611.7394,397820.4938,392387.146,385939.6918,379340.6437,373259.5117,366787.3379,360649.3813,354882.7669,349971.5609,344657.4794,338621.2216,332412.2669,327643.5563,323257.7559,319895.0091,316110.201,312667.1616,308516.3315,303813.0697,298606.9985,293733.5495,288064.7719,284180.7104,280454.2956,278423.2442,275275.6805,272191.1107,268860.0458,266029.8406,263928.7516,261761.4187,260450.3343,259840.3023,260639.6436,261230.2296,261671.851,261445.6022,262125.5343,262606.8099,262624.2227,261312.8653,259899.3226,258759.3344,257964.5659,256713.5825,255686.8744,254578.8705,253400.3125,252314.094,250636.9813,249534.1175,248292.5024,246905.0905,244844.5238,242942.806,241961.6977,241343.0591,241143.2281,241225.5421,241778.9285,242037.7247,242253.2392,242560.5592,243098.7222,244066.3877,245396.168,247060.3754,248985.4773,251229.1901,253975.4989,256612.0112,259430.2133,261999.5747,264997.4394,267973.3752,271115.855,273986.7507,276558.639,279297.8393,282205.7559,285411.4555,288435.8803,291601.6542,294874.1238,298215.4217,301507.9237,303920.82,306057.7478,307618.0284,309560.561,311268.0288,312882.0354,314483.2394,316446.611,318591.4876,321055.345,323235.8698,325353.1326,326972.1485,328871.7547,330915.5428,333623.118,336399.617,339182.0473,341756.0027,344735.4686,346813.5033,348440.0582,349307.3014,350732.4028,352411.484,354177.1945,356147.4625,358262.1313,360186.0319,361826.4517,363671.0368,365457.6215,366984.2949,368125.136,369540.2343,371719.2614,374072.6757,376072.3651,378029.2434,379736.1171,381694.4212,383240.8474,384785.6263,386292.4967,388227.4722,390106.4265,392098.4527,393968.7175,395662.4187,397306.5638,398669.2761,400868.3524,402824.2202,404435.5218,405504.977,406498.7291,407992.8528,409500.2081,411350.6241,412455.4015,412797.1321,412433.4311,412381.8235,412844.2963,413928.1247,415548.2642,417672.8509,420255.837,423004.2554,426092.0341,428948.9023,431249.1105,432471.0048,432283.9557,431764.4448,431841.2214,434327.7413,438982.2972,444655.33,450776.3936,456819.7123,463372.2947,470077.4001,477685.6613,486928.7103,497897.2418,509609.5012,520465.7891,530215.0407,539699.554,549305.5776,560099.5734,571590.3224,585989.5308,602028.9885,619513.3501,636160.9963,651926.9319,665838.2296,674473.124,676586.629,673421.5724,670313.5638,668091.2055,665879.0021,662210.1251,658951.1007,658896.777,660886.0427
77847.56304,77939.78131,78118.26001,78557.77998,79098.16248,79587.18474,79886.29895,80060.33139,80161.42199,80271.08415,80450.11019,80539.56101,80520.15936,80456.03591,80050.86035,79652.39545,79241.96052,79209.46897,79353.92689,79488.64451,79712.97192,79869.20854,80055.28464,80298.544,80498.7084,80612.70286,80771.29098,81060.93914,81317.90332,81478.4279,81566.51822,81720.21435,81767.69843,81857.80469,82006.29071,82360.01767,82567.71501,82810.70445,83160.25198,83754.8013,84453.1255,85000.61301,85418.92576,85790.71384,86203.4444,86790.87091,87471.78638,88195.37834,88766.35069,89191.43934,89853.24101,90571.42885,91341.3798,92169.75837,93440.28097,95015.07577,96659.57859,98239.33319,99579.03418,100857.1708,101943.2985,103385.8729,104707.6067,106574.0074,108815.0979,111719.5259,114866.1807,117904.4196,120500.042,122808.7278,125608.0951,128498.3921,130421.7832,131490.847,132745.7428,134761.1941,136459.924,137405.9472,137644.8667,137340.2792,137027.9188,136773.3826,136469.2692,136028.5016,135483.5851,135234.2659,134760.9746,134242.2013,133693.748,132910.2803,131844.2864,130828.4326,129759.2986,128771.588,127523.8978,126299.7016,124549.0058,123256.8995,122344.9021,121897.2463,120786.0221,119259.2177,117973.6086,116743.4134,116221.3112,115231.0826,114352.556,113289.8979,113074.7977,112626.3187,111383.6529,109745.8825,109027.1212,109068.9121,108961.8598,108142.7856,107185.3362,106665.7777,106470.1229,106023.8329,105007.721,104316.2333,104363.722,104700.5364,104832.6502,104381.7304,103831.2798,103377.4447,103036.1874,102585.1595,101599.5054,100653.9875,100366.1733,100127.3573,99600.7392,98633.40909,97529.83894,96730.6447,96096.07587,95814.99578,95404.48247,94552.30626,93977.95473,93823.90255,93832.83269,93583.79108,93303.332,93687.44354,94582.15522,95551.37728,96319.04862,96712.74918,96888.76322,96924.24209,97048.40999,97501.99042,97615.20056,97404.20148,97229.54278,97570.74117,98683.14149,100058.2402,101443.9435,102763.7565,103676.1696,105070.3317,106329.874,107813.0908,109209.6852,110907.5611,112637.1715,114364.7902,116020.8724,117716.0639,119201.7679,120698.0005,121860.2894,122891.118,123766.8718,124729.8921,125600.0411,126238.1699,126915.156,127495.4722,128211.9402,128924.0252,129850.7179,130677.5185,131236.0823,131586.2569,131728.8858,131990.0364,132631.1377,133546.4506,134505.946,135123.9102,135455.0239,135607.8738,135726.3269,136224.0008,137006.4578,138202.0676,139249.1003,140083.3694,140829.6536,141858.8718,143236.4984,144514.5541,145520.6036,146363.727,147259.0625,148261.1272,149424.5646,150772.8349,152170.1649,153459.7703,154686.7525,155883.4826,157178.5289,158148.1626,158894.5992,159524.2758,160486.6557,161480.4385,162469.357,163351.6214,164391.3993,165469.0143,166317.6467,167146.077,167834.951,168548.5596,169210.7532,169982.4996,170779.549,171608.499,172567.8481,173885.0317,175386.9244,176864.6024,178839.307,181022.6864,183254.6988,184516.0717,185251.6989,185839.406,186984.7045,188771.9376,191271.1653,194170.6863,197559.2187,200977.5968,204755.9282,208362.9958,212097.2449,215626.1376,219371.8936,223418.8044,226939.7007,229553.9882,231387.5222,233191.3575,235744.3179,238520.9304,243148.7134,248989.1946,256151.4939,262729.1808,268403.9832,273286.4826,276588.4874,278318.5119,278513.3642,278697.0197,278930.7951,278628.5499,278011.968,277574.2562,278404.8054,279268.3649
155599.9513,155843.2301,156115.5573,156744.9827,157506.4322,158385.7372,159205.0732,159992.6308,160745.0802,161526.4433,162340.866,163433.2891,164437.2391,165298.8579,165846.6762,166572.7625,167439.0878,168533.7088,169825.4856,171530.5402,173118.6131,174587.2757,175698.6254,176951.6133,177858.8412,178650.0465,179393.1307,180538.3809,181746.323,182861.9814,183790.1616,184888.8521,185803.5629,186591.086,187563.995,188964.1579,190510.7186,191728.8511,192613.8805,193725.1734,194842.1667,196463.9388,198103.0818,200162.4801,202061.555,203998.5921,205820.7247,207738.5339,209299.1818,210653.2912,211962.2579,213902.4612,216452.4623,219035.3734,221921.5599,225071.1587,228765.1772,232313.3834,235943.3167,239717.1745,243086.1749,246235.3219,249716.4232,254298.3731,259489.1285,265755.0259,273160.9045,281638.9442,290413.8762,298588.6458,305222.2016,310863.3026,314643.189,317643.3572,321053.8258,326387.73,332672.3483,337218.542,339363.3708,339625.7853,339744.4491,339926.0524,338389.5492,336025.1455,333019.4251,331639.5847,329633.9445,328431.7211,326523.6588,324513.0798,321139.6333,317732.1656,314041.3208,309367.884,305528.3365,302756.4562,299946.3277,297028.1711,291868.5964,286907.1432,280874.3944,275278.0495,270416.4928,265363.3991,261051.2036,257498.9727,254364.9115,250121.7235,245433.068,240720.084,237650.9544,234444.2591,231480.4927,228535.3248,225719.8636,222495.3065,219017.8866,215746.317,213539.249,211262.4129,210208.8995,209878.9836,210591.4945,210571.9907,210204.3403,209646.9652,208836.7089,207620.9453,205420.3957,202793.6178,199967.8419,197921.3514,196700.7643,195260.757,193729.0074,191462.5693,189504.8144,187585.2978,186340.7539,185195.9977,184307.5837,183552.475,183105.3517,182466.0942,182021.2861,181798.555,181612.1546,181494.4952,181494.0966,182052.6868,182425.2942,182760.4793,182850.5759,183015.0412,183613.5774,184693.7527,186335.2033,188417.6856,190867.1496,193609.7626,196589.9951,199489.5609,202344.0181,205168.8474,208009.6888,210882.401,213603.7026,216395.4509,218963.8205,221537.9269,223952.2106,225981.6615,227682.1411,228855.1251,229954.9809,230592.8486,231312.4361,231824.8276,232648.015,233540.0631,234388.7807,235270.2607,236291.0492,237641.7324,238966.4781,240170.257,241438.7559,242706.9832,244048.949,245441.0148,246972.0779,248452.5398,249708.96,250694.3232,251324.1164,252397.5969,253643.1371,255173.8201,256400.221,257411.1439,258590.082,259986.1419,261629.4098,263503.0797,265190.8391,266895.9901,268074.5514,269477.0215,270660.3595,271960.5946,272846.339,273749.1158,274946.6262,276505.6937,278373.7352,280231.2401,281978.4302,283392.8967,284645.6069,285781.062,286912.722,287741.5957,288660.488,289465.4224,290477.6208,291303.6033,291984.4721,292836.8059,293847.1711,295292.5229,296436.1877,297553.0234,298129.1188,298715.7544,298935.7988,299277.2113,299590.4965,300142.0739,301228.7735,302796.1654,305076.3672,306988.1885,308652.6565,309782.8274,310553.4889,311361.6,312422.4231,314346.7638,316877.2378,319769.6292,323198.8286,327169.9382,331516.1104,336016.2393,340856.467,346291.4387,352382.1042,358738.72,365337.6419,372012.3276,378891.056,385857.1936,393396.1918,400893.1852,408836.3262,416705.9399,425263.3652,433989.1408,442452.5283,449887.3119,454855.1877,456753.7568,455365.4331,452764.37,449726.8489,446547.4459,443649.5168,441561.55,440924.2613,440899.7173
170717.7531,171176.4782,171571.6196,172289.1343,172921.4689,173506.3404,174359.8801,175187.0321,176147.3496,176972.8222,177779.2385,178527.1089,179136.898,179735.0777,180549.9673,181584.9209,182835.9989,183931.3614,185333.6276,187051.9267,189126.01,191223.6228,193056.3701,194801.7913,196310.767,197802.3429,199364.503,201200.2999,203350.7152,205554.726,207901.9123,210470.4944,212980.2877,215360.2084,217590.9642,220148.6998,222576.346,224905.1275,227149.7087,229548.0523,232288.9443,234983.0253,237877.5806,240915.0141,243986.6601,246970.4634,249885.1862,253174.9584,256849.7661,260094.0058,263178.8068,266122.68,269745.5216,273615.7976,278164.432,282805.5582,287521.387,292119.7684,296807.3551,301874.6887,306414.686,311245.9829,316490.4903,323208.787,330122.3504,337711.1203,346489.0871,355107.4589,362757.4167,368256.4455,373677.2304,378316.7498,383431.6856,388231.681,393171.9856,398653.9061,403812.8189,408318.0059,410053.042,409802.8383,407925.0173,405233.0344,401859.3887,398194.366,394462.7122,390717.4361,385952.8352,380363.1713,374255.2897,368334.9544,361453.5584,354796.2841,348816.6579,343705.3319,338395.8596,332173.8927,325540.7638,320006.767,315315.5122,311715.3924,307913.1364,304181.7424,299898.4535,295450.4807,290295.9512,285607.29,279960.8437,276655.8727,273699.2649,272310.031,269557.5754,266282.795,263000.4846,260132.5241,258223.4278,256069.882,254704.1747,253625.6347,253537.2954,253058.0462,252803.9285,252143.7902,252518.5639,253026.6715,253544.5493,253092.0499,252389.7415,251539.2434,250769.076,249539.1478,248497.4351,247130.6269,245321.3506,243586.1643,241737.9504,240827.603,239735.7988,238527.1342,236581.3082,234946.1674,233957.8994,233438.5136,233287.9632,233489.1165,234052.0308,234403.1072,234562.6686,234698.5967,235094.7128,236228.0851,237947.262,239992.9534,242002.1489,243992.287,246406.2019,248787.0715,251734.1971,254482.2869,257615.0187,260600.4674,263739.9496,267090.4548,270521.5589,274237.5586,277738.1768,281250.1121,284337.9927,287344.4152,290339.2455,293583.2842,296957.5401,299610.3529,301949.8441,303821.2028,305921.0227,307767.5205,309509.7199,311197.4269,313311.2736,315611.6186,318277.5967,320525.8328,322603.44,324284.6164,326034.0098,327972.2128,330494.5607,333179.9769,335998.5268,338706.0709,341787.0192,343920.4083,345630.1884,346817.3248,348302.636,349727.3856,351088.9543,352803.9587,354685.2717,356454.3491,357874.376,359662.9069,361586.7703,363069.5598,364003.696,365100.9773,367213.4501,369468.2158,371264.2751,372782.9609,374091.2924,375562.4145,377085.1275,378845.3334,380758.259,383209.2002,385363.3196,387286.1306,388571.7873,389689.972,390868.8692,391556.0461,392863.324,393939.201,394940.9112,395752.014,396828.9805,398554.4274,400018.1722,401077.5919,401264.3468,400715.4851,399658.8688,398991.4546,398843.5164,399479.8867,400413.6043,401788.7277,403633.8415,405940.0108,409179.2831,412470.877,415288.4187,416594.2811,416427.5532,415657.3883,415541.4794,417385.1262,421354.1433,426144.6302,431504.6242,436838.1332,442999.9983,449455.2833,456556.3996,464399.9045,473633.9421,483922.552,493977.7774,503275.4395,512007.9735,520942.9282,530686.8994,541373.4289,555060.8482,570773.3741,587830.4612,603688.4781,618762.6985,632187.9772,641056.1577,644284.6868,642365.9414,640279.0717,638250.4768,636358.5623,634013.4931,632641.2002,633991.169,636282.2661
98789.39049,99045.74454,99435.72346,99944.78991,100432.3354,100723.2199,101178.8412,101642.5778,102094.5656,102475.7743,102857.5316,103400.0176,104025.2589,104684.2414,105335.957,106030.769,106698.7282,107466.755,108400.0091,109345.2923,110187.7456,110807.8504,111443.5028,112220.3057,113039.4422,114095.9327,114911.9237,115804.7608,116611.5609,117634.5665,118651.2803,119676.5973,120710.1728,121886.211,123047.262,124339.6302,125826.694,127460.4908,128891.8543,130070.0015,131032.1734,132130.9913,133218.3499,134617.2033,136003.923,137378.3631,138442.3571,139526.888,140653.2456,142043.631,143644.265,145696.9692,148053.5638,150772.1344,153444.2285,156670.424,160119.6283,163989.3717,167815.4092,171620.8042,175660.1096,180045.6425,185472.3822,191194.4055,197400.0494,203696.9155,209981.9557,215824.7607,220804.7515,225804.603,229408.3868,232991.2152,236590.7273,240304.5371,242712.751,243738.783,244743.4155,246248.1988,246611.7434,245609.085,243393.9805,240744.7273,238166.3673,234453.4452,230517.0772,227093.5131,224189.7041,221369.0246,217193.1461,213011.5929,209063.4185,205147.527,201384.6774,197498.6926,193946.6287,190263.5694,185678.0644,180988.034,176252.0891,172956.3617,169597.8958,165739.0927,161181.7504,156286.9932,151512.2225,146739.8136,142502.059,138648.9964,135120.5177,131583.953,128188.9525,124534.8638,121638.859,119207.6616,117192.7164,115535.5586,114056.9101,113083.2393,112116.0635,111463.9608,110765.2727,110352.6801,110083.1388,110604.2474,110708.4337,110654.6883,110321.3606,110258.4005,110075.0634,109460.4155,108519.3487,107985.2767,107574.7048,107377.9456,106811.5784,106170.9543,105625.8745,105311.2512,105063.1099,104870.7781,104698.2826,104675.3153,104851.8747,104828.3643,104898.4299,105048.4471,105680.0778,106911.5976,108503.4771,110347.2712,112164.2184,113653.7264,114865.6372,116132.9965,117803.868,119769.8052,121737.0689,123716.4992,125955.6991,128411.7591,131013.9943,133355.3874,135584.5736,137533.8924,139050.8706,140340.0429,141534.4763,143032.1688,144363.2255,145373.1397,146167.9447,147028.1775,148101.957,149124.748,150374.9692,151636.2624,152846.1252,153582.8136,154536.7286,155711.9798,157194.156,158356.2835,159554.1198,160766.3217,162415.0823,164209.5578,166270.7378,168517.767,171007.2531,173644.1873,176123.8457,178151.267,179804.1408,181266.8317,183037.8258,184991.7354,186893.8608,188431.3376,189724.18,191082.9003,192744.0035,194358.7277,195921.418,197255.6325,198473.2377,199528.3349,200683.3193,201737.7827,202601.7034,203313.8323,204126.2479,205008.1483,206014.9719,207173.9053,208657.0276,209923.7078,211174.3779,212188.773,213429.9786,214380.9863,215375.5231,216166.8308,217416.8945,218653.3238,219948.2311,220786.4625,221702.5313,222548.8757,223434.9886,223985.7479,224332.0687,224501.222,224578.6223,224705.3613,225109.538,225615.4904,226100.2142,226612.9191,227603.2669,228951.4625,230720.1003,232364.0362,233841.353,234720.1758,235074.634,235453.1306,236186.711,237603.9487,239530.0856,241938.3672,244887.8057,247995.2722,251313.6125,254717.5393,258462.2157,262256.1453,266543.8244,271787.0323,277531.5919,283729.3813,289645.6793,295974.4414,302296.423,308732.9602,316563.7314,325579.1885,335968.6388,345845.956,354796.0917,362470.1184,367645.4926,369847.0478,369090.7608,367038.8504,364775.2153,362321.4826,360120.4094,358501.3506,358134.1437,358159.9827
46353.58803,46475.40408,46600.36851,46857.28306,47074.64361,47247.80723,47351.20663,47568.63717,47852.28263,48265.76634,48634.73881,49043.70455,49393.77203,49813.1008,50389.75745,51071.11022,51852.75094,52644.09503,53510.57687,54431.61571,55345.91146,56325.7172,57237.05764,58063.0577,58675.26888,59103.39085,59442.00206,59853.43374,60365.13415,60862.69748,61390.27251,61974.06409,62670.59706,63415.08043,64082.47552,64714.29946,65190.79386,65669.05124,66250.5954,66973.12701,67799.02859,68566.66654,69390.47135,70168.26589,71022.73004,71821.41286,72619.54973,73308.33971,73966.17065,74592.62732,75187.45249,75906.10384,76863.34758,78068.6734,79304.88672,80653.4423,82044.24079,83343.18146,84432.82889,85473.80073,86595.36516,87902.73101,89654.23173,91669.99698,93818.02194,95670.73819,97563.47604,99505.02717,101416.287,103381.8968,105095.8948,106760.302,107866.9925,108915.2854,110010.1009,111919.3845,114087.7756,116596.7993,118754.1362,120578.933,122102.1719,123261.792,124459.7752,125317.6686,126016.6204,126398.6581,126440.4692,125926.936,125129.2298,123958.7873,122615.1399,120958.5425,119415.9034,117944.5829,116103.9645,113989.1576,111756.6823,109990.1532,107744.4129,105559.1289,102740.2877,100480.7874,97669.78215,94876.68562,91237.56253,87407.57015,83813.77724,80695.21376,77960.9971,75405.5065,73278.56238,71616.3458,69609.3062,67623.44603,65873.83631,64616.75642,63399.37628,61995.63549,60811.06606,59852.32635,59252.71678,58990.28378,58854.46753,58612.58082,58234.34104,57613.11002,56890.98471,55953.61669,55073.27456,54221.87236,53416.60826,52631.29668,52059.27317,51641.7069,51241.0849,50679.29802,50063.55342,49608.37788,49193.04723,48876.71737,48537.32651,48311.28702,47930.50512,47657.81749,47328.9099,47291.48392,47309.63606,47566.22036,47984.44978,48421.39503,48828.44314,49070.57885,49487.54695,50013.20376,50707.76836,51476.30744,52488.72323,53612.15482,54853.68763,56106.67758,57464.40698,58643.16905,59465.47236,60055.08947,60731.86855,61767.53887,62806.16276,63810.94167,64748.92394,65790.46861,66893.33747,67875.39903,68921.09713,69636.36953,70477.87124,71272.60462,72228.7282,72933.62235,73667.10521,74483.57548,75193.00719,75626.40271,75972.30451,76513.21544,77227.79961,77811.51174,78353.29045,79038.81788,80111.92669,81393.37889,82350.99429,82992.27945,83528.0373,84053.49904,84595.3077,85154.05902,85956.54432,87035.68039,88024.76419,89280.69504,90648.88496,92331.93827,93617.51667,94411.36045,95167.90366,96216.14074,97630.24361,98860.45366,99995.38184,101145.6761,102407.682,103677.4665,104867.5773,106184.872,107918.8177,110039.8186,111755.3502,112853.1347,113588.0992,114101.2628,114866.8462,115514.242,116947.6564,118349.0553,119836.9721,121033.7746,122713.9426,124769.6908,126905.9518,128316.4642,129179.2746,129549.8762,129815.1369,130066.3109,130476.9718,131074.0616,131624.3172,132303.4027,133490.6596,135165.6815,137175.9689,138893.9272,140215.4471,140861.4458,141068.2732,141142.0513,141540.3681,142354.4278,143850.8047,145533.1712,147616.6756,149715.8922,152137.6153,154535.2997,156904.347,158974.2427,161119.9694,163617.9858,166887.4524,170312.9638,173526.4087,176129.1686,178928.7923,181952.0807,185676.1724,189845.4229,194267.9549,198800.0331,202947.0654,207570.4589,211351.4868,214348.4859,216347.0328,218639.8512,221096.5567,222951.2729,225041.2144,227347.699,230273.092,232648.6726
118950.12,119016.7726,119208.5122,119815.0727,120766.1146,121940.2575,122963.5471,123988.0486,124892.1453,125829.5541,126693.5352,127536.4251,128250.6107,129121.1765,129833.4128,130601.7421,131237.8306,132032.9439,132960.5606,133879.4467,134947.6157,136014.8834,137188.2604,138347.569,139494.932,140494.798,141521.8421,142609.3334,143681.9912,144695.2232,145738.7025,146929.1577,148118.9819,149183.3438,150247.33,151392.1387,152629.7048,153864.1636,155171.8578,156568.1581,158091.3188,159395.8029,160688.9199,161729.4181,162876.2042,163916.0223,164974.8115,165988.4506,166978.1447,168112.5758,169606.4494,171249.2895,172736.1862,174440.6472,176697.4965,179674.7616,182653.6765,185158.9492,186999.0854,188747.636,191222.5407,194336.7774,197775.8207,201920.1987,206076.692,210270.9181,213816.278,217979.8404,222858.8883,227365.4371,231548.7297,234717.2722,237574.5833,240844.1731,245083.0731,249741.419,252480.5119,254132.3328,255213.3415,256710.4111,256951.5402,255828.2647,253965.0097,251602.3303,250420.2789,249570.329,248612.3324,247055.1564,245319.9742,243594.4762,240682.4286,236913.5721,233444.6142,230323.4172,227560.7658,222891.6054,218810.4829,214528.9824,212197.728,209406.0312,206659.9158,203547.0957,200570.1185,197452.8204,194301.0876,190927.6511,187774.3738,185017.6148,182594.8587,179901.2388,177078.6298,173894.3503,171448.7945,169479.1537,167871.2362,166307.0955,164748.6567,163958.1242,163873.4963,164156.2289,164285.1455,164396.8509,164339.4953,164506.7217,164172.5552,163670.0084,162930.0549,161879.0521,160636.1583,159145.973,157780.8207,156868.2825,155567.5845,153811.9165,151877.0019,150294.6577,149350.4313,148096.5957,146650.6565,145225.7634,144324.9595,144215.3269,144149.4574,144131.4731,144054.6252,144447.4397,145267.4471,146357.0361,147586.0514,148653.8165,149751.9222,150591.0984,151274.8795,152199.0367,153631.3185,155704.5384,157307.3379,158598.4281,159878.8364,161563.5961,163857.6391,166111.4069,168399.887,170385.133,172109.5057,174042.5211,175894.6708,178097.5583,179845.4227,181515.6556,183140.8025,184664.9254,186458.3758,187729.1712,188905.0396,189718.8201,190464.5622,191672.0617,193247.3884,195591.0235,197252.9139,198537.5313,199479.5194,200896.1079,202459.1153,203875.1348,205451.4252,207245.7595,209207.2793,211231.2163,213209.742,215116.0796,216533.5736,217783.2727,218744.4187,220115.0155,221382.0864,222766.8758,223912.8049,225193.5329,226936.1512,229141.1892,231416.9294,233375.0135,234959.9331,236413.4731,237844.6013,239439.9448,240831.1412,242494.981,244116.5582,245847.51,247368.3419,248950.7482,250733.9489,252509.2579,253593.1384,254365.1937,255190.3169,256621.212,258285.832,259876.8205,261761.9855,263460.1207,265034.8293,266209.6489,267427.5711,268805.2552,270020.4407,271392.5967,272586.7433,273971.3972,274977.8067,276105.9507,277095.8573,278239.5184,279103.9424,280120.2873,281581.6032,283319.3545,285859.2866,288260.5444,290674.8255,292149.5147,292821.6028,293525.6397,294628.7801,296696.2713,299664.2183,302980.7262,307034.7916,310686.7635,314665.0973,318563.4912,323047.7998,327946.4312,333615.2636,340128.766,346929.4578,352771.7812,357809.1435,362470.7518,368148.4521,373750.8222,379761.0624,385379.181,391683.5896,398572.457,405913.6944,412678.4166,417326.3192,419444.0125,419209.0871,418415.7061,416897.5308,414573.5519,414092.786,415308.0209,418774.6904,421024.1146
74577.60474,74529.41055,74707.8799,75098.20766,75688.3096,76255.26124,76706.78814,77037.19737,77264.43489,77523.63405,77908.56081,78346.44016,78677.07499,79013.05785,79318.39953,79775.81555,80215.90105,80668.49919,81171.31479,81591.82975,82139.853,82672.3449,83269.00418,83792.64801,84227.63868,84616.05352,85092.46529,85741.86964,86601.61408,87486.7584,88307.94791,89035.12733,89712.98306,90396.97553,91112.57696,91868.65483,92588.44174,93385.18001,94177.23371,95012.93798,95870.88538,97092.07846,98466.204,100013.2474,101288.0278,102591.6839,103907.618,105247.624,106389.9732,107321.8023,108521.5068,110083.0118,111980.1913,113829.3905,115929.5759,118367.5892,120891.0099,123261.6331,125350.4058,127492.4889,129664.0609,132003.5266,134364.4082,137195.2262,140398.8475,143850.1837,146984.3547,149991.548,153344.2189,157065.9068,161243.9988,165318.9612,168769.9326,171606.2823,174242.1306,177291.1081,179943.513,182346.2358,183952.4139,185154.8473,185352.084,184952.9212,183993.4603,182299.4426,180501.5366,178671.7999,177336.0394,176038.4502,174366.969,172569.2091,170502.6705,168508.3712,166266.5883,163869.9804,161127.2756,158662.8025,155978.2481,153366.5464,150016.0415,147677.7741,145618.2605,143573.781,140501.1712,136694.7563,133309.067,130413.7302,127432.9147,124342.4177,122394.6635,121799.3415,121780.8471,119998.7238,117148.9316,113826.6747,111156.0564,109219.5136,107524.3577,105723.3216,104124.2992,102457.5058,100994.8823,99500.93255,98890.8717,98537.17108,98401.07886,97673.37613,96953.16188,95678.75485,94048.04027,92406.54618,91321.9113,90619.45283,89529.02213,88413.38623,87081.54623,85796.4617,84361.42995,83444.486,82689.00559,82253.99887,81932.8842,82041.79651,81733.255,81143.82144,80171.77524,79492.10197,79089.61419,79115.47431,79458.21615,79859.17041,80421.57322,80974.01857,81622.89832,82108.57665,82583.22468,83257.34435,83941.68586,84535.15361,85158.30344,86065.49509,87250.75895,88256.96012,89151.92688,90105.66762,91075.27518,92025.19955,92699.49723,93482.00423,94389.0156,95455.87975,96605.95821,97722.8422,98872.64169,99900.92673,100881.0893,101549.2963,101923.7255,102061.4848,102612.5502,103439.9822,104378.6338,105302.157,106312.1115,107325.0343,108359.2545,109281.719,110338.2694,111395.0579,112381.3211,113228.9592,113877.6425,114670.5583,115747.9683,116891.3983,118090.5883,119402.4049,120797.9205,122071.9094,122924.8157,124056.8503,125481.4038,127096.7509,128561.747,129821.6715,130814.0586,131428.317,131778.2043,132585.8408,133741.0105,135459.8593,137268.9427,138959.6745,140418.363,141843.4794,143493.0684,145040.463,146427.5715,147552.5315,148741.5636,149756.0306,150727.5475,151484.6691,152434.6424,153449.4662,154724.6047,156003.6296,157263.9031,158615.7797,159796.5351,160804.0664,161361.146,161776.3328,162420.0571,163330.6204,164399.6478,165349.3311,166236.1533,167309.8879,168491.872,169721.8095,170946.5034,172224.6441,173404.0249,174148.861,174148.4655,173869.6896,174006.8475,175095.5756,177152.4997,179530.956,182216.06,184574.95,186583.783,188535.1801,190681.7891,193530.8094,197076.1477,201680.5475,206061.1365,209536.3977,211940.7239,214274.1361,217013.9067,220089.4974,224787.6401,230941.0365,238247.8642,245244.2487,251458.7202,256858.4698,260994.7749,263558.9693,265006.6302,266038.4779,267160.2643,267433.0028,266704.0608,265258.8856,263841.4369,262920.8805
100767.131,100987.324,101368.5551,101905.8463,102358.8185,102687.8929,103134.5471,103603.5219,104032.1292,104448.2234,104913.9684,105508.7721,106022.1709,106475.7009,106819.6472,107245.5849,107967.0293,108715.6027,109673.0897,110436.8893,111305.0822,112152.8107,113140.0119,113967.1464,114510.8627,114970.0296,115577.9963,116381.7142,117199.7244,118092.2986,118913.2577,119839.8188,120626.0846,121373.2593,121992.0991,122683.4985,123437.9929,124081.7395,124751.0826,125382.4904,126136.6117,127322.9189,128725.5655,130139.8371,130978.8709,131920.434,133417.405,135294.7,137142.6897,138708.1177,140350.7694,142144.4114,144156.9518,146240.3385,148573.0189,151442.1455,154329.138,156954.3388,159110.6888,161425.4372,163755.6753,166070.1725,168241.5153,171087.6324,174445.693,178379.8338,182212.5739,186168.4179,190507.2116,195039.5911,200289.8809,205439.8364,210310.6264,214483.2575,218738.8718,223156.2309,226899.9342,230320.8035,232803.3483,234768.4405,235288.3454,235507.7916,235264.903,234059.825,232322.0377,230772.4878,230135.4515,229835.849,228951.8091,227531.6976,225461.4419,223094.1223,220653.9661,217939.6843,214780.4047,211862.701,208788.832,205742.3111,201472.8031,198343.0582,195462.4993,192851.5807,189209.5011,185478.6552,182346.7007,179793.4945,176520.6011,173040.4512,169954.2359,168466.7338,167588.2084,165374.12,162038.633,158200.5095,155218.1424,153064.0466,151078.6759,149227.1755,147585.3954,146050.7702,144408.6804,142290.5324,140822.1291,139381.6677,138174.0512,136210.4929,134360.224,132164.0897,129631.7288,127119.7444,125506.4545,124701.5592,123429.0396,121786.8389,119644.289,117590.988,115460.231,114184.2801,113107.3518,112009.2208,110897.8335,110003.1386,108942.645,107535.4098,106336.4543,105892.3805,105925.5249,106386.9768,107104.8121,107655.237,108177.2992,108628.0386,109366.7817,110131.4826,110917.7084,112126.4208,113461.9526,114942.1099,116304.3613,117885.2935,119631.508,121270.6662,122561.0956,123710.8631,124882.5224,126394.284,127865.8567,129388.7334,130832.5842,132357.7541,133917.9297,135419.1341,136857.9165,137858.0101,138707.5667,139503.0428,140396.2321,141154.8771,141851.8675,142571.9458,143181.6738,143887.1604,144710.3983,145714.3124,146867.2417,147849.8036,148959.3483,150116.5007,151583.9625,153038.0785,154297.1067,155324.2543,156465.3673,157612.9796,159045.9516,160787.245,162849.7847,164670.4979,166124.9647,167559.6133,169440.0562,171380.6582,173150.8768,174545.0683,175585.9307,176567.9273,177487.7136,178976.7158,180575.4138,182659.6164,184712.2522,186799.8743,188775.7342,190800.6851,192864.3437,194803.1917,196615.7537,198117.0171,199441.9196,200409.9463,201432.8412,202349.0347,203766.0647,205352.1434,207178.8569,208773.1374,210095.7,211351.5748,212457.4495,213492.6319,214348.8335,215221.8406,216147.1426,217145.9429,218139.1588,219319.9273,220479.9023,222094.8433,223853.2141,225789.7019,227903.4666,230089.1251,232278.8318,233716.571,234293.1812,234511.9335,235145.2619,236718.2561,239137.6737,241788.0509,244832.4327,247523.4654,250281.2323,253125.2278,256404.0268,260078.149,263996.9881,268593.3422,273143.2584,277251.3799,280520.074,283571.3669,286762.5598,290361.8018,295532.4961,302222.0393,309710.4921,316720.6455,322809.9971,328328.9566,332558.2292,334868.7227,335358.9089,334972.2713,334052.2674,332469.8351,330489.9262,329331.4474,328981.265,329145.9449
171117.7398,172133.8614,172938.1526,174328.8309,175228.6323,175662.5025,176053.7236,176634.3311,177890.6514,179370.7565,180670.9126,181669.023,182468.5764,183023.4021,183501.3283,184153.25,184892.2976,185562.1187,185904.0187,186652.7902,187839.1823,189278.5596,190475.4338,191603.9564,192919.2551,194296.2956,195611.4958,196731.3723,198046.8114,199248.3563,200326.5581,201602.0035,202768.3199,204189.6393,205551.9687,206815.971,207806.1357,208574.0558,209414.149,210414.6531,211154.8971,212174.4281,213222.7323,214763.012,216476.2334,218431.5047,220394.4551,222195.9306,224101.8391,226171.5775,228153.3467,230534.5674,233080.8945,236142.5379,239183.814,243007.7705,246795.3796,250671.5667,254012.9269,257500.9711,261299.9377,265700.6941,270844.1107,277339.412,284958.933,293831.0112,302822.4531,311391.8037,318774.6125,325336.3234,332242.3086,340187.6806,348483.6778,356613.5543,364431.8444,372220.6912,379417.362,385789.0896,390674.3386,393517.5193,394092.2819,394688.3295,394509.6827,393830.6354,390654.9098,388681.86,386902.0823,386435.9749,385087.9346,382794.3537,379365.3372,375159.8357,371234.4563,366499.5457,361619.6346,355639.2715,350943.6971,344014.5584,336990.0371,328750.5857,320769.7725,312914.2592,305388.3583,298704.4004,293104.7881,287114.3323,279575.6331,270698.6109,261222.0813,253259.1292,247637.3305,242873.9234,239606.2945,235577.9007,232254.3881,228697.6478,224829.5203,221412.0623,219168.7309,218020.9536,215572.5558,213353.8255,211553.6211,210456.7288,208885.364,207100.1493,206188.3331,204779.1032,202916.2686,201382.5385,199698.7572,197698.4019,195833.5437,194594.4539,193351.0301,191807.1915,190414.6307,189521.0312,188813.7338,188797.3669,189334.4384,189651.2754,189005.6162,188255.0738,188449.9213,189155.7265,189613.0233,189706.7856,190047.0972,191036.9747,192212.5939,193732.563,195813.8841,198083.2567,200611.3337,203260.8398,206211.5083,208960.5601,211526.494,214270.1441,217842.5247,221571.7647,225093.8262,228343.309,232080.2508,236221.0414,241015.176,246166.4886,251390.0935,255670.6774,258801.6732,261026.5737,262772.9348,264208.543,265498.6857,266619.0471,267947.0694,269085.0059,270598.7881,272312.6046,274407.1245,276129.8075,277514.373,278888.9064,280266.4898,281421.3278,282266.5406,283375.9281,285021.4417,286993.344,289114.8418,291100.6496,293229.7407,295175.566,296267.8876,297257.0345,298142.0242,299566.2671,300465.0499,301391.2878,302481.3919,303994.3029,305528.7004,307029.9438,308722.5308,310446.0779,311790.5189,313047.5525,313821.7782,314898.7816,315719.339,316904.2081,318255.7687,319865.4703,321360.1563,322844.133,324475.9215,326324.4004,328422.6786,330613.3172,332884.8609,334709.7929,336098.2474,337502.1403,339404.4208,341683.034,344041.1324,346208.6034,348721.2279,351811.5253,354916.7368,357352.3795,358887.5268,360774.6575,362803.8417,364791.5568,366379.5898,367960.4048,369869.4724,371766.8741,373629.0629,375425.4821,377083.8431,378411.0141,379075.3061,379796.2641,381084.2996,383496.4338,386577.1819,390207.4901,394413.7389,398573.4133,402600.2614,406578.0986,411238.3728,416820.2384,423976.9275,432473.6553,441667.1448,450984.7057,459881.0909,468854.2351,477902.5634,487352.3757,498130.0146,509942.4944,522523.0156,535046.0955,546867.1579,557580.6269,564302.6102,566881.4015,565652.842,563844.3754,561600.3557,558775.8472,554687.9055,552293.939,552695.6173,555356.2471
147489.5948,147859.2183,148267.9817,149223.246,150385.8784,151634.8761,152920.9664,154050.0329,155207.8656,156146.2024,157123.1904,158236.9213,159268.2773,160203.8168,160906.579,161650.5584,162362.3756,163132.6678,164039.7685,165262.0675,166327.2774,167339.1005,168138.3429,169189.3883,170018.3193,170763.2282,171306.3432,172121.9981,172948.6756,173827.4763,174506.8277,175336.5026,176228.3098,177358.8672,178557.4386,179780.8528,180861.2989,181922.7715,182933.7712,184393.1029,185899.0974,187455.3159,188938.5415,190627.2062,192392.3758,194277.9593,196116.3026,198115.8937,199683.5823,201017.6499,202217.2761,203778.8928,205780.7925,208072.9582,210807.6717,213959.8581,217358.5054,220437.1844,223351.9718,226309.2528,229075.9732,231846.4088,235168.2447,239536.2728,244376.2501,249469.0768,255406.2855,261802.9116,269010.9755,275871.1915,282314.1442,287952.4763,292319.502,296077.095,300218.989,305612.5062,311269.1332,315863.057,318535.7685,320210.467,321212.0834,321567.6113,320277.4814,317730.4197,315216.3277,313528.679,312147.6836,311389.8372,309984.562,307306.389,302922.3321,298496.58,294207.2756,289032.1897,284457.745,281118.3577,278013.5034,274236.7872,268921.2157,264289.2315,259658.3164,255624.2277,251823.1575,248116.3145,244462.7768,240760.8233,236240.2645,231399.015,226967.9761,223259.0751,220446.6286,217272.4791,214168.7104,210869.0931,208501.0197,206454.1631,204758.4496,202975.3412,201856.583,200757.0747,200511.3196,200552.2154,201077.5142,201072.936,201375.243,201651.9009,201486.5191,200798.0008,199217.8205,197804.3324,196217.4213,195143.7754,193883.38,192100.0991,190483.0213,188758.5175,187278.29,185902.5666,184807.968,183856.8388,183065.9125,182618.6664,182642.0082,182394.6666,181883.8813,181633.3278,181741.6773,182308.3843,182691.0699,183173.7994,183732.7773,184418.0401,184953.9799,185531.1557,186564.8233,188189.1617,190135.2781,192166.2643,194137.3133,196223.8371,198475.0966,200785.2095,203271.6551,205781.5436,208300.915,210685.9506,212947.1111,215246.9726,217370.1483,219596.7444,221255.0502,222495.9214,223292.9051,224094.2968,225229.353,226195.1949,227386.8615,228158.0003,229137.2828,230074.423,231100.8296,232164.028,233349.6838,234669.8391,236311.5938,237881.5951,239563.2942,240930.3417,242492.0052,244336.7174,246449.8331,248505.7825,250298.7035,252035.9566,253304.2946,254614.4445,255829.7821,257289.788,258530.7757,259519.7787,260776.1726,262428.4086,264306.9413,265998.232,267551.4546,269358.9116,271269.7993,273365.8744,275062.6427,276603.603,277786.0357,278809.3739,279879.5054,281013.7702,282358.6924,283949.4077,285710.3998,287519.8866,289311.1053,290767.421,291832.5898,292407.2294,293321.3846,294295.1857,295247.2349,295524.3705,295818.8298,296464.4658,297472.6937,298610.312,299366.2923,300007.6196,300377.462,301035.8029,301759.0755,302805.3976,303827.7646,305148.4213,306647.8626,308451.3736,310842.3961,313207.1773,315606.2289,317169.4172,318137.6251,318739.7789,319728.8093,321898.8717,325368.4226,329790.9673,334720.0785,339679.655,344665.4185,349860.3499,355520.3594,361787.545,368681.2656,376095.3516,383271.9801,389722.7518,395428.916,401392.0288,408473.4796,416215.2419,425625.0855,435764.5769,447074.4541,458018.6195,468208.9436,476757.4315,482498.1811,484683.9561,483592.6109,481045.0117,478049.5469,474702.1435,471735.8944,469287.5635,468571.6926,468640.6154
140921.603,141268.8009,141645.3372,142048.7481,142360.7288,142767.2051,143634.8166,144543.2853,145265.8788,145914.6629,146638.2593,147537.2096,148305.2987,149034.9403,149589.4631,150275.8342,151023.6833,151876.4467,152653.465,153073.0404,153365.2095,153528.5329,153768.9674,154202.2423,154532.1168,154965.3837,155094.5916,155423.8985,155669.3551,155900.1556,156029.1936,156369.8902,156953.8813,157638.0744,158211.5386,158693.5748,159003.0809,159467.0106,159877.9535,160475.3275,160888.2499,161487.5956,162253.3018,163271.5641,164318.4667,165379.6826,166485.2877,167586.1069,168578.2682,169531.8613,170590.9892,171754.5603,172991.585,174512.9623,176328.5299,178836.6806,182047.8038,185298.7387,188254.6049,190792.8944,194064.5348,197765.9245,201703.9408,205462.5643,209510.618,214821.8631,221227.0051,228020.0998,234323.8794,240261.2187,246260.9868,251198.6712,254092.6668,255612.0181,257705.9335,262737.6287,268488.2631,273949.3398,276478.2626,277480.4746,276257.3351,273078.4253,269201.8606,265920.3913,264626.8,264427.9216,264312.6884,263291.5134,261567.1399,259506.4104,257361.3477,255036.9569,252734.3237,249933.0319,245608.041,241740.8026,239139.7385,237547.4839,234792.0971,230962.9141,226234.9146,220884.4869,215688.3648,210656.123,206768.2116,202744.3038,198905.9369,193538.6693,187855.0628,182728.4182,179071.9529,175937.999,172900.6415,169002.0796,165160.635,161820.6065,158757.3487,155392.3845,152051.7407,149820.5795,148407.4468,147605.0864,146410.3718,145116.1823,143469.4895,141905.1174,140777.3486,139262.6006,138082.3912,136558.8418,135195.1873,133411.0273,130808.7954,128171.247,125714.1879,124352.9894,123801.1262,123860.7111,123983.6313,123851.8948,124027.195,124484.6257,124979.3016,125064.8276,125184.1909,125872.1853,127135.1712,128888.3151,130513.4833,132050.7693,133490.588,134805.933,135778.3972,136893.2291,138351.8862,140378.2369,142272.9658,143977.1603,145736.6884,147735.9467,150010.1393,152392.0916,154586.9211,156691.2167,158259.3311,160210.1475,162001.1387,164136.898,165891.5346,167634.6334,169250.4878,170347.6004,171309.4019,172052.7914,173124.8077,174040.5475,174687.7629,175258.8915,176406.3206,177800.8488,179167.3842,179922.7288,180658.154,181310.1307,182127.3748,183002.1987,184051.566,185224.4896,186238.1293,187502.8321,189051.4502,190852.7887,192387.3089,193420.0585,194098.6648,194736.137,195307.048,196145.4407,197012.3428,198278.9392,199470.24,200980.7281,202320.9889,203754.7775,204836.5549,205709.0607,206609.0638,207544.0673,208198.3488,209129.9335,209987.089,211066.7836,211915.2509,212988.6616,214455.8038,216087.4137,217992.336,219732.8348,221498.0672,222742.2411,224009.3824,224990.7738,226299.9401,227553.5132,228942.9288,230406.471,232185.9293,234234.1347,236367.7798,238164.1148,239497.85,240332.4092,240835.2813,241353.3954,242012.3242,243072.3362,244251.8431,245502.0554,247096.062,248933.0722,251022.5539,252867.02,254398.1199,255452.4585,256168.4688,257006.1965,258123.5415,259790.6621,262049.0303,264552.4218,267394.6635,269976.0586,272780.5276,275577.5243,278568.0959,281526.4293,284968.416,289570.1869,295392.619,301738.131,308019.1198,314183.8146,320577.6093,327135.5398,334282.8755,341625.2852,349094.6119,356170.5627,362643.8652,368529.3756,372738.756,374987.142,374872.7865,373627.8746,371950.5705,369939.1543,367807.6644,365873.3554,364906.9348,364394.3617
69672.10501,69697.07058,69817.82138,70126.31699,70509.25668,70885.13333,71153.97037,71493.11518,71890.03318,72396.03652,72941.82287,73544.01264,74055.66605,74631.83554,75489.49201,76585.16363,77820.08894,79053.87218,80397.48619,81872.88499,83407.35439,85160.60763,86769.79711,88173.8035,89224.70066,90056.70154,90749.73359,91440.90328,92246.88927,93038.89839,93812.15028,94713.60211,95736.63634,96865.54315,97887.4333,98919.52205,99800.69383,100664.7124,101728.6791,102943.8424,104305.4789,105603.6194,107026.5595,108403.1689,109795.5218,111083.5685,112334.0421,113415.43,114410.1932,115373.5157,116340.5258,117584.7869,119204.5702,121175.1185,123133.5236,125283.0371,127495.4433,129604.697,131279.2052,132895.6248,134532.8941,136518.6818,139057.3892,141983.1333,145154.3519,148175.075,151570.5989,155180.5326,158676.3654,162080.1159,165019.8034,167895.635,169945.6518,171745.1004,173479.7452,176356.8651,179426.0426,182648.3413,184931.1916,186677.8587,187947.4329,188694.5858,189485.6956,189717.6195,189769.9183,189218.9243,188215.9548,186386.7854,184221.3672,181547.8322,178567.1638,175177.5035,171926.0847,168995.3473,165749.5304,162202.0363,158648.0301,155662.8046,152120.5887,148627.9833,144300.4849,140782.3687,136469.7873,132532.2282,128325.5921,124133.5902,120010.0673,115996.4666,112496.4789,109375.4081,106689.2625,104439.2419,102014.8969,99629.50928,97630.82656,95966.51887,94503.87466,93340.99435,92582.02081,91927.42452,91429.0299,91242.16479,91171.11442,90672.65286,89865.59505,88887.57858,88095.92539,87098.45015,86074.97133,84947.41698,84150.98284,83410.3695,82800.49438,82219.05316,81727.74814,81104.73465,80274.09786,79546.83299,78981.93211,78705.96352,78483.64011,78198.62899,77975.22068,77858.20883,77792.78806,77764.07639,77813.2703,78161.78976,78708.35597,79283.6118,79811.29028,80192.05393,80589.83429,81129.54909,81985.52363,83279.84596,84818.57833,86479.68237,88289.28139,90087.07087,92236.78589,94120.72739,96011.87858,97644.1075,99399.50851,101237.4156,102831.5485,104453.9317,106076.3543,107907.5203,109623.2476,111159.2067,112969.1058,114501.0385,116143.5836,117323.0482,118522.756,119367.9664,120294.2632,121381.7942,122571.4225,123718.471,124853.0217,125992.6627,127145.1057,128142.4027,129305.3934,130578.7212,131901.6756,133254.1429,134300.0438,135257.4465,136086.6234,137001.979,138144.0014,139458.2132,140949.967,142566.2785,144137.1243,145954.84,147953.4461,150139.2166,151922.6215,153259.741,154556.5343,156171.4075,158169.8688,160112.7858,162124.5222,164087.3892,165875.8023,167513.3702,169022.691,170726.5172,172619.3972,174835.4633,176812.1811,178225.9286,179409.7756,180362.952,181640.946,182774.1672,184380.3062,186116.0915,187712.7903,189165.6924,190677.096,192478.2374,194282.1998,195436.8631,196059.3878,196378.7549,196595.9158,196954.7203,197312.1188,197886.9751,198547.4094,199434.5733,200774.3569,202328.3954,204003.3206,205319.7006,206316.9382,206867.7285,206930.8905,207102.5745,207748.908,209110.9473,211045.8341,213182.9289,215970.4273,218815.9649,221727.2878,224345.5456,226919.115,229508.5428,232432.2968,235911.4008,239925.1198,243757.2269,247359.3357,250892.0483,255043.455,259336.3191,263948.1942,268616.7674,273680.093,279018.1279,284059.7566,289014.8988,292897.0501,295548.819,297162.1021,298772.0436,300625.3563,301649.4554,302405.9445,303361.8286,305318.5754,307277.483
91679.57065,91710.71246,91700.2766,91780.02589,91680.74866,91626.35708,91630.73081,91857.01386,92086.28974,92224.39724,92381.96292,92501.02869,92682.84642,92856.52907,93092.42218,93291.6521,93589.7593,94066.62039,94702.95294,95262.44821,95764.05229,96252.60426,96841.54332,97634.90905,98457.24041,99289.58829,99991.722,100737.2163,101588.7084,102499.0218,103411.6295,104261.739,105060.767,105794.7825,106667.2787,107686.7709,108676.1486,109533.2719,110244.7232,111178.51,112240.5569,113339.5538,114385.3076,115537.6768,116808.8571,118175.1426,119206.322,120191.294,121103.6088,122273.9195,123892.4896,125648.9648,127895.9228,130507.7576,133438.1624,136472.9545,139235.9314,142073.8594,144559.5161,147394.4212,150408.0502,153899.4795,157212.7991,161211.9583,165507.8583,170011.9124,174643.7225,180248.8378,185633.2369,190234.7819,192932.8001,195667.2425,198291.8119,201742.3445,204982.2361,207891.8664,210460.6339,212374.2215,213268.8157,212708.225,211093.9794,209240.8967,207111.4487,205047.0676,203152.375,201355.1313,199483.7057,197322.755,194911.1973,192138.8125,188877.2267,185302.835,182030.4932,179029.7046,176140.2355,173166.0131,170011.2747,167331.0161,164352.3722,161025.3284,157175.6488,153658.7372,150146.8555,146970.7581,144442.5074,142324.914,139944.7062,137055.5749,134047.5674,131192.4445,128748.4712,126566.1795,124138.8064,121265.2403,118821.1601,116967.4934,115412.3295,114159.9982,113374.2731,112889.2033,112306.2914,111648.4553,110789.405,110517.144,110373.3775,110134.5193,108778.7888,106839.94,104894.2186,102995.773,101433.0956,99725.33311,98242.88449,96008.64309,94026.75061,92160.34488,90988.91681,89888.23395,88835.83393,87885.73865,87338.55958,87143.7422,86772.56113,86249.39105,85834.39443,85914.02072,86245.13442,86683.20661,87244.38013,87593.87435,87766.65796,87699.38274,87815.29789,88092.32924,88733.85413,89814.44299,90826.35496,91637.60827,92442.05563,93267.77466,94338.40912,95305.15915,96509.11135,97794.6428,99095.42341,100324.2172,101500.1805,102849.5116,104091.1791,105237.1617,106054.2583,107061.8656,108209.5496,109339.4504,110664.883,111926.9404,112909.0501,113110.2814,113557.9982,114650.5263,116318.19,117886.8404,119266.206,120447.5787,121513.8617,122492.2796,123971.156,125666.1299,127401.2395,128962.353,130656.8229,132620.4411,134178.305,135267.2567,135945.9261,136846.3267,137663.9487,138609.4982,139781.0057,141361.9176,143059.624,144850.7188,146726.1913,148556.6427,150500.9461,152225.3524,154050.4689,155611.7154,157379.3842,159373.8273,161733.7553,164097.0582,166139.9152,167539.6913,168781.8501,170107.8595,171517.9623,172979.4663,174308.2139,175523.9326,176427.3913,177483.7194,179042.1285,180687.1921,182111.0126,183010.5794,184066.6276,185219.2983,186218.2384,186923.4903,187174.471,187340.8547,187392.3592,187813.4771,188621.28,189470.2351,190085.1891,190756.0085,192072.2756,193853.5245,195702.9538,197408.1778,198902.8303,200293.906,201170.1123,202067.833,203346.7038,205228.9106,207917.889,210858.7681,214643.6909,218400.4971,222429.3953,226114.3507,229944.0448,233696.6389,237739.6741,242518.7534,246922.8099,250283.4658,252120.3741,253918.3721,256441.2478,259478.9392,264267.6363,270561.8493,278146.1481,285281.6415,291362.9164,296551.8416,300172.0278,302103.6973,302563.4033,302593.5177,302283.1291,301121.0675,299300.0324,297839.3151,297712.4359,298442.6082
139107.5758,139357.4521,139753.3078,140600.9761,141539.1047,142388.158,143244.3306,144092.7323,144937.9995,145610.5821,146308.9875,147067.3254,147937.9295,148790.5167,149695.6593,150548.6808,151395.5655,152282.6888,153394.0625,154436.9616,155454.6458,156286.4686,157155.3222,157838.3365,158518.5165,159210.8052,160092.748,161010.1103,162050.7911,163169.8875,164603.4543,166138.0418,167544.712,168513.6092,169279.8072,170130.5313,171241.6345,172590.3813,173931.5023,175057.5418,175932.7492,176642.622,177570.5258,178485.3062,179300.3245,180385.5673,181601.939,183119.1723,184174.4986,185396.7338,186719.1431,188477.4771,190563.4577,193092.6191,196033.7229,199024.5094,201908.1378,204326.0797,206820.6244,209390.3589,212026.9987,215015.9758,218265.2574,221949.4332,225650.0719,229653.2575,235105.4358,240441.7977,246366.5812,251352.3675,256523.3235,261278.347,265684.3961,270230.9203,275277.2715,281279.3904,286787.2309,291752.355,295078.4224,298520.5563,300596.3156,301132.4728,300056.0706,297428.2448,295642.6951,294180.1662,294547.0506,294824.6684,295088.6333,293154.734,290207.0682,286335.9238,282073.2569,277575.0693,273918.4281,271032.9941,267300.7577,261977.8301,256681.7396,252696.4188,249146.6452,245944.4059,242239.8944,238892.1594,235361.1415,231717.8308,226792.1157,222030.7147,218045.7745,215101.6025,212053.6033,208479.7387,205188.124,202123.5336,199909.7636,197838.6735,196172.0266,194882.3201,194093.3697,193367.5099,193100.1723,193137.8549,193390.8776,193179.9078,193317.9902,193364.2543,192854.3714,191748.3452,189854.8607,188088.5191,185965.797,184389.3855,182895.019,181392.3562,180042.1114,178220.6688,176349.5193,174586.9912,173227.1306,171963.2631,170907.1834,170453.7383,170665.2986,170808.0751,170361.3293,170424.938,171177.2519,172724.8936,173777.4642,174409.8912,175027.5978,175875.0522,176932.759,178272.26,179749.0961,181536.5315,183302.0092,185305.2847,187258.7504,189297.1082,191298.3097,193396.1367,195819.4298,198446.3371,201019.0945,203374.269,205628.519,207740.8829,209493.6103,211034.6456,212297.8914,213314.9337,214182.6804,214814.5323,215728.7251,216460.4325,217607.4274,218517.156,219766.9433,220750.5373,221958.3504,223012.4088,224158.2897,225236.6445,226335.7282,227290.9115,228368.1798,229508.6593,230996.859,232526.9345,234258.2575,236142.0945,238168.0179,240138.9879,241642.7953,242962.4559,244073.3276,245218.9118,246282.9842,247318.932,248558.3673,249866.2073,251175.3591,252417.5225,253758.4593,255403.8355,257248.7929,259097.0463,260568.3621,261774.4887,262796.8534,263827.8936,265047.5516,266198.9688,267685.8714,269501.3297,271556.1167,273331.5819,274634.6952,275565.27,276160.5965,276614.7192,277545.6757,278817.4177,280327.7292,281333.9442,282258.9706,283139.3352,284000.5935,284772.3694,285041.1703,285344.9423,285581.6286,286159.9215,286625.9448,287169.065,287688.102,288589.6765,289864.1081,291663.0015,293800.1272,295747.5742,297464.6951,298788.0807,299747.8743,300599.7053,301683.9968,303758.6597,306704.0582,310215.1527,314097.1655,318429.4957,323169.0783,328156.889,332964.2076,337762.6868,342402.8227,347034.9871,351196.7411,355150.7484,359160.3045,364036.3417,369913.2275,376492.8088,384709.5238,393853.1098,403423.8657,411737.3373,418689.4476,424741.2932,429197.4389,431467.5078,430923.2758,429036.4836,426602.8118,424038.6082,421517.0199,419726.5141,419472.8097,420563.3599
136818.1224,137345.1062,137777.141,138561.6823,139249.3944,139859.714,140497.9467,140960.9192,141500.6528,141984.9399,142585.217,143252.4244,144062.7279,144977.5717,145838.9719,146744.0865,147708.71,148748.8029,150016.928,151519.9562,153321.7037,155110.0359,156832.038,158552.8174,160344.3649,162283.6763,164189.1531,166158.9396,168088.0863,170118.6837,172285.9587,174634.3259,176831.7098,178887.1434,180688.0264,183030.013,185602.5198,188387.992,190925.8834,193373.5578,195579.163,197423.1836,198883.5191,200251.5867,201884.7387,203540.1304,205259.7738,206599.4828,208311.6396,210132.0325,212519.6993,214728.4069,217310.3853,219909.4504,222929.869,226150.4946,229516.9076,233063.7702,236743.5983,240885.3429,244908.2453,248760.8117,252280.5076,255775.2323,260422.9538,266194.6529,272623.196,279016.1673,286041.6894,292822.5456,298611.3885,303711.8528,309227.5128,314500.4067,320666.222,327364.5572,334746.9235,340667.5581,345832.3358,349847.9022,352759.104,354178.7944,355471.556,356626.5686,356850.3226,356984.7099,355871.4177,355290.9192,353980.0363,352812.2405,351386.3882,349589.7826,346437.7849,343398.9419,339370.1876,336461.0299,330247.159,322690.1934,313592.7329,305398.6509,298389.7043,291614.9468,285056.7261,277150.2295,268853.3714,260575.2951,253404.9128,245876.2216,237792.9732,230050.2432,222993.1212,217819.2358,213292.0977,210496.2874,207630.463,205406.514,203469.7298,202564.2545,201876.8714,200766.9395,199963.6232,199515.9768,199802.0195,200205.8785,200667.4334,200658.9623,200493.7747,200448.5491,200374.2224,199880.1964,199067.5306,198701.772,197942.9763,197436.5778,197201.6083,197496.7161,197558.2227,197102.2226,196953.3676,196873.4944,197465.6345,198507.9685,200340.4758,201682.6864,202687.1205,202388.9703,201580.6955,200786.434,200348.4218,201163.9904,202419.2184,204315.7669,206020.0288,207927.2033,210465.5257,213652.1386,217297.5312,221025.6576,224937.3185,229222.9752,233413.8951,237379.4501,240624.1429,243669.6537,246545.7221,249176.6055,251406.8502,253120.7455,254673.1907,256338.5492,258381.8204,260903.6308,263340.6447,265435.2582,267062.8751,268682.9615,270355.466,271767.829,273022.3006,274308.5143,275927.9931,277436.4374,279251.5077,281231.6919,283454.6353,285018.7743,285777.2155,286477.3539,287446.4625,288815.855,290057.0748,290894.6567,292052.7031,293522.019,295301.101,296648.3674,297239.0836,297474.1616,297641.2417,297794.6133,297730.518,297744.9968,298217.3119,298905.5849,299394.0744,300363.8459,301352.8302,302372.4324,302995.878,303857.074,304612.3529,304931.0214,304821.3379,304912.7444,304892.0487,305468.0581,307786.9771,311786.9795,316353.3147,319508.7407,321525.9192,322742.6277,324000.1891,325051.4648,326010.7268,326469.617,327087.9627,327762.1927,328295.7732,328484.0263,327890.9132,327247.0949,326370.3197,325831.9277,325465.5836,325176.2257,325314.5411,325649.7255,326500.605,327788.3973,329671.9652,331455.2965,332834.5524,333232.5266,333307.5619,333292.1091,333607.0813,334500.7592,336238.4426,338737.508,341974.3315,345185.3304,347629.4192,349363.0318,351286.805,354729.1839,360380.6715,367160.0466,374952.5409,382695.6354,390883.8635,398773.912,407259.9524,416387.0281,425626.2088,434358.2167,443788.42,454618.3739,466930.9335,478169.9717,487299.7418,493855.3514,497961.5965,501389.064,503950.3372,505591.1604,505959.7409,506362.9683,507969.8577,509969.4768
185006.5187,185331.3675,185853.4298,186963.2428,188108.316,189245.6276,190349.7659,191800.2441,193385.586,195260.7081,197141.8082,199144.8302,200730.1114,202445.384,204868.0913,207870.7887,211500.1954,215349.3197,219745.5282,224190.7213,228611.8949,233183.9196,237290.8104,240856.2719,243529.3473,245768.2086,247497.9409,249271.4988,251285.6168,253549.5445,255915.895,258545.7739,261132.8129,263785.0676,266144.6612,268552.1018,270451.3864,272320.9048,274687.1951,277657.5199,281053.2857,284426.3955,288208.3602,291966.2014,295672.7869,298903.6861,302067.9847,304839.1665,307522.423,309915.1803,312122.2866,315034.4778,319087.5102,324303.737,329453.7038,334981.2199,340739.2243,346438.8371,351425.1026,356332.9132,361239.8686,366740.3233,373691.8559,381679.0292,390746.9355,399703.2024,410439.8017,421945.3248,433165.0485,443596.287,452654.2925,461386.1824,467650.0839,472285.2229,475629.6184,481673.9537,488208.9433,495737.247,500809.1974,504453.8005,506626.5898,507253.0027,508345.7843,508151.0465,507882.8091,506206.4364,503686.3197,499066.9334,493837.6511,487183.7265,479607.4302,470464.6961,461809.3926,454354.3266,446446.1727,437725.0633,428638.479,420461.7056,410933.3162,401485.8047,391043.7256,382514.8203,372735.2089,362934.4312,353017.4079,342863.8593,334151.8527,326205.1748,319753.0765,314126.1373,309301.9605,305887.4485,301918.035,298242.5834,296004.9732,295379.3146,294851.7259,294915.0269,295174.3452,296380.85,297872.0506,300641.6663,303307.2977,305068.1505,306217.0516,307108.4857,308333.0441,308370.3051,308071.0432,306380.5509,304654.2048,303017.2923,301926.9269,301379.4875,301387.2925,301176.09,300503.0361,299491.8947,299092.6522,299653.24,300366.7164,300785.5711,301258.0829,301707.8493,302412.0035,303215.3432,304628.4969,306321.6643,308312.1863,310123.4635,311689.4015,313096.5373,314661.5637,317153.4041,320812.0462,325016.9582,330055.9851,334793.2837,339199.6942,342423.4835,345940.612,349530.857,353147.9535,356789.1865,360918.9438,365666.9236,370192.481,374751.3616,378958.3585,382826.6115,386879.6979,390802.7464,395024.0862,397721.8599,399398.1992,399705.7954,400303.9863,401049.6347,402402.5262,403683.6679,405640.8961,407538.2332,409878.2896,411785.8327,413385.9175,414293.8958,414745.6364,415495.472,416514.7835,418282.902,419574.3215,420121.0796,420284.4468,420471.1286,421389.1553,422309.9012,423784.4518,424845.2015,426091.2891,426851.4379,427833.9854,429259.5245,430529.9371,431576.6099,432835.9187,434754.6507,437289.3871,439328.7589,440944.8766,442255.79,442889.3881,443559.7521,444422.2302,445824.4568,447585.9306,449947.4757,451915.5247,452831.0106,453484.6872,454912.2074,457127.3597,459033.0331,460674.5429,461810.6653,462366.3803,462677.7003,463565.9246,465222.4168,466632.3183,467919.719,468557.235,469193.703,469001.6161,469127.3531,469058.3499,469473.5117,470053.8789,471188.7349,472755.6905,474558.7569,476836.5219,478938.6296,480974.7229,482489.7123,483068.3678,482935.5109,482987.604,484301.3983,486831.5233,489874.8598,494249.8289,499009.4224,504033.2717,508318.9325,512865.7184,518166.6201,524958.0239,533067.6826,541936.4296,550412.4751,558003.1487,565219.3501,573571.7522,583580.4771,595462.6093,607749.2488,621054.7855,634479.8242,647574.4278,659672.544,669285.1774,674952.9864,675358.9978,674462.7429,674305.7372,673735.5673,672361.2528,671368.6795,673621.8813,677800.8229
119329.6138,119510.9156,119902.7166,120615.4944,121376.8096,121974.5585,122569.2744,123128.7199,123596.7146,124062.3071,124638.2486,125377.224,126032.7215,126553.1874,126986.1763,127457.2732,128068.5089,128768.216,129712.9585,130731.6141,131863.2358,132874.9236,133952.3453,134985.9357,135831.1865,136668.4713,137561.8107,138785.708,140120.6561,141609.0412,142963.077,144191.9375,145413.1708,146664.3299,147908.658,149130.3193,150401.9718,151660.9479,152790.8538,154119.5641,155740.3146,157943.807,160245.9373,162520.8909,164184.278,165733.7006,167277.9834,168946.2143,170351.3528,171552.2943,173288.8411,175375.3145,177801.2825,180028.7712,182722.4798,186083.1873,189388.7889,192307.8774,194710.8503,197387.4631,200374.1312,203678.2495,206673.0646,210374.0677,214403.2754,219181.4975,223655.6128,228304.7757,233570.6537,239132.1253,245178.4877,250549.7167,254937.9557,258716.7542,262829.8014,267523.5203,271304.4734,274290.9519,275975.2823,277035.6235,276604.7284,275485.4829,273827.0105,271423.4645,268959.5179,266415.1072,264432.3577,262482.9161,259376.3519,255565.5419,251076.3748,246886.417,242890.9574,238661.1333,234206.8279,230116.7241,226071.7958,222364.5538,217572.6597,213958.3086,210656.216,207778.1693,204110.7127,200114.6707,196741.5724,194026.6971,190619.6222,187117.1834,184359.8434,183336.9298,183018.7081,181177.7518,178983.7416,176759.6819,175403.8207,174236.3944,172662.0706,170769.6921,168883.8743,167022.2493,165493.2501,163483.4719,162586.0284,161957.895,162264.0009,161353.0984,160249.9415,158414.5753,156841.2115,155722.1717,155791.8265,156330.2693,155984.1186,154794.2323,153070.1373,151480.4496,149644.346,148522.1784,147500.7245,147024.9844,146663.56,146655.7467,146152.0429,145197.0797,144046.7958,143520.9828,143356.196,143649.7465,144046.3393,144488.9278,145023.4242,145488.0047,145917.142,146384.5845,147092.8419,148128.7188,149208.4457,150340.8131,151657.91,153118.9932,154847.4513,156559.0081,158322.0369,160149.8342,161988.8354,163694.9403,165108.2099,166337.6411,167490.4272,168585.3209,169661.6679,170685.7918,171878.2701,172786.9243,173630.3003,174076.7824,174565.738,174993.3415,175838.0346,176958.7206,178374.4315,179756.5198,181154.7081,182391.466,183645.2214,184774.9239,185981.3593,187130.5768,188287.3643,189636.8763,191165.8097,192724.414,194179.9616,195439.984,196817.8113,198389.5343,199929.5351,201232.7816,202130.766,203200.6032,204519.6504,206096.6479,207680.3103,209183.483,210512.4863,211910.7579,213338.0643,215095.5444,216621.8749,218222.1783,219715.3236,221331.2916,223130.3198,225234.8172,227448.2658,229401.1472,231109.7965,232655.4672,234273.5874,235530.7518,236601.0647,237430.6544,238534.6757,239562.5906,240546.9241,241311.6468,241943.404,242806.2164,243578.2665,244412.1742,245000.6571,245597.8291,246286.1397,247114.6697,247986.2283,248931.3056,249764.4556,250977.2873,252406.2622,254105.0841,255860.2559,257559.1181,259162.29,260194.0507,260505.9937,260649.2184,261224.6933,262849.4763,265402.0251,268429.4558,271797.8042,274819.7089,277565.8629,280165.3531,283099.1382,286716.3699,291153.6171,296456.4208,301603.5434,305944.505,309077.8578,311960.5217,315064.848,318793.9103,324044.8174,330707.619,338034.0881,344820.2272,350643.0477,355464.6738,358847.0582,360375.3435,360685.5613,360489.5741,360002.394,358790.5686,356921.2075,355624.815,355329.2296,356237.2914
86924.37936,87197.66234,87434.51576,87888.11193,88259.70388,88587.82626,88913.9076,89230.72474,89582.35395,89881.02748,90204.33595,90542.34077,90929.84,91326.30238,91703.16748,92158.48963,92721.15043,93366.73156,94089.83757,94901.50695,95860.63437,96807.91698,97732.08153,98614.83047,99564.17013,100516.4601,101500.2879,102562.6168,103693.2264,104884.0785,106134.0237,107433.5157,108700.9,109919.8078,111084.8953,112653.7665,114413.0475,116326.5191,118060.6089,119854.9767,121564.0936,123092.458,124382.3311,125715.0705,127215.1401,128748.1123,130242.0404,131471.2445,132858.5055,134250.0439,136044.0207,137747.8181,139705.6199,141695.134,143896.8161,146267.114,148666.7512,151185.7861,153698.921,156452.67,159115.6776,161737.0886,164136.1755,166403.2573,169216.2649,172648.4603,176475.9104,180304.6943,184479.0916,188398.1703,191590.8456,194223.5653,197051.9462,199775.7656,203104.3953,206823.71,210792.8271,213820.0779,216327.9714,218316.2047,219891.6227,220887.2854,222008.4398,223126.6736,223691.6846,224154.3837,223844.1633,223849.7596,223368.0275,222879.2233,222183.0817,221303.9018,219532.7086,217817.6098,215450.3487,213925.3744,210255.6805,205822.4814,200450.4087,195647.6623,191504.2302,187520.661,183611.2442,178725.7154,173081.2926,167492.1994,162598.2421,158178.1039,153878.1664,150168.7723,146281.9658,142455.1881,138043.3176,134624.0791,130785.8647,127551.0645,124152.7742,121760.3969,119778.2153,117901.3588,116324.3984,115070.2464,114195.3105,113226.3942,111656.853,109539.1623,107555.6791,105865.0827,104458.7214,102917.955,101336.3438,100252.9298,98987.35851,97808.55849,96661.88473,96072.10666,95531.7599,94822.36091,93907.62691,93111.49017,92382.24713,92340.48454,92552.19495,92789.49278,93008.58613,92984.17388,92751.95665,92423.14558,92473.14914,93190.02266,94123.0902,95155.36807,96371.72706,97544.28526,98766.07351,99763.91356,101041.8663,102553.0696,104541.9216,106883.5196,109276.4467,111500.4633,113516.4494,115566.0585,117706.2151,119691.9412,121468.5981,122764.7761,123825.2467,124928.2066,126333.9347,128268.7625,130517.0348,132653.7418,134643.6052,136340.846,138333.2275,139905.377,141452.884,142430.5309,143490.5893,144376.9074,145547.2178,146856.8555,148328.7628,149674.3614,150984.4248,152145.9999,153311.7775,154178.4145,155005.4751,155871.6337,157008.7279,158247.3928,159444.2221,160773.1432,162118.328,163570.9566,164746.6736,165650.3398,166435.7336,167409.1275,168503.2178,169354.1319,170162.1075,170942.4622,172021.0679,173058.2035,174071.3047,174927.6062,175731.6748,176561.781,177384.1712,178023.2954,178615.8332,179310.3223,180183.2238,181228.3747,182359.6573,183329.6787,184120.015,184659.9476,185627.9983,186334.7157,187140.0281,187600.4679,188466.5064,189522.7722,190602.5202,191740.6982,192311.8543,192620.3455,192709.9596,193033.5598,193461.7122,193778.1338,194177.4333,195002.4637,196369.1602,198279.2053,200347.1508,202330.8185,203844.867,204697.0312,204791.3408,204636.2718,204608.6756,205184.6425,206249.9597,207854.2737,209711.8016,211665.7078,213092.8348,214507.1023,215890.5553,218037.2987,220886.1139,224766.6007,228737.764,232526.2487,235473.9785,238256.8007,241246.9896,244628.6257,248594.7424,252959.18,258184.6368,264126.0131,270066.4563,276027.7066,281252.6294,285709.2502,288994.3252,291633.7969,294515.0987,296965.0222,299733.44,302206.3166,305068.5065,307540.4699
100797.057,101001.8272,101328.2352,101915.911,102266.6181,102418.4187,102555.7573,103027.6492,103735.3152,104455.828,105128.9736,105855.4534,106596.3021,107384.4938,108025.407,108744.5412,109583.5395,110531.4447,111468.4476,112085.5601,112734.2679,113472.8633,114335.2671,114971.8501,115525.7383,116188.6037,117025.6562,117798.0213,118561.1269,119216.196,119800.0282,120354.2462,120957.6107,121595.8079,122196.6243,122849.4585,123286.2934,123687.5775,124060.5473,124712.2403,125521.3629,126370.6632,127148.6664,127872.7388,128486.817,129442.7197,130564.6232,131943.6708,133295.0027,134719.2789,136192.1379,137825.1008,139832.2746,142342.9079,145456.2576,148691.2603,151824.8742,154840.3011,158000.2224,161114.798,163640.2297,165800.5242,168682.7087,172888.1508,177949.9883,183515.3436,188808.5326,194854.1283,200082.5506,205142.6078,210356.6353,215937.5124,221565.0288,226329.4935,230660.5461,235381.5,239542.9288,243473.6147,245991.7923,247604.1157,247928.5868,246837.0776,245842.4518,245017.2711,244725.6942,243574.5734,241943.3369,240567.3857,239324.7902,238398.1529,237096.7313,235274.4055,232956.8944,229391.358,225451.9561,222065.5663,219436.7656,216472.5649,211817.6657,205927.5619,198830.6128,191314.5343,184195.7785,177459.5032,170677.623,163341.0678,156002.8112,148022.0215,140501.7822,132981.7616,126771.3588,120538.0414,115095.3748,110119.9947,106114.7038,102772.4965,99700.81003,97169.68891,95170.72243,93992.33111,93156.63975,92869.12288,92649.69412,92387.181,91707.12683,90837.54392,90145.36445,89416.61412,88796.46435,87563.3659,86349.71467,85080.45825,84166.59623,83334.30503,82502.32394,81861.90175,81438.56472,81310.77085,81082.57665,80995.10203,81144.6235,81715.78059,82345.09743,82758.66346,82966.50222,83413.01737,84234.61969,85295.88522,86552.76256,87768.66241,89185.16521,90527.5739,92022.19098,93667.72701,95318.5556,96850.41624,98453.55105,100049.776,102022.1646,104047.7146,106553.343,108783.9028,111059.2048,113269.6027,115788.1069,118445.446,120589.009,122497.8512,124142.547,125912.5416,127672.8533,129277.5296,131058.9136,132747.3751,134519.3776,136130.6466,137599.7767,138600.3321,139346.0025,139767.0512,140248.6674,140607.3193,141281.4487,142190.2346,143385.4926,144501.9787,145620.9157,146841.7151,148183.5737,149550.7933,150883.076,152017.9327,153067.2816,154115.9081,155392.3799,156847.195,158054.207,159000.9272,159622.7379,160673.8791,162244.0909,164010.4189,165413.1549,166393.8994,167472.2943,168731.0449,170397.9542,172196.188,174002.3139,175905.3067,177617.2855,179275.3833,180819.4366,182430.3887,184040.7244,185539.3736,186729.9963,187757.5335,188694.1871,189780.0449,191099.3032,192562.0007,194198.2291,195862.6828,197463.8179,198998.1457,200400.4429,201861.0267,203413.9368,205035.474,206377.8412,207397.2308,208104.1225,208834.6083,209617.9725,210661.2438,211659.0689,212596.4628,213511.7226,214703.4334,216253.3912,217904.7874,219399.4596,220776.9087,221796.3858,222855.058,223866.0034,225273.9452,226925.4042,228773.3792,231083.4657,233481.8007,236263.4394,238961.582,241740.4854,244309.748,247178.5103,250732.0029,254589.1989,258429.3273,262054.9262,266066.7005,270590.6796,275501.2957,281128.994,287424.9801,294038.2511,300423.4919,306017.2242,311245.3428,315442.6417,318093.8818,318595.9922,317564.9767,315903.7314,314075.2167,312491.7995,311342.0645,310855.596,310567.3022
100253.0339,100136.2361,100095.0854,100210.0693,100520.1848,100940.7201,101286.3224,101561.4439,101934.9205,102335.4728,102756.4735,103125.0731,103450.9872,103917.9462,104444.2499,105010.6152,105671.4509,106333.2273,107113.2504,107899.0724,108679.5054,109504.0928,110293.9729,111200.0588,112145.8949,113109.845,114263.8218,115521.9204,116890.1983,118309.7922,119805.5485,121369.3388,123099.8338,124732.2061,126491.2946,127946.084,129415.5986,130831.0886,132419.6206,134374.1269,136632.3988,139008.6862,141282.8296,143409.1912,145551.8984,147940.0851,150352.8527,152921.7564,154842.3988,156745.8577,158739.9875,161836.6147,164835.4092,167931.5926,170699.271,174178.4877,177863.1022,181767.8309,185015.3242,187815.9138,190341.1341,193227.0913,197000.3867,201826.3554,206908.4244,211842.4692,216696.2456,221888.4969,225891.8338,229458.1416,232443.1005,236421.5832,239371.6398,242415.3416,245419.286,248682.9662,251330.0689,252722.0731,253521.9216,253895.9972,253979.3388,253040.4855,251098.0419,248021.5088,244662.2662,241036.0515,236976.8791,232241.7762,226694.5341,221921.8267,217804.7072,214397.6379,210922.8637,207578.8075,204551.4726,200746.8943,197079.8398,193640.3996,191916.427,190318.7895,189213.7686,186991.1063,184698.6049,181713.445,179579.5474,176433.271,172919.4802,169281.8178,166433.6108,164099.5547,161649.8965,158861.7086,155683.1698,152430.4583,149391.5668,146448.0928,143354.7945,141343.1118,140146.4227,139708.1434,139766.6929,139919.4249,139620.536,138854.221,138455.6325,138506.7254,138402.3742,138026.4543,137371.3619,136416.4322,135475.02,134634.2453,133741.4744,132052.1863,130121.7921,128572.9305,127860.4972,126913.9449,125622.2957,124102.9217,123191.3133,122927.4189,123009.4246,123038.3666,123139.9959,123358.8039,123755.9802,124073.2262,124493.4288,125183.4839,125892.6358,126273.2981,126471.7916,126575.6688,127050.5879,128045.9203,129523.9734,131145.0271,132620.7944,133977.3308,135495.1014,137309.3134,139192.4601,141051.6568,142670.8794,144211.5798,145357.2931,146565.0835,148128.8463,150105.4631,151917.3154,153292.1384,154423.3563,155723.2861,157163.9408,158636.3663,159819.5272,160885.8822,162060.7633,163515.3509,165041.045,166505.6984,167862.4768,169233.7357,170636.7312,172306.3001,174468.9074,177060.9054,179503.204,181769.881,183905.5337,186267.652,188583.3862,190872.2989,192657.4055,194494.3796,196257.8978,198086.8624,199458.8267,200821.7774,202585.373,204567.8015,206243.009,207560.2683,209114.2766,211170.0169,213590.1574,215697.4772,217052.0281,218039.6831,218808.6332,219815.6946,220951.1957,222208.1138,223571.844,224938.0573,226294.9081,227903.3785,230000.0396,232140.9278,233829.8449,235053.917,236642.2383,238458.0572,240228.1911,241387.2316,242266.2077,243359.1354,243898.2291,244418.5117,244072.2358,244190.9805,244116.8002,244761.4248,245730.7565,247096.283,248258.8467,249490.1905,251070.6863,252906.6738,255083.0421,256689.0366,257693.0652,258071.3231,258021.5193,258105.8408,258560.1878,260039.5249,262572.4437,265793.3744,269622.1229,273468.3661,277548.8031,281563.4669,285806.9285,290491.9553,296161.3793,302929.1771,309316.3139,314147.4636,317234.2604,320243.0322,324569.7966,330317.6989,338017.1623,346948.7647,356557.2479,365830.3735,374043.8674,380903.6551,385197.4828,386884.8771,386696.3088,386531.588,387017.6866,387270.7382,386007.3305,384429.6881,384204.7963,385445.6476
84853.05657,84932.80949,85020.82561,85309.87899,85876.28773,86614.34207,87340.20553,87937.52791,88506.61206,89130.37963,89667.50635,90206.34595,90722.81992,91264.23068,91316.47913,90987.9484,90526.75211,90520.53669,90854.35646,91197.80541,91290.15094,91347.732,91567.24919,92033.0286,92379.94949,92684.62953,93048.00559,93379.28863,93812.21459,94222.28922,94910.17297,95396.76597,95861.85356,96265.68351,96912.78004,97564.49176,98201.41593,98563.52577,98942.8802,99482.6385,100274.2232,101316.7774,102382.9599,103736.6615,105000.7901,106077.1839,106858.8205,107655.9223,108871.1029,110303.9436,111903.8772,113443.3486,115193.732,117192.6612,119695.2778,122478.7481,124865.7151,126567.173,127780.6723,129382.1188,131522.1397,133871.2236,136237.3934,139264.957,142531.5459,146567.1549,150654.8081,154895.2361,158717.6997,161797.6483,164499.2978,167102.6786,169769.6354,171994.5898,173764.2563,175049.6804,176639.5422,177984.9656,178880.3439,179280.3722,179572.3498,179591.7759,178912.5874,177551.3918,176127.6346,175403.498,175408.5587,175925.299,176057.8349,175463.6663,174129.45,172727.1708,171760.7647,171429.5296,171430.2627,170556.5789,169435.8611,168089.674,167347.0688,166090.2032,164970.1482,163317.6766,161648.5782,159289.3722,156864.7035,154539.0313,152254.6078,150575.6728,148523.9335,146705.9971,145321.2259,144402.8696,142919.2689,140395.5842,137917.5249,135938.9249,134579.0506,133632.1861,133498.84,133497.7655,133136.2589,132139.043,130621.9718,129672.4864,129072.6399,129195.8865,128865.26,128513.6376,127799.9413,127236.6086,126143.2033,124999.2926,123599.0354,122620.6811,121375.9586,119827.6167,117755.6031,115551.8198,113620.3618,111909.6585,110830.4458,110373.1647,110477.8317,110616.5381,109992.4469,109428.0973,109163.2961,109724.9338,110142.6905,110288.9376,110266.2562,110080.4738,110024.2483,110081.7315,110647.5497,111392.3302,112316.677,113372.3144,114551.2119,115734.9255,116774.88,117611.209,118145.1834,118449.4367,118573.0242,118716.7152,118685.5485,118790.5907,119372.3551,120648.5054,122274.0082,123550.9129,124413.8816,124782.586,125188.9471,125384.996,125420.5736,124969.1728,124918.8379,125387.6017,126292.3248,127222.1005,128023.3907,128878.611,129716.698,130626.7102,131526.5134,132362.651,133058.2426,133624.1524,134198.4649,134853.0491,135541.0401,136075.0048,136577.2799,137368.511,138231.8247,139086.2508,139593.8728,140195.1168,140887.3823,141353.5232,141387.5525,140757.6941,140129.7768,139829.4461,140174.5148,141239.2706,142772.1933,144532.7757,146242.0506,147842.0477,149267.888,150024.4692,150232.5531,150225.2449,150229.9354,150536.5076,151338.2764,152905.6106,154614.7011,156187.2199,157804.9301,159363.5555,160897.8347,162396.3176,164070.2431,165411.5522,164987.2763,162822.878,159921.4704,157983.4585,157425.3939,158023.6891,158977.1488,160104.0951,161031.7206,162224.9911,163835.1019,166128.0674,169576.9259,173541.5461,177428.5963,180622.6619,182853.7913,184814.5527,186784.9889,189342.9409,192281.3681,195370.1224,198241.9632,200843.0708,203814.075,207047.6382,210472.6791,213046.2004,215539.8018,217995.4772,220010.8293,221263.5891,222004.4391,223311.0735,225656.8012,228000.0399,231955.6015,237186.6934,244013.2813,249857.5737,254303.6768,257930.3429,260691.1788,262506.7131,263466.2177,264462.5674,265692.6184,266398.5798,267229.6587,267951.7031,269017.7815,269280.6014
83600.6105,84004.07709,84309.13983,84935.31202,85502.74495,86096.3214,86670.47642,87183.81024,87632.55928,88171.63027,88762.24821,89376.54379,89808.06898,90159.90661,90533.39742,91060.12963,91629.88291,92270.72962,92938.70351,93696.45981,94311.94706,94900.42573,95477.07412,96111.55984,96725.05486,97339.07459,98130.29343,99008.10575,100006.1628,101079.5653,102061.3565,102869.5425,103535.4458,104403.8756,105356.2146,106305.9742,107165.9035,108055.6433,108977.8209,109902.6984,110773.3597,111594.767,112466.8243,113486.7377,114559.7205,115735.6103,116805.1085,117813.3449,118563.5828,119399.5657,120107.4004,120904.998,121827.1123,123162.532,124776.8682,126575.2053,128498.5094,130617.4353,132709.5811,134586.8676,136563.4843,138625.0707,141270.114,144189.9203,147514.3701,151121.0117,155335.6164,160330.8037,165621.685,170108.3213,173810.0717,177359.7065,181019.9029,184314.3075,187523.35,190966.908,194848.5723,197810.2379,200018.4811,201132.7209,201702.5387,202037.6357,201431.7387,200836.916,199820.1676,199350.0715,199327.8028,199585.6691,200207.0341,199892.7996,198410.6165,196171.6124,193445.479,191212.8792,189119.3677,185853.2745,181832.1753,177342.8788,174324.2707,171597.6351,168164.1945,164656.6139,161736.1393,159444.5975,157167.2307,154263.8964,150822.9312,147204.8409,143295.5502,140618.1678,137788.8173,134848.3988,131203.0084,128082.4062,125620.0756,123207.5956,120486.9164,117464.2578,115223.1302,113631.7606,112269.369,110249.2522,107891.0781,106407.1673,105583.4945,105037.2818,103385.5432,101588.8916,99746.35574,98588.5523,97401.64656,96270.04974,95038.95657,93905.12398,92913.44732,91941.62182,90544.69227,88983.67924,87600.55733,86658.6365,85791.06451,85119.26094,84808.18171,84860.48858,85161.82942,85598.57852,86102.32251,86815.78587,87734.18087,88784.48717,89602.97213,90281.5803,91333.75069,92587.13267,94023.01433,95605.50783,97548.62618,99502.7795,101089.023,102440.6306,104069.5536,105900.8153,107874.0951,109690.3588,111436.8494,113155.0448,114398.3882,115578.7035,116423.0946,117401.9472,118070.2248,118588.1408,119241.5631,119773.2469,120621.7063,121373.6426,122347.3872,122983.2634,123555.9967,124128.0421,125134.7217,126210.0357,127241.3202,127965.5159,128977.0201,129846.5172,130836.4024,131825.3931,133129.4649,134633.6137,135922.5301,137165.2473,138424.3111,139806.9786,141154.1054,142419.8978,143648.2118,145117.3898,146502.0373,148086.0145,149820.2223,151784.6796,153442.4871,154618.5784,155512.638,156400.1709,157735.3304,159497.2298,161666.6292,163913.5541,166149.0842,168154.5555,169734.4813,171001.7945,172207.4345,173681.3342,175314.8909,177197.109,179196.6645,180779.7581,182106.7656,182966.9991,184169.8811,185163.1289,186134.2415,186904.1254,187591.1546,188413.1527,189738.6098,191789.8261,194100.8675,195946.4852,197271.2915,198408.1406,199436.7198,200532.7312,201626.165,202994.5879,204541.6608,206054.9918,207454.0092,208738.5158,210027.2748,211145.0461,211669.8658,212082.5334,212719.0241,214031.6163,215857.9801,218158.6512,220921.2503,223682.5882,226528.1292,229370.3908,232431.4755,235533.6803,238911.2952,242811.5594,246264.8586,248816.3262,250365.5299,252196.3541,255267.5879,259002.817,264390.0069,270410.5207,277254.5387,283323.4757,288645.1911,293465.4849,297225.5711,299433.4398,300102.2964,300368.7675,300555.0378,300420.2759,299539.8499,298975.0806,299330.8545,300775.578
185275.8409,185687.2984,186178.7993,187123.4217,188071.7764,188965.5406,190084.0542,191212.5748,192417.7296,193492.037,194592.6571,195727.7135,196764.1247,197714.6026,198851.4452,200129.0949,201724.0699,203271.8313,205291.9546,207734.2973,210420.0138,213030.5033,215192.5113,217285.7171,219280.5739,221321.3279,223427.772,225644.8101,227826.4212,229942.5201,232244.1534,235051.0661,237901.6961,240547.5154,243156.253,246081.688,248799.9925,251342.8999,253990.5661,257103.3091,260828.622,264449.5321,268280.5726,272251.9546,276241.1699,279970.6515,283270.6755,286880.2918,291067.1262,294972.2693,298910.2962,302639.8537,307031.2341,311647.4104,317000.498,322602.9252,328325.218,334178.4753,340236.9369,346950.5997,352839.571,358859.6703,365022.0552,372799.4665,381064.7144,390141.1413,400489.4316,410515.98,419049.4233,424995.4077,430906.8962,436010.1423,441882.479,446867.2209,452030.7766,457944.2594,463522.5759,468189.5034,469157.3912,468236.4991,466111.7699,463444.5479,460210.962,456549.1087,452980.5829,449433.7291,445392.2278,440408.0858,435203.4147,429541.0368,422239.5394,414398.8417,406791.6619,400245.3184,393256.8489,385380.5205,377206.0848,370514.9163,364086.6311,358372.6707,352356.813,346973.4634,341502.2177,335323.1467,328706.5733,322236.1007,315297.192,310267.2901,305707.7687,302826.3685,298803.7045,294369.7657,289483.2376,285671.1947,282723.8205,280084.7989,277732.9214,276243.173,276406.7586,276392.251,276440.6435,275666.7331,275951.7335,276451.1454,276505.8896,275253.5765,273402.6641,271748.7139,270785.8222,269902.2488,269144.3104,267861.7715,266181.4691,264550.7255,262919.4893,261797.7635,260796.285,259515.33,257534.6062,255506.0106,254085.5131,253404.3437,253149.4326,253321.5688,253974.0245,254252.0907,254284.2862,254281.3854,254799.046,256047.0508,257655.7739,259294.8889,260907.4202,262479.3025,264648.1792,267117.6596,269939.1504,272866.5256,276107.675,279776.2688,283959.1224,288391.6284,293244.3791,298358.52,303255.5347,307785.417,311453.0346,315171.4617,318401.8343,321498.5238,324446.8583,327141.6607,329734.797,331717.5571,333791.4549,335528.7139,336955.2389,337926.9354,339532.8378,342019.4419,345613.686,348626.2116,350921.3684,352249.1819,353781.8847,354962.3669,356311.066,357608.4852,359293.2548,361057.4801,363227.1283,365079.744,366817.5215,368140.8319,369573.3923,370907.7452,371985.4363,372959.9416,373846.9179,374666.9218,375673.5221,377132.6099,378657.4471,379764.7864,380397.2161,381633.4807,383763.2922,386144.4941,387772.6244,389204.0077,390748.2493,392600.8013,394316.2901,395909.8016,397554.6367,399557.701,401420.6567,403269.2609,404890.9069,406303.1907,407539.1228,408600.6385,410427.5515,412270.2604,413691.6542,414734.5732,415540.4276,416493.2981,417121.7824,418296.1117,419362.9758,420102.4757,420053.9354,420065.5318,420028.918,420353.8173,420912.6705,422182.1749,424010.4801,426017.7066,428206.9208,430058.4273,431562.2199,432034.0108,431413.3636,430653.3376,430856.3932,433155.4262,437097.4174,441878.9171,447577.7994,453350.5378,459571.488,465416.2105,472320.974,480532.4909,490189.2024,500495.0852,510219.1015,519472.1901,528387.6751,537528.1762,547262.6532,556950.4972,569201.1163,582866.3636,598880.2243,614056.8637,628563.6871,641475.5887,650424.0762,654245.7337,652398.1652,649880.6979,647401.4143,645174.8653,641525.2626,637958.0838,636566.1727,637122.894
62158.05395,62354.98978,62541.04628,62884.69659,63220.83869,63540.3647,63952.56409,64272.87389,64594.5432,64810.05017,65135.12017,65549.80865,66027.59184,66503.44234,66911.75461,67357.46685,67882.61546,68565.95689,69390.96428,70316.46316,71217.14042,72051.73033,72778.34681,73479.53751,74078.54094,74599.39213,75141.00727,75888.29933,76706.67688,77598.02166,78462.15906,79456.38487,80385.55135,81285.62649,82111.38013,83151.07489,84405.4375,85771.75567,87131.05861,88420.76186,89702.35366,90841.65416,91885.98109,93032.91464,94427.12685,95901.63109,97313.63936,98427.13944,99612.91013,100782.1475,102276.053,103805.6144,105598.1707,107547.3436,109708.1807,112071.2757,114442.0996,116845.1087,119112.0479,121493.8607,123824.3338,126196.7472,128562.6478,130932.1416,133807.9151,137249.6777,141058.0428,144827.6657,148691.676,152290.3107,155462.7982,158346.7725,161434.5136,164440.6406,167982.6706,171899.1589,175992.3762,179210.392,181910.7282,184154.1264,186135.1059,187640.188,189165.0851,190623.4801,191471.0718,192244.7411,192193.2422,192279.1734,191893.9734,191487.253,190987.7719,190280.4844,188910.6713,187428.6445,185334.0827,183803.7753,180590.4123,176799.0678,172183.4719,167934.5368,163958.3802,159969.4847,156133.5941,151635.9784,146747.0927,141802.8654,137540.8853,133735.1756,129900.0069,126221.7005,122349.5856,118681.5658,115057.302,111316.8565,107047.1736,102328.8135,98554.48038,96059.69817,94496.03526,92892.34682,91161.00466,89460.34926,87938.01967,86922.36864,86348.61364,85608.94418,84682.45766,83633.21229,82827.18505,81814.61327,80827.53049,79976.08785,79067.82584,77862.48255,76623.47836,75840.65895,75260.92104,74709.64404,74114.45171,73857.60145,73806.08582,73736.69312,73378.25524,72845.93238,72880.96623,73225.91637,73534.91729,73617.76374,73643.45481,74040.24363,74636.73086,75353.37712,76041.05937,76575.12406,77340.79839,78462.19842,79915.59586,81460.51491,82927.60959,84525.5058,86217.778,88031.41963,89953.65641,91724.41853,93353.77309,94763.50354,95983.26358,97264.22901,97954.50632,98804.23765,99538.21242,101037.3875,102702.9027,104496.7007,106431.6782,108271.0364,110126.0827,111662.9439,113264.5078,114754.4257,115847.6235,116682.3937,117432.3127,118845.9607,120599.0875,122739.8435,124840.3078,127023.4121,128997.4157,130763.5324,132367.8954,134099.5908,135963.4876,137727.9215,139487.2621,141337.5927,143025.5781,144811.7388,146383.4944,148408.0311,150235.1678,152267.7117,153868.8291,155153.2538,156388.2366,158313.055,161043.2427,163932.1312,166333.2981,168679.0324,171039.6769,173636.4917,175760.0154,177843.1716,179772.9703,181905.9697,183761.5849,185450.1734,187212.9803,189023.928,191047.825,193270.5174,195618.9311,197737.9007,199506.1033,201529.7469,204084.6313,206509.351,208347.7688,209948.0173,211428.8253,212695.8395,213439.0713,214043.0406,215004.7137,216122.3805,217256.5204,219008.7036,221654.9659,225032.1572,228431.0573,231566.1122,234170.2503,235818.959,236223.9974,236409.3407,236850.4447,238084.1384,240142.6375,242845.8318,246285.5924,249782.3151,253592.2666,257758.1582,261834.6199,265847.5665,270137.6738,275317.7165,280234.495,283719.0124,285789.3603,287364.9875,290019.2885,293367.366,300629.4614,310535.7381,322652.2773,333027.6427,341324.3843,348562.2071,354358.3971,358528.8441,360991.7886,362651.5867,364231.0182,364764.7115,366376.2545,369506.6605,373871.3163,377605.1748
122206.8851,122303.2284,122698.7015,123349.1235,124064.9247,124550.4966,125030.6428,125617.392,126332.8427,127189.3618,128117.3184,129021.5374,129782.4821,130512.0197,131191.5553,132016.8811,133026.4018,134246.7873,135574.3228,136757.9171,137898.8244,138992.8318,140219.0249,141480.2055,142538.4195,143502.9299,144467.9835,145713.6196,146980.6244,148326.7058,149807.2324,151389.6442,152986.9563,154370.1324,155694.2148,156984.3269,158283.6691,159685.2466,161120.1151,162665.1618,164468.5485,166847.5285,169490.9874,172063.7483,174121.0982,176261.2087,178552.9992,180908.2649,182805.1479,184357.8151,186456.6968,189117.6875,192304.4869,195397.9124,198954.1882,203293.7065,207563.8077,211393.4416,214602.0325,218247.8555,222309.2358,226797.1029,231298.0141,236599.232,242314.6177,248289.7872,253896.6,259438.7759,265316.2254,270984.0304,276875.4139,282119.8428,286353.3278,289966.1703,293718.6937,298030.1291,301357.9547,304503.7359,306644.3076,307948.4909,307107.9304,305301.4026,302860.7281,299162.8548,295265.6433,291356.3235,288732.0339,286191.3857,282984.5672,278803.7204,273953.0597,269080.2111,264625.6881,260145.904,255431.2407,251414.2792,247159.7125,243169.6482,237359.9258,233074.3678,229589.9356,227029.5736,223446.9605,219194.2882,215484.4193,212637.3378,209428.8286,205884.3598,203416.5542,202261.2459,201805.6926,199200.63,195765.7246,192187.4965,189844.0673,188326.2047,186684.7569,184384.9821,181815.7704,179329.5468,177384.6058,175388.4995,174270.5385,173386.474,173266.6982,172281.5716,171020.6421,168797.0154,166671.8373,164941.0802,164502.9974,164611.1254,164137.8821,163320.14,161911.4881,160551.6351,158653.3412,157679.7611,156849.2732,156627.6369,156333.3885,156436.7024,155975.5864,155051.3998,153917.8804,153301.8352,153414.8041,154025.2735,154889.9301,155574.195,156350.1533,157216.0431,158387.334,159658.0799,161014.2504,162510.1179,163982.0268,165444.9517,166778.0219,168155.2598,169615.358,171071.6904,172420.617,173852.0654,175535.2493,177365.9171,178978.3351,180306.6015,181470.5255,182691.9722,184216.7459,185887.0589,187582.0146,188653.9706,189465.6838,190136.1696,190918.8325,191787.3864,193113.2765,194800.5976,196395.3729,197685.3439,198959.7727,200176.6314,201331.1827,202121.3602,203015.2377,203967.4556,205254.4904,206697.07,208195.5645,209396.7225,210609.7089,211778.17,213209.822,214897.6147,216672.0504,218270.1923,219356.8979,220338.9645,221473.8782,222867.5126,224365.3468,225598.4983,226470.835,227147.7702,227920.8477,229336.9521,230918.0547,232848.1934,234621.9481,236467.7915,238212.846,240254.5745,242627.3608,244953.1872,246821.0753,248052.7886,249149.469,250034.6673,250911.0222,251436.4792,252453.4382,253667.7086,254869.95,255684.4485,256213.0469,257103.6078,258023.2502,258995.989,259636.9155,260117.3709,260478.2406,261060.5995,261938.2773,263036.3059,264152.0252,265441.0294,267037.8168,268741.8114,270599.0911,272467.2427,274369.3738,275651.6318,275793.7622,275549.1709,275800.8905,277530.7608,280466.5923,283653.5235,287036.7447,290017.2052,293018.1221,296219.9095,299940.6769,304356.4586,309428.4017,315416.7387,321500.6713,327064.5624,331564.4411,335909.8432,340209.9594,344887.7085,351100.2793,358817.8911,367406.0918,375601.6123,383389.9819,390331.9008,395350.5599,397557.0527,397581.8049,397149.4832,396950.973,396329.1929,394952.0525,393668.3824,393306.2643,393469.3331
135580.3012,136045.4874,136400.5848,137086.6434,137687.9528,138328.86,139051.6006,139643.8279,140253.808,140753.7892,141342.6058,141978.6114,142708.3836,143491.1791,144237.4834,145112.2528,146052.5575,147155.6229,148408.4336,149871.0004,151412.3337,152889.3592,154272.1855,155642.7238,156945.7864,158274.338,159570.9368,161002.8249,162591.7464,164479.214,166650.8794,168978.6912,171095.1585,173031.6917,174767.1426,177163.4433,180063.3342,183342.4781,186340.4883,189264.6042,191928.7972,194430.1884,196546.107,198764.8541,201203.8791,203733.9019,206201.0174,208209.4187,210368.4831,212532.836,215225.6473,217814.2706,220819.4078,224034.4855,227748.8526,231700.9663,235707.0842,239903.3208,244176.4608,248940.4593,253498.4056,257914.9912,261942.3537,265873.357,271035.1397,277262.0089,284234.3179,290985.1852,298006.3614,304406.6705,309594.4175,313959.5452,318669.6201,323123.1675,328497.7529,334507.7268,340978.5381,345872.0518,349833.9522,352860.5984,355210.5798,356529.8635,358009.9808,359565.2588,360137.4003,360467.5555,359441.4971,358997.8057,357869.2804,356901.118,355505.355,353791.3767,350692.9508,347910.5964,344390.5752,342151.7139,336450.413,329442.0507,320555.6763,312737.1839,305185.5496,297723.9251,290027.2615,282294.0368,273993.1236,265956.9566,257936.5608,249842.9872,241879.7544,234882.8766,228264.5115,222532.8917,216674.7178,212522.1091,207746.3803,203740.2902,200260.3505,198247.8292,196754.9879,195201.2684,194448.3829,193813.3929,193639.8597,193207.2892,192806.6134,191981.2109,191032.2076,189836.739,188172.4031,185879.7703,183939.1891,183118.554,182231.4522,180990.7647,179799.9399,179351.0085,179400.1198,179100.948,178697.4627,178267.9183,178316.8819,179281.6862,180563.657,181096.614,181334.1046,181114.5654,180672.6407,179987.0891,179253.663,179627.7162,180418.1327,181580.2849,182735.1876,183793.1386,185466.7436,187199.616,189584.2993,192206.2868,195349.92,198372.182,201018.9413,203552.8723,206504.0568,209910.0872,213405.0972,216417.6445,219011.8567,221295.3085,223374.22,225545.4055,227493.8714,229695.8688,231785.9163,233756.3075,235706.9297,237688.0344,239849.3824,241789.7365,243624.5394,245609.2498,247803.7732,250264.3255,252666.9328,255001.2243,257400.5781,259449.6731,261481.9717,263160.3402,265376.0656,267524.1363,270050.9628,272275.154,274449.0137,276327.5068,278251.1865,280307.8951,282356.6053,284257.2679,286411.4379,288145.6019,289539.5733,290440.3362,291297.7576,292289.2343,293298.6915,294832.896,296712.7483,298607.6323,300451.232,302192.8733,303993.8747,305522.8533,306932.7302,308352.5037,309692.0896,311275.6012,312772.2463,314579.1987,316481.5934,318724.3485,321129.8185,323096.2382,324744.5903,325939.9142,327328.4083,328793.539,330465.6786,331865.2553,332556.9194,333115.9703,333411.113,333960.8242,333879.6383,333933.5936,334051.4461,334481.2513,335102.5093,335950.2461,337229.9187,338974.1096,341094.8344,343325.2736,345548.9537,347274.8532,348066.2694,348299.039,348760.3221,350590.2468,353380.6215,356726.5367,360535.5968,364654.7803,368992.0796,373444.2527,378029.4997,382989.0414,388569.1917,394806.6839,401029.692,406617.6386,411708.7578,416560.2371,421850.3634,427463.3509,435122.8938,444178.7019,454232.0532,463507.0902,471415.9944,478620.4771,484538.5177,488997.8453,490994.0343,491622.3596,491488.9396,490852.2624,490127.6845,490190.6451,491304.2776,493517.1345
110769.7028,111079.8374,111360.647,111977.2859,112654.8873,113096.661,113436.0776,113614.7984,113940.2817,114299.9139,114995.2045,115861.3053,116673.783,117352.9153,118085.1995,118997.0376,119906.6219,120889.9231,121858.8726,122755.0068,123533.215,124408.7751,125339.5648,126204.1481,127039.9839,127797.3431,128570.5533,129284.4298,130080.0318,131012.9852,132018.138,133199.9619,134443.0771,135712.6047,136890.8083,138114.6256,139309.6431,140628.98,142086.4179,143704.9724,145393.3458,147125.9682,148996.1346,150705.4522,152415.9524,154028.344,155723.0696,157323.6926,159076.3996,160933.7785,162958.7243,165096.322,167551.9748,170642.688,174065.404,177517.7051,180962.3016,183373.5871,185241.7435,186209.882,187759.641,189862.3156,192697.6724,196635.7318,201185.2546,206817.1741,212183.3021,217926.6672,223485.6329,228884.4493,233558.918,237592.1235,241341.2657,244982.9151,245655.126,245420.9629,245560.1942,248005.1992,250177.1166,250936.5388,250456.2523,249338.783,247557.8655,245433.2913,243057.5516,240192.9536,237010.7206,232984.7829,228146.7893,222251.0976,217482.7164,213742.3391,210489.4821,206589.1082,201876.4598,197616.8633,193660.4068,192050.653,192138.1007,192733.8579,191440.4879,188541.6116,185336.7999,181921.5258,178530.2382,175035.5254,172718.7898,171256.0911,170803.0719,169765.6996,168495.7909,166164.8006,163723.7478,160942.3357,158215.9152,156168.9317,154172.2541,153191.1921,152071.9587,151511.4796,151075.328,151636.3833,152510.7063,152920.1506,152900.6152,152707.6782,152381.5593,151359.0013,150184.5051,149432.4835,148557.84,147312.3018,145543.3614,143567.4805,141870.0439,140651.249,139944.0363,139243.5833,137997.6806,137057.8953,136223.4255,136157.7533,136578.7285,137464.5353,138065.2883,138447.3805,139013.9701,140306.5991,141841.6922,143087.7337,143968.3497,144678.3205,145642.1823,146825.0907,148462.6051,150423.942,152590.5603,154364.1433,155723.2966,157156.9574,158865.5702,160998.397,162866.4286,164574.5305,166313.9023,168009.8355,169597.914,170916.0808,172138.2426,173165.7309,174360.8118,175537.2908,177166.918,178596.7753,180121.9456,181211.8014,182367.8773,183223.469,184420.5674,185740.3914,187372.9574,188856.86,190148.1681,191479.2807,193049.5741,194990.1596,197173.9895,199583.2741,202014.6291,204452.5702,206482.3967,208032.9986,209328.5141,210564.228,211842.5547,213419.9073,215361.7286,217616.1613,219547.0588,221252.3434,222826.0815,224436.8261,225684.2005,226474.9457,226684.1575,226705.6797,226879.1846,227457.4132,228339.4479,229356.4394,230505.7578,231785.1467,233159.1639,234446.1647,235922.0027,237333.5621,238566.5013,239453.5825,240207.7412,240825.2691,241203.5448,241623.2141,242753.9616,244157.6891,245650.4988,246590.6889,247703.368,249061.8547,250641.4487,252269.0017,253418.9943,253915.432,253668.9662,253405.9242,253701.2437,254593.9144,255690.8974,256905.1422,258359.0982,259912.9635,261501.3612,262788.0455,263802.1476,264122.345,263871.9161,263652.9752,264464.6375,266647.7587,269764.9755,273222.7358,277025.1257,280939.0862,284651.641,288284.658,292020.5245,296659.1444,302585.9582,310477.0456,319660.8495,328832.6804,337087.1188,344749.023,352417.1002,360129.7925,368857.7774,378370.3816,389157.3397,400236.2941,411473.7435,421384.9306,427857.418,429898.4873,428560.6306,426189.0467,424101.5079,421325.779,418138.9159,414943.6958,413103.4949,412018.2192
68392.69242,68563.99112,68748.31679,69155.90522,69507.67999,69837.23174,70126.41137,70555.0786,71038.39556,71627.30184,72149.23664,72705.23552,73122.30111,73643.98151,74409.39478,75370.90111,76488.22584,77708.32112,79118.77084,80642.69184,82163.85525,83703.39086,85039.73313,86116.95056,86871.09704,87424.83213,87847.49633,88382.13612,89100.04216,89875.78742,90627.82294,91514.02397,92541.02301,93742.97606,94816.62297,95819.36183,96597.70945,97378.3299,98373.9946,99541.65898,100829.7411,102047.3647,103356.0305,104635.9706,105966.4566,107232.5119,108461.1475,109520.2636,110515.1197,111505.2974,112555.1612,113892.9428,115660.5767,117773.1229,119882.2479,122107.2484,124412.7607,126597.0285,128404.2195,130091.4509,131770.2901,133744.4533,136292.8933,139222.1285,142414.0071,145450.3465,148902.4306,152545.972,156023.2691,159420.4629,162442.1982,165541.3074,167871.9313,170001.4166,171949.5736,174810.4624,177689.1739,180859.1636,183259.9962,185188.3485,186590.3973,187495.6327,188481.1858,188967.5042,189364.6397,189313.0826,188819.9136,187531.7068,185923.4846,183912.0433,181577.3542,178610.0486,175785.2068,173049.5683,169895.7245,166109.0448,162323.5005,159189.8533,155733.9637,152363.2727,148160.5985,144518.1986,139876.8172,135360.8781,130550.4191,125866.0817,121541.2793,117415.1422,113983.5588,110837.2316,107870.3707,105097.1985,102203.4627,99625.69087,97339.48351,95356.44426,93496.94386,92473.74378,91951.45732,91738.1514,91348.0636,91257.78779,91211.4682,90903.23584,90382.21611,89660.95589,89154.83199,88416.02007,87647.68869,86646.91564,85373.95315,84179.76748,83049.86836,82280.69516,81578.35818,80861.41427,80236.60049,79747.16311,79297.39291,79020.78143,78785.54948,78480.26949,78190.99156,77925.62807,77858.24105,77915.44417,78228.29213,78869.21027,79663.15887,80513.53341,81231.00974,81735.97684,82045.96481,82300.71093,83180.62421,84810.32519,87148.3878,89273.80374,91255.31963,93027.71651,95141.14129,97177.23538,99087.50589,100941.2085,102642.0569,104541.6222,106259.7423,108194.4549,110037.6639,111895.8828,113716.3282,115450.3778,117255.649,118761.3237,120405.5807,121842.9236,123205.3893,124244.3667,125669.3747,127294.2658,128988.6001,130244.8142,131357.7641,132489.9112,133851.9293,135087.7428,136634.4124,138456.8912,140580.1178,142517.1018,143752.3619,144628.9709,145343.4921,146335.5821,147669.5469,149067.0445,150582.2455,152146.8174,153966.9836,156027.0732,158316.317,160561.1015,162264.1,163259.7486,164446.6017,166352.9283,168969.9327,171330.5374,173304.6594,175066.8691,176743.6201,178492.8541,180279.171,182182.427,184321.3183,186716.4469,188623.8277,189812.0895,190626.4359,191525.9615,192905.2688,194219.4736,196046.6349,197528.1029,199083.152,200491.2658,202385.6665,204357.5094,206048.9581,207124.1205,207709.4804,208091.9134,208093.1179,207943.2522,207784.226,208062.2294,208739.4074,209817.0954,211402.4227,213380.1437,215541.0063,217265.0669,218647.1723,219504.0218,219794.014,219825.374,220322.643,221669.6347,223867.3027,226300.9396,229288.6124,232192.9205,235272.2366,238129.5694,241148.3326,244111.8481,247489.239,251414.4377,255805.3596,259878.607,263476.8887,266750.6222,270627.1812,274836.2446,279377.0177,283780.4401,288327.5953,293248.7865,297683.3383,301836.6634,304566.8746,306000.5414,306520.4175,307192.9602,308689.7545,309856.0033,311807.7203,314102.5098,317160.824,319717.9981
88772.24666,88841.66032,88956.01388,89219.4468,89515.44098,89763.3031,89974.66032,90175.40394,90481.13998,90822.22564,91277.65813,91669.72754,91788.56947,91673.33813,91530.30984,91659.83,91917.48035,92153.07063,92359.40632,92583.95077,92922.62152,93355.80326,93921.35924,94547.14024,95103.14574,95498.30371,95799.83151,96151.31569,96862.77526,97817.50928,99027.46432,100032.6162,100958.5524,101721.8831,102526.952,103332.1907,104008.2431,104657.2061,105284.84,106089.8548,106839.7384,107532.1963,108361.2207,109440.0609,110681.639,111862.2235,112882.6785,113971.4417,114953.8557,116133.0878,117769.6265,119526.0008,121434.6089,123406.7247,125678.2717,128173.5666,130555.6693,133183.4472,135516.1572,137973.4494,140460.8783,143325.3577,146294.4288,150014.8361,154143.2099,158450.2211,163229.1485,169161.0944,174935.5315,179950.1566,183046.376,186253.1357,188967.4452,192448.9955,195357.9846,197996.7776,200232.7706,202249.8691,203328.8013,202979.7058,201744.4749,200283.5828,199159.4347,198281.8165,197576.6552,196503.7047,195364.7866,194200.6559,192949.4294,191148.4773,188443.4335,185190.0549,182000.9408,179185.1627,176144.3402,172611.116,168864.0949,165770.1008,162582.5573,159169.6159,155506.7207,152510.2418,149651.2586,146978.4538,144493.4976,141926.2413,139406.4544,136159.02,133096.3038,130006.4341,127587.814,125405.3919,123227.2089,120798.0884,118641.463,116669.1043,114988.0532,113488.978,112589.48,111976.3541,111322.3803,110013.2001,108160.9561,106666.8325,105308.1441,104057.6154,102304.7182,100557.2575,99056.00805,97571.14416,96123.87375,94576.31266,93042.54497,91264.96261,89571.4811,88035.4118,86744.61009,85702.87856,84603.19361,83528.67725,82689.72617,82370.02691,82579.4053,82659.63219,82588.75448,82311.47196,82001.52329,81825.98556,81780.97949,81762.05468,81679.11898,81352.04379,81219.29699,81333.85618,82044.43369,83204.48533,84295.62776,85261.34153,86302.42491,87466.43964,88550.47142,89204.02372,89800.98948,90326.29747,90864.9125,91290.60629,91825.70266,92564.00096,93353.39134,94100.78475,94674.91121,95342.54524,96054.27044,96644.10562,97252.31893,97830.65556,98221.0267,98230.14188,98371.86037,99057.50399,100005.3456,101146.6187,102346.7551,103580.0153,104817.1007,105983.5413,107714.3959,109694.5703,111696.8093,113272.7208,114499.194,115874.2701,117264.9018,118613.966,119808.7484,121195.1873,122605.7109,124122.0196,125827.8444,127824.7808,129802.9673,131679.9951,133216.6155,134627.5159,136058.9646,137519.346,139157.99,140853.8556,142945.9801,145221.8942,147533.5209,149865.0562,151977.4114,153620.1235,154762.5227,155966.3117,157208.4771,158672.7509,160094.1747,161568.2622,162961.9143,164260.4199,165814.5786,167441.6384,169035.123,170257.3692,171382.646,172509.7199,173513.4813,174341.2505,174706.5205,174855.0355,174997.5904,175528.7824,176500.0339,177620.4032,178552.7158,179570.1551,180825.562,182382.1754,183982.4088,185662.4111,187359.5845,188972.9307,190003.8667,190791.0519,191797.0277,193226.7973,195226.7572,197365.8368,200123.9283,203111.4893,206737.6036,210594.381,214806.4952,218644.2066,222441.404,226426.1771,230051.229,232862.1602,234622.7977,236575.9625,239307.2299,242632.2328,247581.6165,253602.4491,260300.1712,266086.5787,270600.5254,274556.0617,277398.3745,279089.162,279441.4486,279417.9345,279313.8435,278766.3353,277656.7981,276522.2716,276169.1011,276337.9514
93135.4464,93291.63833,93470.4704,93688.00026,93856.3497,94109.89025,94496.87631,94933.2291,95276.59923,95597.93124,95879.20613,96143.29184,96268.32361,96363.76411,96543.63141,96904.57563,97382.57389,97754.90512,98103.34187,98442.15325,98859.99618,99314.92686,99766.3091,100193.7186,100512.9902,100898.2288,101287.5527,101735.8715,102162.4663,102595.122,102989.2942,103295.7994,103539.1374,103814.2615,104108.8341,104483.9626,104840.9695,105209.0187,105659.5045,106250.4065,106941.4411,107487.7448,108040.864,108469.0374,109014.7634,109527.7297,110277.0418,111105.3301,111926.7925,112571.0912,113195.7064,114004.7293,115092.1431,116351.2347,117698.2785,119485.1953,121500.7903,123448.9359,124788.9077,126004.9472,127458.2941,129286.4169,131751.0998,135029.0826,138669.7119,142533.1483,146683.0581,150593.5622,154357.7673,158113.1445,161986.6733,165458.7888,167951.4477,169971.6477,172598.6131,175195.2826,177440.6085,178395.7338,178794.0638,179207.0239,179110.956,178699.099,178377.4508,178140.9985,178172.4393,177956.1438,177964.0152,178200.0862,178557.6369,178585.8299,177521.4188,176399.5305,175245.6807,174100.2627,172584.8947,170478.1998,168114.6996,165033.8344,161655.1594,158720.2993,155958.8711,153853.5788,151933.0368,149918.615,147599.4738,145223.9599,142863.6039,140728.0848,137729.0008,135116.3913,133019.5222,131394.2665,129743.748,127817.3198,126094.532,124353.5451,122603.0818,120986.0344,119924.8956,119498.0557,119382.9091,119116.7459,118508.844,117518.1408,116501.9708,115592.6884,115359.5864,115347.3384,115390.045,114825.49,113872.1734,112276.0267,110916.3378,109617.2955,108423.3788,107069.9872,105684.547,104807.9532,103764.2757,102594.4,100866.3049,99772.65086,99132.6943,98993.85884,98544.74259,98353.12584,98306.85102,98631.43795,99045.32882,99343.20882,99346.80897,98902.99119,98487.87797,98394.24397,98600.63661,99130.5126,99779.21489,100547.5442,101341.8988,102354.0459,103713.4823,105255.6229,106619.0992,107781.7998,108792.3457,109767.6461,110414.5337,111015.8185,111805.3754,113085.6041,114369.4671,115471.9544,116404.3583,117206.3706,117985.6921,118547.2669,119133.3343,119457.7262,119617.9812,119807.378,120099.506,120604.5392,121147.798,121923.8813,122815.6108,123694.094,124744.9184,126052.5928,127582.7971,128975.5748,129988.6089,130890.0358,131890.691,133043.5561,134009.8081,134912.6827,135789.6438,136677.6256,137572.5234,138870.7975,140621.2607,142242.2161,143404.2926,144211.228,145009.3703,145922.0413,146904.8202,148147.189,149513.9221,151008.0301,152512.1082,154042.7851,155555.4403,157037.9732,158318.8289,159423.5488,160344.6779,161401.8353,162654.1158,163945.8382,165204.4667,166239.2886,167492.3761,168901.7715,170660.6576,172174.6483,173594.6995,174860.0166,175990.5747,176863.7536,177264.4696,177602.5103,177987.5646,178603.7981,179454.2127,180456.0038,181574.8214,182750.655,184066.2946,185472.7225,187115.4263,188545.192,190030.0673,191274.9782,192401.5571,193137.4845,193909.8138,195111.9987,197112.546,199462.5745,201952.6009,203995.6165,205802.0817,207640.6277,209979.0535,212900.7464,216229.2258,220183.8507,224160.0911,228178.126,231984.8978,236192.1863,240963.2611,246127.0129,251989.6429,258162.3893,264460.9338,270730.7446,276786.9597,282889.8172,287673.392,290544.761,291607.0835,292105.5398,292655.1996,292549.3221,291801.665,291161.5905,291276.4589,291670.4013
205273.1777,205522.9615,205700.5346,206265.3185,207080.0822,208371.5322,209716.3059,210776.4265,211690.6537,212682.9651,213954.2538,215182.6112,216152.2365,217064.9365,218021.7814,219293.4743,220611.3176,221871.5513,223133.6152,224533.861,226145.6951,227721.1368,229190.5623,230612.2571,231915.9594,233432.1256,235033.5412,236956.4399,238973.4811,240967.0993,242719.3281,244533.4979,246360.1503,248395.9276,250150.6668,251786.2305,253490.9653,255421.3348,257615.3978,260067.9179,262558.079,265256.2991,267506.0126,269399.7478,271120.7641,273148.8178,275128.3964,277067.4465,278710.1215,280638.6681,282633.5206,285387.8812,288678.629,292751.7913,296992.5955,301477.2967,305522.2065,308723.3483,312144.4912,315795.4233,320493.1708,325458.1964,332003.9737,339265.4906,347126.0717,354937.3666,363666.0393,374491.8549,385289.8404,396182.7288,405381.8403,415247.0468,424681.4724,433448.0344,443116.6576,452389.7526,459979.4832,463405.1988,466389.5484,468415.4119,469261.5797,466883.3366,465139.7438,461907.5697,459318.9825,453501.6718,448314.4467,441069.8128,432274.6837,421885.6966,412140.4776,404396.4727,397979.268,390022.7353,380985.8971,373032.99,365821.5063,360409.1138,353741.665,347748.7497,341782.416,336327.7426,330724.6226,324525.0968,318749.1775,313019.0331,307495.986,301226.7536,295218.4849,290614.4146,286875.113,283524.0826,279405.6857,274891.3005,270425.8733,266187.9778,262039.9012,258540.5991,256597.7159,255012.6187,253580.7096,250676.6006,248488.2115,247437.4494,247963.0328,248775.0699,248546.9662,247409.406,245806.9411,243684.6187,241148.4339,239735.532,239309.0462,240166.1564,239698.202,238622.4279,236753.0377,235656.2239,234681.6722,234129.9976,233488.2982,233644.5887,234036.2512,234553.0892,234833.1893,235097.5789,235360.2967,236191.3367,237455.1318,239186.9889,241059.4348,242837.6855,244516.8927,246330.3425,247942.3932,249598.4013,251006.6367,252620.7225,254303.3613,256011.2217,258094.5225,260183.4563,262310.091,264262.3094,266648.6899,269113.4184,271440.5583,273530.3872,275868.1429,278571.3186,281467.4864,283854.9703,286029.2142,288135.5167,290303.758,292353.4871,294315.7825,296469.2753,299209.7776,301841.0045,304407.7901,306492.9445,308708.2098,310769.7556,313222.7932,315721.5962,318712.862,322001.6022,325863.0843,330375.2859,334691.8394,338034.1527,340567.9706,342721.9129,344687.4209,346544.9242,348185.9816,349876.238,350974.518,351729.3801,352499.1007,353838.4936,355261.3053,356175.7123,356565.6035,357029.4039,357876.6236,358654.1429,358740.9774,358811.4372,358780.0487,359178.2371,359558.0823,360409.0602,361296.0161,362057.1719,361851.4074,361285.094,360863.8138,361027.8136,361522.2202,361676.9051,362204.568,362787.7148,363867.0295,364880.4744,365915.8732,366886.1022,367289.8763,367561.4077,367215.43,366504.2962,364824.8911,363159.4118,361948.4001,361808.1789,362251.1982,362952.6765,364142.3399,365671.4332,367549.011,369022.4922,370034.0883,370340.8052,369578.965,368722.2135,368652.1283,370779.79,374445.0692,378674.1529,383132.657,387372.4475,391454.4208,395101.4843,399308.3044,405178.4842,414035.7236,425775.5761,438502.8799,450729.6271,461325.4466,472159.4823,482656.4579,492992.9645,504849.6692,518750.5666,535313.4606,552333.7632,569323.4478,583970.1014,592920.0167,595219.27,592738.3743,589406.8296,586927.6862,584516.3232,582564.4755,580456.9395,580087.4994,580386.4846
84783.27788,84868.34601,85005.70951,85374.71795,85791.45024,86208.16983,86531.52427,86944.36917,87455.00492,88138.22422,88843.47806,89642.67816,90275.7822,90921.41603,91815.92058,92906.91506,94280.13051,95632.70375,97193.18472,98852.70865,100581.8273,102485.1274,104245.6408,105770.408,106865.1753,107703.8908,108459.2376,109332.3949,110359.4106,111403.7708,112409.5319,113505.5268,114697.3671,116011.9477,117223.1064,118409.0186,119397.1814,120344.128,121528.8694,122895.749,124426.8223,125826.0757,127352.3113,128838.5666,130404.4325,131892.0259,133369.7266,134691.4066,135936.5731,137160.6791,138352.5525,139787.6037,141748.5331,144191.3637,146718.3626,149355.1533,152022.201,154562.0546,156666.3309,158721.9476,160845.7846,163306.2715,166462.5386,170085.3648,174054.5766,177867.6796,182091.8243,186433.2557,190476.4868,194314.55,197620.3409,200727.7553,202729.9258,204396.7331,205887.1497,208795.9633,211853.9755,215458.2725,217987.5121,220062.7565,221330.8835,221924.5636,222374.1227,222143.1097,221619.6191,220458.0462,218803.7926,216209.9364,213306.0983,209895.0397,206236.159,202043.9798,198014.2498,194539.291,190864.2184,187023.9158,183096.8263,179795.0703,175765.8232,171706.5739,166804.4539,162883.4878,158118.0936,153272.9871,148262.6548,143212.9569,138807.6243,134608.192,131259.2483,128334.5864,125522.6774,122959.5558,120077.6599,117544.493,115698.5594,114362.742,113182.3646,111784.3745,110653.9812,109476.4384,108744.7046,108546.8926,108639.348,108629.609,108350.2946,107810.171,107288.6939,106419.5221,105548.546,104406.6698,103149.5275,101961.7153,101168.3199,100835.2755,100566.3692,99835.03172,98982.82935,98243.46927,97843.01042,97573.77803,97345.62091,96988.04988,96717.69443,96443.13366,96297.25236,96209.02704,96384.5324,96899.74714,97728.51363,98620.50704,99521.47598,100343.0726,101183.9024,102100.7913,103213.7248,104689.7523,106464.8174,108203.8055,110011.1339,111817.055,114121.935,116250.4479,118296.4818,120180.483,122187.2781,124402.226,126362.3331,128263.1978,129951.0129,131580.322,133112.4297,134467.8078,136025.1177,137363.9866,138820.6633,140148.18,141511.2268,142687.1915,143989.317,145350.0738,146743.8538,147650.0365,148535.6541,149439.9434,150579.5404,151438.0749,152319.1291,153379.9718,154572.6111,156005.438,157191.3967,158375.2812,159187.2698,159786.8797,160542.9916,161438.8996,162707.6392,163815.3725,164580.6856,165484.5182,166578.5562,168158.5722,169314.0765,170130.427,170691.8608,171582.5564,172947.9486,174316.5354,175486.4025,176593.8853,177652.3296,178766.9551,179610.2493,180865.2618,182588.2058,184970.272,187094.7401,188579.7433,189746.5388,190682.389,191726.2507,192469.4631,193590.4415,194693.0449,195819.7808,196895.8665,198312.4549,200140.2535,201809.0006,203044.5223,203541.4174,203776.1104,203517.032,203253.093,202789.86,202616.0191,202669.6455,203071.76,204035.5161,205360.344,206929.1575,208255.7235,209177.9116,209637.9682,209496.324,209391.3949,209867.3487,211080.0106,212979.0829,215163.2325,217975.5433,220744.534,223269.3761,225525.5248,227982.035,230689.0017,233914.2381,237889.0874,243356.3343,249512.2609,255595.4468,260767.3375,265632.4915,270485.256,274772.1832,278328.3995,281573.3298,285723.2797,290603.5485,296116.1942,301003.1695,304332.9594,306385.2294,308109.1523,310543.2194,312293.1521,313608.854,314734.2243,316690.7685,319027.2605
103857.1303,104041.9301,104121.2967,104532.3143,105025.5128,105606.3806,106166.339,106678.4998,107318.8175,107855.148,108436.7575,108953.5654,109524.289,110140.8131,110850.5988,111665.1952,112506.7574,113237.678,113977.3984,114755.5907,115517.5131,115531.5424,115778.0862,116223.8479,117299.4449,117371.439,117142.4076,116932.2256,117354.5224,118153.9527,118947.5447,119713.3146,120300.3616,121007.8725,121600.796,122063.6211,122368.5409,122914.932,123588.5322,124464.0691,125353.7155,126270.0688,127007.7107,127740.2635,128448.4666,129283.2136,129964.5697,130614.6061,131243.1861,132121.0304,133257.5566,134568.5,135889.5748,137241.1684,138818.2942,140650.8463,142612.6949,144583.173,146269.6681,147721.6563,148672.1559,149758.2895,150796.7978,152099.4777,153617.1763,155521.0728,157936.6359,160570.2509,163414.6939,166186.1274,168741.0333,170891.2507,172881.2432,175112.794,177721.286,180483.9157,182972.2267,185369.8117,187513.5526,189873.8344,192073.9743,194140.0939,195370.5947,196291.0573,196313.3893,196980.8332,197592.9411,198672.1931,199149.7614,199433.0,199337.2197,198671.2312,197517.2128,196549.6497,195586.2605,194644.0948,193050.2566,191541.3506,192587.3071,194649.2691,196537.0705,195390.6315,192973.6638,190660.711,188463.3203,186340.533,183648.3843,181322.8872,179336.8375,177923.7243,176061.0952,174308.1889,172116.0958,170353.4407,169057.7126,168239.5174,167301.5414,165993.3673,164950.8974,163726.222,162759.7999,161647.8854,161087.1711,160181.3898,159747.4974,159094.7262,157940.1607,155891.915,153605.8604,151541.1767,149662.2983,147345.7317,145445.234,144145.825,143111.1492,141609.4703,139573.3736,137706.6318,136163.0413,134714.9263,133509.2111,132720.1166,132203.7345,132366.8423,132437.2201,132420.8815,131774.4598,131277.5936,131058.804,131369.1399,131664.4654,131496.2691,131144.0521,131221.0373,131985.4532,133108.6698,134216.3924,135135.2986,135975.3985,136804.0195,137943.4901,139502.4332,141126.0393,142860.1191,144173.0712,145466.092,146431.4933,147652.967,149021.5979,150596.0822,151770.234,152585.5724,153306.0861,154025.652,154955.777,155744.396,156495.3918,156807.3288,157238.9032,157849.1755,158920.447,159813.0901,160500.7576,161000.9438,161461.6074,161941.4583,162556.9259,163410.5362,164506.1364,165582.1383,166636.0918,167749.1985,169306.7182,171157.3871,172769.4188,173890.6569,174549.4414,175010.5842,175420.4894,175943.7797,176889.0511,177918.6569,179118.4937,180281.6241,181330.637,182337.0983,183326.957,184561.1961,185578.2246,186822.6039,188042.8873,189690.2279,191382.2484,192944.2336,194311.1633,195642.8054,197349.2273,199343.9966,201683.7832,203966.0812,206097.0345,207816.9498,209618.6847,211282.5798,213251.3476,214898.5112,216444.1557,217616.4644,218456.52,218940.6673,219485.1088,220405.6246,221731.234,222998.1179,224394.5283,225863.8869,227307.4528,228704.7839,230460.3205,232529.6974,234736.2278,236681.3107,238283.4537,239374.4715,239987.7589,240632.8047,241689.9005,243800.0058,246832.2652,250262.6946,253626.7463,256730.9213,260041.2384,263650.0313,267450.0769,271416.1641,275392.1708,279643.8685,283427.345,286998.1174,290260.7556,294023.0209,298616.8164,303216.062,308928.1943,315344.0374,322760.8786,329724.9039,335266.0447,339903.4346,342852.2194,344307.1139,343955.6862,342926.3507,341607.9528,339811.2224,337426.7215,335233.4475,334222.7578,334244.3986
129269.0908,129701.6959,130052.4112,130810.4719,131457.5925,132088.2539,132671.1325,133140.4589,133701.6379,134234.7428,134881.4041,135545.9889,136192.4809,136818.621,137416.7135,138241.4142,139323.0145,140668.6534,142122.5912,143722.1563,145350.7783,146865.6637,148322.7923,149738.5738,151203.5883,152593.4925,153907.2897,155281.5619,156758.2955,158411.617,160431.1629,162703.4245,164880.5435,166872.6165,168714.4377,171225.1119,173898.3126,176750.2121,179321.8811,182113.1262,184773.6025,187348.115,189559.7396,191936.786,194612.8379,197422.5389,200070.5982,202091.6965,204239.2947,206377.3772,209084.4476,211700.4321,214800.6286,218074.146,221697.3038,225535.5772,229292.141,233143.3641,237025.813,241507.8703,245944.1868,250395.7498,254604.7958,258904.9306,264250.7251,270535.2154,277302.854,283840.2478,290801.583,297351.9313,302924.5111,307627.9246,312727.9896,317603.7463,323322.2505,329439.0623,335915.3023,341030.8526,345398.7719,349011.3068,351957.5323,353980.7175,356172.7331,358546.4174,359996.1245,361110.3984,360924.3298,361202.0291,360915.5241,360475.1093,359632.915,358324.743,355446.5321,352750.2679,349132.1294,346886.5511,341237.3026,334538.9192,326187.582,318702.7622,311201.2735,304113.8095,297227.4831,289799.494,281538.4105,273066.2068,265077.2552,256713.6283,248248.8348,240140.6756,232736.7372,226261.323,220604.6931,216079.2679,211811.8742,208031.6835,205012.8596,202367.3714,200502.9256,198600.3008,197675.089,196916.7419,196760.4329,196923.8875,197094.4732,196287.8648,195014.7531,193083.9642,191289.7159,188970.8401,186978.6371,185461.7273,183735.8398,181751.9454,179958.7049,178891.2398,178215.2587,177447.3067,176643.4159,175739.0068,174862.9699,174786.7693,174987.7858,175208.9184,176120.6291,177510.1878,178982.3096,179795.0677,180213.5121,181471.6632,183131.7379,185247.3735,187098.5276,188619.9704,190318.7083,192205.1175,194652.9837,197529.8658,200510.1664,203549.715,206174.1244,209078.1814,212135.1175,215862.027,219894.2675,223753.3899,226799.6277,229086.2348,230760.3043,232528.0405,234403.8478,237074.4207,239899.2099,242839.166,245443.4819,247974.5004,250268.536,252759.9127,255215.1515,257639.1224,259368.6694,261034.8771,262591.9241,264581.3332,266886.1911,269337.6398,272002.695,274320.9181,276874.8817,278853.5063,281087.2974,283089.781,285478.8293,287731.1711,289846.7451,291929.0296,293939.2392,295989.3084,297829.9542,299501.333,300861.0071,302679.7464,304799.2891,307220.2328,309286.7065,311518.5508,314168.0825,316977.3839,319534.4481,321952.7462,324107.8088,325982.2507,327791.6701,329923.0882,332188.0794,334674.2552,336923.149,339230.9881,341369.0723,343585.316,345786.5784,347259.3754,348358.5832,349195.0651,350384.031,351836.9946,353443.4922,354948.7419,355446.1892,355983.1853,356091.9623,356528.8666,355890.1821,355447.3007,355498.6799,356418.1976,357643.2539,358794.1111,360383.8912,362468.0603,364970.9709,367971.9224,371309.8882,374501.8477,376012.56,376488.6586,376954.8884,378946.657,382160.7406,386136.4047,391371.8398,397309.3265,403532.3435,409542.9237,415299.1297,421052.4905,426790.1217,432656.8645,437876.4099,441475.2727,443483.4333,445088.3328,447911.861,452354.478,460933.8014,472379.8888,485924.2764,498053.0346,507711.365,516172.2236,522741.422,527971.4463,530113.9269,531232.8089,531787.0507,531769.1984,530944.4508,530749.0254,532508.7219,536569.5645
87265.90474,87342.36025,87469.0838,87716.25218,88072.79365,88601.00259,89278.30284,89956.17231,90507.97184,90974.41998,91530.18965,92041.72736,92464.22218,92863.27695,93323.10982,93892.58831,94426.15831,94896.76518,95359.33623,95825.53805,96409.73993,96942.94422,97476.02279,98045.21155,98619.15081,99233.15676,99919.43613,100870.1405,102006.3097,103121.0229,104180.6428,105354.2057,106613.0209,107976.7921,109075.807,110098.6511,111142.8464,112252.9449,113533.3389,114900.421,116435.6248,118122.3536,119505.0213,120673.6167,121760.0517,122993.6026,124219.7679,125432.0604,126561.977,127683.7949,128677.7594,129982.4017,131722.0176,133897.2804,136374.7765,139052.4278,141652.1334,143885.6295,146213.1158,148595.5214,151363.5927,154090.293,157437.8367,160991.1977,165044.1489,169026.9799,173583.1211,179088.2142,184611.9206,190277.2416,195255.8781,200664.5319,205932.4238,210545.5647,215552.1789,220162.927,223508.4436,224390.5804,224889.1778,225320.1747,225433.0719,223695.0672,221992.2776,219777.8755,218225.9824,215434.1798,212664.0332,209161.5101,204967.082,200178.3726,195289.9089,190992.4196,187260.3978,182821.1468,177693.0363,173128.2951,169015.394,166221.4801,162281.1966,157996.9214,153513.5711,149524.3741,145540.6703,141444.3642,137500.2576,134198.0021,131088.5395,128362.0054,125542.9479,123351.477,120981.6276,119085.4874,116687.6042,114266.563,111512.7895,108749.5736,105719.2412,103026.5507,101762.2734,101089.1023,100716.7566,99535.16969,98481.26573,97821.74565,97664.57001,97831.76807,97917.47977,97683.59538,97344.80672,96688.46757,95547.23032,94778.82395,94308.18053,94499.40288,94330.90209,93895.27986,93226.52169,92906.30471,92879.88941,93012.81269,92960.50662,92985.49854,93149.77889,93337.17461,93344.66254,93388.97719,93470.47531,94050.93336,94952.11109,96202.84525,97421.58139,98231.54547,98773.48461,99395.17287,100465.8978,101764.9143,103082.4733,104402.1685,105851.1228,107256.7783,108719.9029,110140.2523,111635.3054,113122.054,114705.5069,116432.1,117795.7866,118894.1979,119756.7811,120971.6607,122443.0913,123808.5957,124985.6673,125929.3049,127004.8684,127879.4854,128843.3103,129881.2017,131452.0791,133072.5402,134746.9583,136165.0175,137742.1521,139260.2028,140900.8888,142469.931,144258.2432,146231.3071,148496.1896,151222.912,154018.383,156135.6462,157676.6125,158882.5462,160231.1259,161701.7532,163290.9897,165019.86,166353.3218,167707.0974,169481.5714,171582.2854,173455.1465,174440.6988,175241.8714,175916.9918,177046.0019,177949.1466,178666.1609,179331.0636,179974.2468,181051.564,182217.3975,183773.5564,185015.6069,185902.4162,186268.1563,186456.2094,186862.0174,187290.6299,187836.3096,188047.6773,188548.1975,189271.7108,190396.1626,191477.6265,192464.8133,193221.4648,193647.0612,194017.393,194243.7014,194698.7989,194913.7236,195166.9193,195262.5574,195624.5021,195995.8122,196672.9874,197669.5135,199178.0933,200726.0636,201899.9432,202427.3571,202537.9131,202276.3755,202217.5282,202566.3526,204080.351,206489.8992,209377.7361,212353.5497,215004.9953,217322.1782,219439.1648,221954.354,225366.0846,230382.416,237208.345,244657.5257,251301.0589,256462.3475,261235.0249,265846.2778,270591.0948,276544.2413,283973.6966,292822.9606,301765.8405,309792.8107,316645.4932,321313.256,323638.0625,323658.9248,322879.8201,321930.703,320115.1595,317402.0961,314115.0716,311669.3528,309905.6671
79678.64032,79788.02742,79853.72158,80116.00584,80506.63683,80855.36659,81147.96492,81275.80214,81705.5549,82177.3892,82829.58955,83461.8394,83914.08782,84258.32979,84496.55574,84810.62387,85239.2392,85622.09764,86087.68325,86421.82649,86650.56862,86737.06731,86792.86007,87040.08792,87270.77282,87419.80449,87545.4918,87935.50932,88450.11239,88914.34026,89432.69,90201.21068,91029.51046,91779.98376,92397.20241,92981.88335,93501.8587,93975.37112,94476.82349,95197.43605,96002.26166,96942.3147,97933.78718,99074.84394,100267.7782,101337.4094,102361.7618,103450.4111,104266.8321,104954.2878,105548.9016,106523.9254,107725.9746,108840.6988,109918.9317,111191.9083,112902.8163,114890.5656,116864.6146,118813.0122,120495.0261,122111.4939,123650.3294,125576.2808,127752.5961,130490.1638,133680.2139,137175.2714,141025.965,144466.1108,147516.2959,150119.5916,152121.8802,153777.3183,155759.546,158743.9567,161966.7864,164349.3028,165491.4488,165998.2336,166223.0254,166802.4168,166716.8569,166387.3833,165496.616,165134.757,164491.174,164358.2635,164000.1034,163570.1925,162562.5334,161489.2183,160287.1753,158233.3866,156449.2875,155116.2258,154041.5417,152923.6359,151103.7586,149391.4456,146814.2333,143694.0653,140622.4926,137650.0927,135306.4028,133544.3797,132098.7417,130006.0306,127444.8746,124839.5669,122939.5437,121010.6426,119169.9366,117668.4979,116353.7427,114802.1255,113210.6351,111925.9071,111330.5524,110900.9854,110693.4811,110460.1037,110099.433,109411.7191,108597.1109,107935.2841,107186.9229,106399.7675,104862.8301,102773.9294,100728.0029,99396.03661,98710.45004,97824.27951,96719.19949,95109.7236,93702.30806,92203.32146,91127.3954,90193.78914,89437.60238,89099.63746,88524.6678,88007.03943,87267.89031,86957.31807,86880.61681,87271.09537,87691.17177,88155.44933,88142.67249,87851.98147,87384.65561,87100.25383,87431.63166,88170.92504,89291.35729,90409.11697,91622.36517,92815.99439,94174.85813,95318.01132,96125.42927,96545.14324,96887.73299,97389.5357,97867.79229,98508.73594,99369.82162,100475.9195,101335.1961,101908.4917,102345.9132,102916.1409,103523.8159,104318.0276,104946.1532,105485.3019,105971.7384,106761.5412,107665.6231,108488.4143,109336.3784,110350.2492,111344.4128,112427.4587,113622.9406,115069.7426,116616.8119,118103.3611,119418.9732,120642.8965,121923.1796,123410.781,124829.479,126455.2454,127975.5181,129610.1493,130902.5777,132228.6304,133745.6831,135112.9923,136331.4732,137080.3663,138090.2498,139269.5143,140534.5435,141911.1328,143121.5839,144542.0523,145836.0728,147274.495,148751.5051,150220.0633,151794.8199,152998.0859,154075.8683,154991.9311,156128.9368,157230.0494,158429.8568,159528.5883,160743.3813,161591.2451,162606.93,163332.06,164426.8665,165383.351,166869.5521,168229.7797,169488.4193,170362.8296,170987.0913,171828.7993,172788.2887,173820.0493,174684.4411,175556.2991,176985.1749,178697.7292,180957.0355,182503.3031,183733.9852,184287.1472,184838.7572,185554.5064,186804.2758,188767.105,191386.3773,194070.5405,196927.9981,199620.6517,202303.6726,204896.974,207673.535,210904.5875,214978.1494,220120.2216,225770.9088,230818.593,234824.3736,238399.5984,242547.6594,247079.6274,252351.2629,257941.6486,264289.9016,270704.1864,276624.5357,281918.3786,285242.3948,286621.7756,286076.1533,285306.2644,284774.9964,283759.6836,283109.4444,282620.2165,283028.9767,282996.3968
142153.6176,142655.3024,143070.29,143827.2523,144541.1359,145322.6969,146181.8433,147015.1179,147761.6078,148698.9544,149741.7716,150781.5108,151619.9329,152388.2685,153222.6456,154149.7875,155024.7351,155857.8699,156674.9561,157482.239,158246.5106,159134.7425,160101.396,161115.2746,161995.4541,162830.2015,163811.2968,164929.3073,166204.3377,167505.9414,168723.4145,169872.5566,170889.1038,172039.7253,173188.6756,174250.9991,175084.5609,176021.9151,177221.2209,178659.5477,180011.0474,181246.2134,182515.449,183960.4879,185498.674,187136.8598,188585.0547,189988.9311,191046.3614,192279.449,193208.8363,194237.0432,195556.9384,197707.5846,200537.4037,203604.7642,206743.6261,210065.1946,213490.921,216645.7364,220041.2753,223574.5036,227880.0565,232786.673,238236.8293,244273.4308,251079.6069,259422.3481,268569.5649,276196.6633,282355.4412,288008.6278,293925.5233,298724.5585,303060.2756,307641.2358,313184.1578,317286.3124,320015.6542,320591.7583,320033.8203,319432.1081,317651.6476,316036.5737,313658.6131,312368.2322,312283.623,312551.438,313390.413,312457.116,309705.6952,305887.9106,302009.1366,299259.0689,296967.4747,292722.5215,287269.8057,281094.7328,276588.14,272662.5037,267577.6684,262706.1422,258504.1705,255339.1363,252076.034,247919.1391,243079.0097,238400.8647,233599.6229,230605.1969,227473.0854,224191.3971,219706.661,215499.5422,212096.2043,208644.6222,205419.6062,201782.0196,199381.2774,197937.4534,197204.9956,195650.0009,193237.0565,191627.0571,191231.2886,191384.7637,189780.0634,187774.942,185289.4028,184298.8152,182449.2535,180232.417,177298.4306,174558.7162,172528.3199,170552.2779,168351.2916,165925.5787,163697.3169,162220.5561,160678.8904,159570.0296,158955.7086,159169.2578,160040.67,161247.8848,162637.6977,164035.2789,165350.7939,166640.8813,167729.1296,168686.2678,169875.4396,171231.1955,172839.2984,174938.1697,177458.2863,179994.1734,182189.2462,184163.0257,186633.0227,189239.6325,191961.1882,194273.6376,196417.3299,198412.9514,200365.9237,202177.1619,203915.9456,205716.3535,207444.7083,209102.2036,210670.8223,211845.0674,213033.1552,214183.7695,215462.5729,216499.7282,217614.5378,218934.8369,220352.0442,221610.1719,223214.6925,224929.1615,226877.1199,228279.1178,230012.3276,231793.07,233814.7353,235714.8768,237494.8212,239173.1689,240835.5508,242315.6908,243613.2154,244725.8357,246062.7179,247693.7687,249507.6959,251257.6291,252926.579,254637.2961,255886.7461,256899.6238,257823.8093,259250.9022,261031.2783,262938.5108,264996.5989,267232.9289,269362.2818,271320.2352,273007.3676,274748.9836,276772.5439,279135.6077,281378.1029,283173.7553,284614.713,285713.005,286879.8252,287739.0066,289123.7118,290320.1871,291706.9676,292811.5031,293992.9229,295284.9545,297343.0589,300249.1772,303145.3831,305335.034,306673.0872,307887.1948,309002.3025,310273.9949,311664.5938,313037.0624,314640.2404,316375.1153,318467.4329,320722.0382,323003.9681,324827.3653,325584.9367,325847.6259,326392.3936,328371.0113,331568.6392,335319.6928,338933.282,342507.1609,346671.2618,351418.2513,356207.9947,360799.8726,365356.5142,370146.2276,373651.8175,376023.5195,377382.244,379694.1713,383739.4827,389144.184,397305.8222,406592.504,416937.6689,425935.4245,433355.5482,439466.5571,443676.1543,445829.5701,446043.0381,445882.5936,445810.4757,445455.2926,443916.8354,442588.0795,442162.1296,443283.3145
102343.2611,102672.3491,102965.5553,103591.1438,104141.7794,104744.194,105340.5746,105891.3821,106439.868,106951.7902,107584.9074,108291.2511,109045.7146,109737.1586,110325.0405,110919.0014,111619.7,112471.0578,113497.216,114722.7551,116062.3093,117334.3129,118534.4525,119695.3855,120846.6704,122019.5978,123208.6724,124498.3094,125777.634,127169.6601,128749.0241,130512.1341,132097.7345,133523.8343,134783.6232,136537.2823,138592.972,140837.2118,142911.1533,145059.6059,147111.8809,149018.88,150630.2909,152304.7224,154180.0271,156089.9418,157964.9515,159490.2207,161156.4489,162784.6312,164830.1995,166787.2544,169112.2813,171567.7398,174319.8795,177205.1802,180106.9357,183123.8712,186153.6788,189464.2082,192687.2266,195881.7023,198855.9573,201697.5409,205247.8958,209599.2439,214424.4412,219171.9086,224251.0471,229027.6464,233077.8078,236371.3803,239935.2679,243308.9016,247420.6711,252017.231,256907.45,260795.1053,264138.3377,266815.5722,268822.6013,269909.2848,271066.0651,272240.6546,272781.7636,273122.2166,272465.1077,272069.7534,271237.6167,270545.6358,269628.7072,268537.7832,266395.2585,264454.0862,261720.1309,259972.2152,255617.5061,250381.1955,243855.4134,238095.063,232720.508,227514.516,222390.786,216671.2565,210560.6519,204337.7575,198521.9131,192271.6774,185671.0511,179196.6072,173167.9196,168214.1297,163332.0209,159588.9646,155421.6219,152282.0872,149270.5894,147229.2647,144894.8026,142405.1055,140422.6268,139268.0064,138874.5356,138692.912,138242.2335,137217.6829,135862.2192,134441.6365,132986.4593,131037.6956,129381.9315,128440.3992,127559.8292,126435.6912,125348.6512,124828.3657,124480.9153,123922.868,123389.2314,122871.2802,122417.5908,122161.968,122153.7013,122113.8911,122468.3402,122814.7927,122919.0471,122692.2594,122552.5421,123012.5003,123875.4679,124878.8,125860.7427,126929.5442,128349.3309,130051.7142,132059.4378,134371.467,136852.3465,139421.6045,141679.9206,143879.759,145868.5076,148001.1374,150199.1918,152482.3358,154709.2397,156836.3644,158523.4352,160226.7531,161801.0588,163807.494,165865.4766,167699.2932,169369.184,170556.8192,171883.9476,173133.4717,174608.6685,175955.5837,176907.5322,177866.354,178852.546,180154.7715,181593.4136,182995.2521,184569.3271,186066.3191,187931.1264,189899.1959,192281.1872,194678.3587,196905.5378,198724.5361,200306.129,201934.2192,203609.3675,205452.2323,207236.4141,208907.0375,210568.4135,212349.2951,214416.2972,216454.1148,218433.4434,220383.0535,222419.8352,224334.6566,226586.0687,229276.8001,232390.2149,235173.5555,237386.2327,239199.667,240611.4114,242132.4356,243940.5393,246472.7635,249356.7154,252206.4569,254673.8471,256503.0696,258109.2645,259557.5165,261249.5787,262910.3585,264500.5055,265829.5046,265986.3655,265753.0094,265007.821,264646.5569,264295.7453,264179.0881,264281.1497,264311.2818,264772.9452,265670.0255,267268.896,269103.6603,271455.1508,273673.3011,275667.5238,277057.2047,277558.5595,277486.2759,277377.1924,278304.6774,280332.1017,282728.572,285395.4627,287959.8989,290924.1586,294110.9216,297579.7889,301688.4063,306572.2002,312289.901,318045.7271,323451.1286,328465.5394,332995.7532,337632.3724,342391.8225,348134.1174,354336.9593,361620.5978,368687.9648,375485.4511,381053.5297,385898.0127,389256.2888,391511.0339,392659.3266,393339.1617,392628.8984,392713.8536,393573.7105,396131.6126,398547.379
103715.3044,103801.2523,104011.8029,104566.0312,105409.3183,106372.8165,107252.1687,108231.7388,109195.852,110193.1719,110984.8055,111719.6396,112346.2899,113141.8225,113822.0956,114629.4174,115335.1592,116200.1233,117107.0413,118078.8443,119162.8118,120321.3051,121546.8159,122885.2033,124190.0481,125361.5501,126497.8658,127652.6831,128751.5648,129718.99,130661.8256,131763.8233,132855.7852,133809.2948,134699.314,135635.3085,136650.2184,137765.6775,138904.4445,140112.3986,141440.8673,142630.7988,143925.066,145030.7869,146430.1952,147843.7533,149298.6512,150639.6764,151894.1316,153198.0062,154800.7851,156540.6023,158314.0093,160352.398,162854.551,165810.163,168681.0902,171096.5892,172920.3218,174693.9685,177160.9308,180184.655,183410.7221,187123.8411,190633.9693,194225.0068,197327.7492,201056.9948,205260.3746,208987.5059,212481.3675,214980.7941,217257.115,219808.619,223291.4957,227203.8565,229512.7268,230870.6174,231471.1852,232495.9313,232446.92,231505.9384,229924.1469,227883.1971,226665.1532,225737.8218,224713.1072,223247.9017,221600.6699,220027.8499,217476.9946,214020.841,210755.8664,207911.5037,205624.4399,201754.2328,198375.8212,194658.4656,192647.9626,190061.376,187691.3342,185105.5087,182637.0526,179731.9092,176557.1942,173153.1795,169850.9789,166967.5667,164516.7098,162158.0366,159814.0012,157051.9975,154884.5082,152904.5421,151277.7187,149387.5955,147603.391,146657.3457,146598.8182,146819.1323,146861.8292,147031.1009,147209.8745,147565.1981,147445.6019,146945.8491,146093.0798,144942.0663,143848.9388,142442.7653,140976.0895,139756.6397,137972.456,135691.0078,133228.2819,131344.9006,130007.2819,128689.9174,127390.5759,126500.7689,125696.0858,125345.4457,125055.5036,125123.6219,125161.863,125436.3519,125865.0053,126558.2288,127454.1863,128404.0988,129436.4563,130253.6636,131101.2773,132300.9634,133800.2695,135741.2463,137182.6333,138299.5013,139102.4497,140129.3861,141730.1782,143265.9559,144741.328,146039.9982,147331.3849,149094.8062,150787.936,152630.0987,153811.5998,154746.1288,155529.5888,156368.7398,157338.7789,158144.3689,158946.2748,159723.8064,160376.3739,161306.3378,162375.7149,163941.1026,164956.0645,165904.6507,166599.8902,167806.4826,169166.472,170664.0554,172585.744,174648.1817,176831.1363,178968.5229,181145.869,183378.5015,185040.2688,186535.2438,187842.438,189625.9699,191192.9836,192591.3535,193676.1214,194916.9413,196672.372,198859.8411,201409.4228,203752.7596,205342.6945,206217.0112,206911.664,208234.6921,209814.6262,211568.2746,213329.5693,215224.7713,217021.998,218687.9363,220383.4786,222137.5799,223236.3555,224132.1224,225101.4614,226585.2253,228240.7855,229745.0348,231511.7036,233059.0148,234434.6609,235628.9058,237071.901,238718.4398,240108.5191,241497.6034,242939.7895,244495.4169,245769.736,246809.5487,247708.5271,248554.3487,249287.2957,250287.8902,251770.1807,253605.2179,256411.8786,259187.7482,261895.9587,263310.3941,263464.4198,263296.1959,263574.6974,265314.3085,268191.9463,271428.3092,275080.0216,278441.4929,282555.4636,286982.7228,291832.7147,296590.9349,301737.1932,307852.6301,314397.6084,320006.695,324511.3694,328297.7812,333204.0137,338322.8812,344493.3495,350677.8598,357633.5599,364803.2706,372079.894,378692.8096,382925.4598,384518.4266,384026.6653,382801.3695,380666.7386,377325.7437,376128.5652,376721.0145,379526.4852,381228.6499
62756.31804,62913.94308,63170.87486,63615.6613,64130.26333,64572.15553,65031.60302,65468.10996,65971.43056,66501.59118,66989.68853,67331.76401,67516.80576,67569.58359,67629.45188,67817.01276,68130.5247,68489.82851,68749.37808,69133.04819,69564.87793,70111.84991,70519.45511,70804.6355,70974.16444,71094.89087,71270.00221,71475.32346,71742.38975,72060.65633,72339.0236,72627.03841,72766.01393,72984.71625,73199.15511,73525.00587,73829.23827,74109.94561,74431.82231,74847.80408,75305.47052,75789.06134,76271.63338,76866.79353,77578.68715,78295.10078,79077.84547,79801.0043,80459.90876,81060.61505,81624.53908,82414.16165,83339.12706,84495.09815,85632.55217,86937.63411,88099.41922,89266.54674,90279.76555,91355.28012,92614.25493,94074.73344,95755.7892,97696.17425,99985.73733,102702.3822,105557.3575,108114.8521,110148.7052,111893.7457,113856.4644,116373.1479,118982.037,121773.8014,124463.4259,127348.4048,129992.582,132495.7671,134589.05,136127.9358,137032.6783,137939.2065,138523.0399,138978.4197,138537.6756,138529.7878,138399.8339,138768.1688,138849.2949,138589.0034,137874.6164,136636.1391,135462.8095,134003.0826,132518.7924,130456.1706,128562.3491,125830.5623,123305.5743,120664.2956,118267.2638,115892.4087,113569.7583,111356.6028,109385.7522,106932.8882,104202.0561,100762.4144,96617.1429,92419.02407,88962.76101,85841.24543,83524.51871,81145.56318,79315.86211,77109.32029,74664.58999,71728.97268,68853.24729,66362.40633,64947.75027,64009.30909,63449.64908,62660.30665,62247.91051,62145.4116,62099.61733,61835.5679,60978.32337,60194.18018,59085.66155,57902.89038,56321.29498,55074.26489,53808.55089,53315.94735,52591.57869,52170.2256,51598.18964,51406.70783,51220.03902,50962.45402,50437.32529,49975.86345,49972.46238,50373.59588,50656.3479,50682.15165,50685.62469,50832.32877,51139.64527,51460.81476,52044.71115,52853.70312,53905.67893,55064.94851,55982.13429,56637.98428,57175.04675,57998.92859,59292.00793,60656.10039,62073.61809,63236.01818,64527.85958,65991.14069,67869.64438,70060.06559,72205.06999,74214.035,75793.84214,77012.62074,77813.35148,78424.7077,79038.71804,79647.23743,80238.29259,80838.69514,81952.3229,83458.5906,84419.76064,84781.55191,84668.55581,85211.80268,85825.08145,86394.83723,87050.10635,87998.88334,89315.50497,90778.12427,92135.74182,93522.66226,94595.19459,96044.2419,97736.20895,99879.09073,101986.2533,103992.0655,105982.1705,108257.8166,110913.7728,113434.9332,115600.9305,117358.3448,118417.3862,119030.5033,119551.7259,120856.6283,122709.5496,124835.7546,127034.7933,129366.6141,131935.3308,135109.5094,138345.6207,141180.0978,143596.5801,145863.0199,148350.6799,150438.5678,152185.7869,153528.8867,154755.2866,155991.1802,157476.2458,159154.0039,161501.0971,164109.2118,167346.8613,170383.7195,172975.5334,174177.7079,174612.1129,174300.4028,173989.2003,173467.1061,173561.9433,174165.6238,175540.9698,177371.98,179830.3833,182610.796,185210.4942,187025.4339,187716.4642,188068.948,188539.1976,189691.8342,191242.9517,193175.6573,195743.6041,198538.1794,202141.5517,205787.5573,209511.2366,212442.5024,215217.9752,218277.6717,220745.9893,222346.8879,223175.235,224884.4687,227846.8888,231866.3158,238335.2224,246214.6289,254743.1044,261374.364,265832.2928,268978.3932,270773.4578,271418.3557,271163.6534,270443.1822,269857.2444,268974.5853,268227.8951,267746.427,267910.2327,268200.0346
75384.94352,75421.9606,75537.09371,75915.83256,76477.41453,77172.53595,77816.7856,78564.79972,79314.45472,80071.41006,80724.8062,81330.91682,81879.43503,82536.70969,83123.9075,83808.51377,84429.21464,85076.21752,85694.01877,86235.75141,86830.27662,87423.44516,88180.72677,89100.83089,90014.51991,90769.13117,91429.81184,92141.94084,92821.70473,93541.88364,94315.95729,95246.6228,96137.28069,97020.55239,97955.16895,99043.37863,100159.7679,101262.9893,102342.1563,103442.1993,104678.2598,105849.506,107073.0325,108252.0581,109646.4035,110931.1824,111991.6414,112760.9439,113505.2419,114354.79,115521.1951,116807.6366,118117.9854,119519.0518,121286.5885,123336.666,125335.9416,127026.8258,128405.5686,129924.1315,131966.9967,134348.8663,136651.8288,139390.8543,142168.6955,145178.3342,147720.8266,150704.1898,154058.2112,157014.2305,159660.1445,161524.1255,163232.9168,165246.5904,168027.1458,171153.5099,173061.878,174273.7864,175055.6647,176113.1351,176434.4664,175986.4083,175173.032,174096.9225,173952.2235,174019.1676,173878.8446,173197.7102,172265.9693,171412.6262,169667.0792,167230.238,164626.9206,162163.8187,159822.7052,156079.3801,152714.9296,149110.0848,147074.2228,144747.9554,142604.5422,140191.4506,137785.8409,135065.6,132237.4316,129399.2797,126891.8412,124717.7342,122717.6594,120494.6746,118198.7422,115373.1841,113289.9843,111585.9367,110590.4363,109528.3994,108473.8373,107418.938,106713.2286,106093.6024,105822.6457,105741.0045,105522.1564,105255.1076,104677.058,104104.1749,103352.727,102204.953,100732.6813,98983.19426,97317.43152,95947.16422,94206.55558,92225.15526,90139.29336,88361.4506,86825.46495,85135.62486,83641.14248,82534.57551,81992.01627,81950.10303,81640.30953,81244.37826,80718.14778,80687.35019,80972.72582,81494.02499,82215.94367,82980.78738,83619.02494,83588.88019,83399.97449,83320.45505,83964.87196,85097.14698,86178.88478,87243.67384,88509.71448,90173.08366,91952.12123,93503.11399,94790.87507,95814.28513,96523.23291,97454.75026,98459.14863,99787.87286,100397.7981,100952.5928,101402.0022,102383.8526,103710.1831,104863.3165,105863.9668,106644.3233,107385.9651,108439.7915,109515.5641,110780.3095,111264.3919,111539.4398,111942.9517,113326.31,115009.3809,116707.8398,118478.9762,120469.9451,122454.9097,124576.0255,126730.5503,129103.0841,130637.8041,131826.7868,132672.6157,134041.0041,135385.5637,136609.0728,137680.363,139058.7103,140978.736,143152.5224,145280.1738,147113.2215,148217.949,148980.8625,149513.991,150706.4549,151962.0603,153445.2572,154789.7479,156476.954,158119.8324,160064.5939,161972.5824,164054.3759,164822.3451,164785.3478,164448.4793,164825.2187,165763.9464,166921.2151,168575.0005,170349.5584,171942.0763,173357.3815,174963.7547,176690.9175,177791.1042,178163.8695,178282.1306,179031.5301,180205.2989,181625.0853,183013.6139,184525.4804,185881.9012,187323.9631,188939.7729,190650.8346,192982.1587,195319.6122,197554.6026,198982.6355,199650.6073,200276.6884,201223.4891,202828.061,205205.3901,207763.5022,210893.4777,213951.3548,217512.1488,221331.8076,225431.8857,229152.5176,232865.6202,237141.4294,242802.0336,248698.8093,254396.1587,259052.2468,263684.8154,268053.9915,273382.111,279169.4234,285810.5112,292590.1125,299140.5505,305314.9663,309486.024,311164.9072,310268.4317,308525.923,306734.9536,304708.754,304282.2403,305330.9051,307596.0216,309238.8187
242884.1548,243309.3832,244167.2783,245602.5516,247416.5371,249049.4337,250804.3496,252354.6125,254116.944,256068.9123,257864.6827,259326.7043,260778.4482,262223.4798,263723.0864,265006.524,266765.4929,268632.004,270133.1899,271461.6432,272813.6882,274426.468,275938.0956,277267.3922,279128.0498,280902.0635,282691.2765,283751.0565,284950.1431,286235.5739,287538.2292,289048.9553,290753.257,292845.7327,294696.3177,296244.4893,298135.0328,300084.284,302340.4992,304277.6827,306238.7202,308246.0869,310111.7587,311781.0475,313098.9541,314738.069,316794.7671,319613.2066,322880.6882,326346.302,329211.9624,332136.091,335187.9232,338884.7603,342559.7866,347069.0637,351549.2699,356398.9914,360750.6178,365235.665,370554.1801,376772.8495,383692.7062,391276.5762,400260.3745,411338.6146,422685.4009,433260.8875,442405.982,450706.5887,459440.4978,469139.9797,479363.2829,489521.1155,499189.6791,508929.1485,517625.6029,525529.6634,531391.2287,534757.0929,535320.2195,536604.5939,537419.5966,538313.4606,536395.7218,536377.3067,536575.0662,538132.9103,538287.5735,536674.5801,533082.3125,528184.2567,522813.8951,516187.5916,509126.7694,501049.0196,494297.501,485083.4624,476356.7816,466731.3568,455473.779,442831.0615,430164.8574,420012.8124,412953.1587,405772.1251,396535.2817,383984.0432,370106.6443,358198.4486,350738.5274,345118.2388,342120.8068,337461.5505,334102.7229,330431.5825,326902.9898,323366.5775,322015.3026,322395.9316,321354.195,320052.0504,319082.6938,318774.5114,317472.8768,315535.8315,314260.3341,312111.2819,309254.218,307120.4054,305012.4341,302878.461,300842.7743,299627.1724,298241.2198,296450.2254,294906.7996,294019.9042,293823.5964,294614.7979,295747.7474,296121.362,295819.8628,295938.3071,297825.7516,299573.584,300462.6433,300310.8603,300779.4896,302541.1295,304731.7788,307327.6298,310337.0934,314010.6207,317944.6445,322101.2894,326192.0852,329736.2545,332431.8936,335023.2304,337973.5127,341749.8113,345592.3609,350103.2624,355051.5641,359918.2687,364188.7356,368197.1709,372402.0348,376103.5947,378695.8935,380323.6723,381273.1408,382065.9649,382425.1938,382844.3548,383551.3414,384555.5708,386160.3547,387909.6214,390381.0013,392615.6241,394397.7281,395339.085,395994.6435,396533.9738,396601.0985,396901.4738,398199.1554,400700.6457,402463.3964,402929.9446,402778.4683,402891.7941,402550.5049,402270.0002,402291.7117,403090.101,403433.2186,403655.8277,403925.4838,404489.6776,405139.8177,405738.5195,407076.1004,409092.2505,410808.1034,412289.8216,412610.2222,413347.5492,413383.7505,413919.616,414961.0135,416702.0759,418222.1678,419603.5565,421301.6062,423952.634,427000.8422,430029.1567,432630.3118,434715.915,436489.4681,438146.5924,440166.6125,442565.1747,445244.1368,447988.8757,450288.8221,452573.6568,454074.5823,455250.9138,456026.5282,457309.5203,458415.0817,459067.9122,459699.2884,460944.6553,463027.7447,465590.4113,468388.7104,471275.7043,473559.9731,475117.8236,475667.7682,476060.4027,477010.5917,479323.7595,482866.2059,487341.5285,492837.2595,498334.3075,504162.5945,509978.6181,516345.8186,522819.7933,530290.9342,538707.4327,547749.0197,556138.3219,564493.4853,573182.5991,583028.9782,593837.6207,606929.5822,621398.0547,636226.5414,649802.8125,661450.2771,670968.8863,676343.6699,677195.9638,674386.4229,671210.6742,668887.9635,666617.518,663335.3829,661224.9027,662385.8213,666338.9629
64157.05871,64256.77876,64385.71606,64636.22803,64933.83677,65202.22626,65478.6097,65771.17706,66181.47064,66611.16003,67086.97785,67611.16436,68090.38102,68500.06545,68828.21518,69262.042,69760.84521,70334.42261,70941.04286,71633.0384,72265.72938,72846.58903,73320.9305,73909.5626,74401.61697,74858.56815,75201.16455,75735.52327,76313.98829,76917.73535,77402.24866,77915.90323,78443.39424,79056.15901,79625.1142,80203.14248,80634.51589,81077.71969,81476.09678,82128.82698,82859.69634,83752.06802,84648.04021,85713.33564,86733.3595,87688.08157,88599.68839,89480.78016,90234.67617,90858.3505,91528.38709,92420.37596,93573.32452,94742.96479,96090.74472,97568.93004,99346.64662,101171.2355,103087.9269,105151.1298,107026.2776,108827.69,110848.8086,113434.7413,116307.0466,119307.3332,122474.4481,125925.4805,129606.8067,133125.8253,136012.4898,138389.3855,139881.6768,140999.1093,142411.1529,144784.6932,147527.6893,149347.6902,150059.6948,149924.2539,149630.0209,149301.9602,148193.8609,146660.2126,144812.7772,143790.6079,142713.896,141777.618,140425.0645,138757.6571,136609.6464,134402.7938,132322.3693,129742.1422,127400.9192,125445.5468,123923.8034,122578.4865,120327.9892,117596.6798,114482.7513,111511.2517,109094.6416,106456.6967,103956.4441,101565.7266,99191.21087,96521.04208,93707.09164,91179.1013,89457.74828,87860.91627,86102.57917,84244.88072,82378.93228,80628.52391,78984.59346,77661.35061,76856.87318,76160.58831,76057.82617,75891.71768,75957.09498,75657.45963,75349.89523,74964.19927,74523.68565,74071.15289,73250.58789,72093.25193,70792.24172,69769.53687,68917.82342,67848.01633,66766.8051,65616.17072,64771.01189,63635.58162,62432.73757,61138.08462,59826.93255,58877.68447,58141.03476,57794.8211,57438.23316,57156.94028,56780.40935,56592.2338,56460.98789,56524.81333,56591.09904,56549.86838,56503.4541,56387.13799,56576.84265,56873.75899,57345.46903,57766.29744,58257.69893,58849.71141,59713.05126,60404.68668,60953.37461,61374.83575,61983.29016,62672.42268,63292.45152,64057.5437,64839.41812,65598.82405,66047.81529,66495.02746,66954.61978,67390.61172,67714.07857,68091.78912,68551.7132,68931.64065,69271.54138,69708.72757,70043.50466,70275.64033,70593.85661,71202.55494,72042.73974,72861.91791,73844.7389,74790.53185,75891.92334,77018.35527,78156.20932,79268.08279,80283.35401,81596.99182,82991.47803,84663.75554,86187.80425,87831.14506,89238.63689,90596.99159,92062.83068,93865.43135,95970.2263,97936.53896,99812.96897,101585.7678,103117.4508,104738.1057,106220.0651,108115.8305,109907.9577,111798.7351,113675.948,115600.0199,117545.029,119137.5777,120465.6351,121678.9145,123007.8368,124065.8661,124993.747,125955.163,127191.5908,128471.6223,129724.2136,130642.558,131440.5309,132256.0259,133669.5784,135519.1894,137071.0278,138049.5555,138517.3802,139255.7931,140199.7856,141304.3897,142257.2918,143152.8718,144109.8,145282.4863,146880.4039,148253.3622,149193.3108,149715.7913,150068.2605,150657.1086,151571.4768,153175.709,155336.8332,157815.9925,160590.9608,163394.9572,166236.3089,169102.5823,172169.5468,175377.013,178836.5309,182753.7801,186857.4275,190602.2473,193872.8156,197116.9066,200917.4173,204885.7628,209659.7395,214926.7296,220748.7048,226261.9399,231281.5635,236163.9886,239816.8529,241693.0312,241746.372,240951.36,240015.3787,238674.4826,237981.6033,236844.6333,235565.1633,233590.4908
287474.569,288378.8859,289618.7768,292100.1541,294524.3469,296948.8884,299236.2515,301181.9628,303173.2048,305329.1995,308219.2423,311204.7271,314111.1428,317047.982,319580.8527,322154.2593,325437.1934,329726.625,335015.0058,340446.0401,345895.8103,350610.6219,354861.0322,358880.4998,362942.1142,366976.3896,371305.0759,376201.5366,381349.6058,386935.6475,392853.8026,399373.5144,404955.81,409638.0477,413283.6278,418221.1368,424499.6479,431328.5679,437623.4149,443939.0345,450386.0963,456393.3855,460981.8268,464845.7542,469095.0379,473222.0583,477323.3467,480283.8038,484433.9763,489051.109,495143.9412,500472.5417,506209.2843,512390.9011,519670.4292,527749.6266,535643.8149,544093.0555,552751.012,562227.0656,571080.6398,579773.5104,587999.4509,596455.4874,607315.7417,620818.8038,635112.547,648826.1217,663289.9043,677155.8992,688648.3069,697539.0384,707451.3983,716954.2389,729063.7667,741926.0026,754754.6044,763303.8416,769294.5586,773408.4393,776107.4242,777430.1963,779798.3195,783102.357,783812.4352,783752.2274,780058.8815,777416.8258,773824.2161,771046.9897,767435.1945,762696.3419,755092.1954,748339.709,738964.3559,731945.3791,718036.9601,702710.3575,683561.2063,667121.0669,652546.944,639698.0346,627557.3044,613189.7388,598238.0264,582823.4184,569939.396,556775.4538,542421.2172,528751.9475,515640.6267,506121.2702,497826.1566,493125.0448,488149.0149,485208.221,482378.8441,482405.2214,481983.1376,481428.2129,481234.8475,481165.8646,482348.2651,483274.5622,484091.2904,483555.345,482716.8563,482078.8435,480917.0048,477813.2909,473736.8046,470991.2465,468585.098,466948.8538,464752.8635,463032.3184,461610.5869,460214.2284,459939.993,459775.1897,459977.4594,460521.02,461144.2751,461183.5483,461580.0177,462187.1874,463636.6944,465670.5097,467887.8096,472094.1386,477017.8842,483013.1578,488480.5403,493075.0015,498284.9193,504102.5624,509967.5021,514974.4812,519250.1826,524991.9042,532572.927,540724.6784,548351.5705,554356.5271,561016.8911,566826.5519,573370.0708,579262.1662,583559.9613,585765.2057,587179.4538,590446.7143,594914.5084,599149.8391,603238.6338,606353.4594,610329.2923,613579.0042,618610.8215,623432.8945,629777.2144,635922.3773,642195.5538,647715.7782,653009.7925,656827.9972,659972.3402,662525.9768,666625.1573,671974.6163,678453.2179,684198.2626,689961.0838,695133.5091,699519.2684,701693.5992,701950.4793,701360.0847,701833.4594,701678.6169,701227.4715,700895.3149,699832.8158,697436.237,693545.183,692251.832,693603.4392,696243.7965,696630.4482,696401.856,695538.2558,695334.3233,695760.977,696248.7664,697774.7401,700409.7052,704309.5773,706745.2625,707841.9389,708339.6855,710630.3458,712106.9227,713039.7055,713624.592,714603.5545,715682.2449,716861.8617,718530.5681,719956.6657,722618.5416,726118.7481,728832.2216,727800.4305,725372.1402,723490.2461,722368.72,720959.2141,720635.9118,722603.7861,726608.2935,732601.546,740378.0338,748102.8498,752860.7152,752826.3167,749948.8314,746887.231,747123.1895,750891.4756,757270.5678,765689.3941,774577.4642,785498.4677,798491.8324,814401.1333,832039.7255,851416.0307,871723.1785,891021.3181,906912.0873,920138.3498,932208.9517,946173.9419,963472.9354,992167.3289,1030479.793,1078800.529,1126978.851,1170226.163,1207752.293,1231791.778,1244417.11,1240970.48,1236525.014,1233879.388,1235498.54,1236121.449,1236472.169,1239274.834,1244807.909
108451.2973,108421.2306,108214.2416,108513.1643,108698.5919,108778.563,108606.3502,109001.3908,110058.3118,111128.3787,112039.6113,112967.5875,114017.4593,115151.4381,116184.3421,117110.0194,118094.8854,119329.87,120591.0089,121637.5599,122535.2418,123503.0669,124312.4318,125071.1266,125868.8354,126822.6511,127596.9163,128184.3181,129010.7613,129594.375,130338.507,131204.6814,132561.7399,134021.3108,135550.2488,137178.1034,138560.3732,139782.2183,141331.4981,143241.6888,145139.136,146788.9789,148050.7935,149249.5548,150499.0864,152148.1543,154000.2006,155781.0028,157167.4429,158349.2206,159849.1392,161747.3853,163907.9832,165958.9737,168100.1276,170311.0911,172542.2306,175090.5867,177761.8744,180672.6126,183512.3564,186568.0454,190093.3346,194378.835,198859.3556,203851.1246,208652.4428,213576.4512,217728.1638,221393.1998,225642.6297,230554.5057,235729.8529,239460.7274,242335.7069,246501.566,251561.8178,256288.379,258152.597,258379.2249,257193.9494,255647.6333,253951.9884,252836.644,251415.5996,249769.9996,247614.5619,244823.4232,241933.2748,239178.4527,236990.6463,234426.0723,231285.9399,227749.8023,223292.7209,218477.2129,213663.0223,209990.9054,207031.0536,203695.6764,199983.472,195773.6436,192457.1213,188437.0254,184169.921,178128.421,173186.2468,168878.2376,166261.7269,163614.0412,160447.5326,157135.1924,153297.7775,149284.818,145392.8531,142367.8129,140881.452,140649.957,140796.5121,140143.4155,138973.2571,137839.441,137194.5565,136202.3951,134967.6529,134112.6253,133634.526,133384.9174,132364.371,130632.2262,128074.6253,126248.1295,125118.9493,124011.9143,122173.2086,120135.5825,118532.6942,117170.9009,115925.6002,115030.959,114680.4183,114622.7101,115050.4701,115325.0191,115805.0758,116336.7885,117032.7493,117781.0872,118318.6436,118765.0194,119209.7044,119540.0256,119863.5618,120231.5903,120796.9482,121675.5211,122811.5153,124184.6277,125907.2765,127713.7756,129850.8113,132332.788,134743.9218,136993.7565,138827.7626,140866.2747,142482.9973,143998.2256,145315.5263,147163.5688,149238.6794,151241.4048,153222.4665,155192.7506,157523.4768,159513.1574,161319.1235,162600.0929,163985.0405,165348.5299,166495.0539,167400.8867,168256.7678,169397.565,170877.1654,172438.992,174489.5312,177027.9297,179901.5747,182962.2549,185930.9732,188680.5673,190732.5953,192207.5002,193291.5244,194671.1634,196151.3516,197818.4835,199164.5746,200484.4983,202009.6969,203693.016,205224.8523,206461.6863,207714.3225,208912.3901,210262.4887,211422.286,212790.7882,213999.2845,215159.271,216221.5134,217324.6497,218576.5935,219782.0087,220799.2743,221761.3108,222782.6771,224273.9499,225863.792,227327.9114,228581.1936,230151.2706,231766.705,233437.658,234702.712,235997.2296,237381.4064,238591.5574,239778.4085,240548.8538,241159.578,241309.4798,241476.3546,241948.4955,242898.5337,243952.3446,245095.882,246309.2079,247593.014,249082.0885,250497.4337,251654.3141,252275.6855,252236.7547,252345.6158,252928.8412,254516.7081,257022.9821,260211.3711,264058.1591,267775.1092,271438.6416,275050.0473,278943.4493,283285.9545,288434.7324,294820.9245,301427.1143,307694.4871,313453.2145,319650.2091,326638.5292,333604.9696,342066.9423,351645.6697,363625.4305,375979.5047,387323.1304,396272.4117,401810.9831,404370.97,403784.4094,401856.4227,399392.6212,396796.4764,394273.5226,392472.2064,391701.7196,390952.6143
90969.33102,90913.69881,91046.50259,91082.3242,91169.83262,91259.23112,91641.24227,91901.9263,91825.23079,91603.82199,91692.07492,92416.43049,93289.85477,94150.18315,94576.17168,95235.81628,96084.22862,97378.38564,98443.10923,99323.09556,99945.14215,100466.7797,100947.6003,101087.8964,100893.6656,100110.4329,99168.6613,98250.56224,97797.29572,97736.39236,97810.8342,97902.32597,97739.61083,97884.78906,97941.06062,98458.10068,98716.96609,99378.82156,100207.7145,101493.461,102512.4625,103165.3336,103458.036,103968.4309,104687.5502,105674.3733,106807.7038,107873.1792,108687.322,109497.8258,110312.1907,111259.5077,112182.9805,113305.2932,114536.2563,116048.436,118070.5273,120050.126,121985.2486,123478.6352,125274.7841,126798.7933,128509.8838,130509.3197,132901.7225,135832.2068,139048.604,142419.6163,145598.1238,148642.0394,152001.3851,154810.8446,156571.1601,157765.2471,160216.9718,164916.9313,170088.9415,174821.7112,177815.9233,180110.7747,180880.9936,180739.9706,180129.1007,180069.9804,180628.7376,181791.0917,182753.3642,182948.2752,182354.1938,181190.2487,179947.4928,178278.4417,176616.1713,174492.5132,171454.2467,168706.0391,166812.7891,165873.0024,164049.4933,161515.7779,158219.312,154539.1,151013.8985,147450.2377,144553.0019,142248.7353,140201.1256,137175.3073,133447.8418,130250.6637,128040.6905,126143.9209,124331.0722,121979.1859,119646.7289,117076.4882,114730.274,111855.0971,109222.6414,107554.1057,106693.8502,106275.9747,105358.9509,104140.5217,102464.5203,100795.858,99580.67085,98330.34495,97251.38536,95668.47548,94271.83243,92529.00343,90454.48656,88340.76069,86662.94719,85692.01989,85229.38951,85144.60935,85007.3859,84772.85086,84639.4247,84797.86012,84924.12957,84912.44795,85040.73023,85405.7139,85797.78486,86290.18524,86736.02904,87303.30797,87802.84424,88216.94982,88428.88047,88978.48721,89749.37621,90957.25158,91949.73714,92845.69159,93967.43381,95432.92836,97405.66958,99337.28784,101191.9498,103065.0536,104723.3669,106429.7405,107886.4451,109284.4956,110550.6005,111834.6788,113343.7619,114698.5876,115922.5989,116993.5809,118092.4164,119202.1062,120022.0939,121072.7339,122585.9287,124457.0055,126052.942,127097.8068,128009.0076,128974.2266,130026.4956,131208.1618,132520.141,133998.0402,135289.1251,136730.0171,138170.5384,139719.3318,140888.9498,141846.2933,142580.9809,143399.7222,144063.8474,144762.4646,145452.9731,146603.5623,147840.2401,149431.6537,150952.9683,152706.0141,154253.6937,155583.8817,156807.6612,157902.2747,158842.5795,159941.4627,161115.3922,162391.107,163493.875,164870.8423,166555.4414,168266.0959,169925.5311,171501.8408,173099.2113,174347.0696,175451.0664,176545.0782,177917.8074,179194.7133,180453.9704,181754.5207,183459.969,185347.3123,187112.4002,188471.4016,189234.0145,189581.3266,189788.2641,190234.0758,190922.8483,191798.7203,192791.015,193996.9633,195465.0619,197153.7619,198991.5277,200809.5862,202491.1213,203754.1767,204591.3362,205414.4792,206454.0895,207948.9432,209936.7222,212115.1164,214696.0685,217130.4813,219937.2188,222839.2293,225952.6981,228988.6976,232143.2545,236194.0376,240859.7187,245456.8158,249797.3825,254009.8458,258965.8726,264130.9791,270273.5575,277133.35,284490.6104,291700.1889,298035.281,303904.2548,308530.6289,311257.4623,311781.5508,310851.893,309534.9978,307678.1654,305784.5434,304529.1624,304470.2125,304952.3174
137544.4929,138090.9056,138586.1094,139580.8048,140597.5865,141715.9763,142926.9634,144103.3453,145156.9927,146302.3738,147459.3769,148697.5476,149620.6804,150420.5486,151123.7381,151945.1609,152753.3032,153558.3356,154368.0609,155192.2742,155908.6101,156777.3025,157780.4593,158825.2759,159736.409,160598.6501,161583.9395,162638.7064,163747.9199,164894.6541,165982.1248,167064.8452,168188.3635,169537.6604,170775.0455,171857.8184,172658.449,173709.0696,175006.0384,176492.95,177907.4121,179294.442,180706.5915,182187.0224,183589.821,185159.1174,186670.8291,188256.3273,189542.1575,190903.0915,191978.2666,193049.1074,194374.2793,196329.5045,198879.5941,201702.6699,204660.0611,207761.8311,210768.361,213399.1465,216231.6557,219238.378,223276.446,227872.6402,233076.8017,238829.6696,245776.5301,254287.1241,263378.1359,270897.6193,277337.7136,283627.3236,290296.1332,295742.3211,300557.5446,305585.4228,311571.3304,316162.5357,319252.1475,320126.8413,319735.4343,319068.8574,317076.0797,315271.433,312694.5888,311138.3223,310709.7213,310730.9294,311318.3528,310084.6345,307273.8868,303377.2029,299406.7645,296518.4705,294032.49,289535.2544,283449.6961,276554.622,271537.7384,266751.342,260917.4633,255186.239,250927.8584,247668.6422,244217.4792,239673.3642,234312.579,228963.2598,223343.9253,219500.5487,216106.1054,212541.8198,208503.8462,204706.7156,202055.9875,199091.3321,196650.8052,194291.3691,193534.1563,193296.2908,193117.5406,191416.729,188854.9955,187235.2652,186852.0037,186802.4521,184801.2908,182454.1628,179683.4961,178297.2544,176274.3136,174526.1783,172470.4627,170852.7591,169514.5523,167847.56,165578.9434,163068.1497,161119.5747,159923.7516,158582.4598,157129.7687,156043.2768,155478.5295,155606.0104,156383.2671,157846.8363,159790.6439,161673.4723,163338.2051,164589.934,165748.9956,167288.5736,169058.7389,170764.6645,172739.919,174967.0038,177485.991,179768.0153,182284.8846,185260.442,188305.2887,191048.4681,193443.2085,195682.409,197944.7556,199898.8729,202038.9552,203932.7192,205939.3495,207406.1801,208610.6232,209809.1307,210745.7508,211882.5696,212962.7213,214139.8886,214966.0459,215873.0034,217023.3348,218452.0537,219556.9881,220723.8013,222057.4712,223715.0676,225117.6552,226608.1331,228249.0788,230263.2142,232334.7489,234236.0485,236099.0448,238181.2927,240370.2611,242421.0239,244375.7545,246291.5993,248463.4152,250372.9119,252122.0656,253565.0111,254955.671,255883.8157,256408.9,256951.3881,258035.9278,259691.9593,261775.1979,263935.6953,266187.0317,268070.7403,269746.1488,271218.6041,272631.7212,274046.5001,275795.0082,277574.9939,279213.2398,280178.5184,280400.0604,280605.2825,280807.7164,282007.4125,283374.2892,285162.0425,286483.1216,287611.8107,288515.8738,290048.9072,292200.7186,294299.6609,295762.1933,296800.7001,298026.374,299166.157,300390.5144,301464.7521,302857.3375,304562.8421,306507.2178,308789.5859,311006.86,313290.4291,315066.0555,315902.946,316403.9528,316964.9385,318496.8834,320886.6887,323978.6631,327553.0355,330871.9722,334424.2916,338084.3161,342029.3145,345872.7648,349828.8243,354529.2806,358087.3748,360434.4651,361535.777,363815.7183,367775.5664,372857.1075,380060.0016,388156.2338,396999.4091,404838.0286,411666.9927,417260.0809,420868.3505,422300.6472,422168.8365,421774.4582,421463.8619,420578.1387,418789.0276,417284.7034,416984.0362,418093.019
79754.09922,80067.6446,80292.27377,80750.71116,81098.40628,81513.08039,81933.84345,82330.68412,82688.00213,82982.74914,83348.41583,83766.35449,84256.74631,84741.92635,85216.97813,85754.03966,86397.12133,87064.36838,87806.49492,88552.31312,89399.30931,90248.09196,91078.55298,91863.293,92608.35088,93383.83052,94180.4222,95036.66485,95887.01119,96846.12813,97933.11741,99140.35006,100265.1762,101291.042,102272.5518,103551.5926,105056.2061,106672.4991,108192.9217,109763.1235,111206.7419,112489.3177,113517.2405,114601.3697,115866.4562,117208.7599,118554.3607,119616.9009,120883.4637,122260.5244,124127.8721,125920.5851,127937.0301,129985.289,132232.7414,134603.6829,136982.9205,139351.9277,141705.9993,144329.7548,146990.3049,149550.6036,151964.2754,154363.342,157474.9614,161117.259,165126.3805,169154.2896,173572.2022,177762.9473,181249.8509,184102.4622,187122.1513,189975.0588,193325.1207,196936.9207,200817.1557,203842.9272,206341.3023,208194.5347,209575.5329,210384.2101,211285.9788,212225.9126,212634.1194,212943.547,212504.6166,212303.1527,211703.1983,211137.5008,210470.611,209726.5094,208157.7395,206646.6437,204488.6896,203185.6025,199898.9729,195911.9448,190837.0888,186334.9613,182386.5639,178458.7383,174455.3331,169504.5865,164139.3129,158665.9893,153520.859,148401.9195,143362.4239,138764.7885,135157.3009,132065.5701,128743.6247,125687.7553,122042.1664,118964.2132,115661.0904,112630.934,109448.7223,106348.3438,104602.8132,103701.03,103071.831,102428.1984,101725.3993,100753.1813,99346.1836,97734.23059,96543.04958,95414.22558,94582.63848,93973.62107,93310.07575,92599.11942,91730.27571,91421.2375,91218.7652,90910.40756,90265.02843,89763.13742,89404.26885,89484.2093,89638.0483,89907.6386,90378.80796,90399.70202,89814.56054,88681.31436,87708.51304,87367.45033,87424.10665,87888.56616,88728.78729,89961.63948,91605.05776,93272.05681,94735.91285,96158.80926,97861.01368,99706.45244,101516.6811,103281.2069,105212.7425,107145.0584,108934.2721,110854.4415,112882.6319,114848.3831,116339.16,117830.5462,119440.6769,121440.7396,123616.8732,125753.68,127924.3176,129809.3453,131463.4347,132912.4008,134468.9898,135847.6228,136843.4837,137638.0898,138645.5813,139887.8154,141257.6081,142708.1494,144361.5576,145949.842,147458.3136,148821.4869,150236.1471,151593.665,152738.4716,153907.4949,155008.8638,156315.9714,157477.3089,158874.094,160457.5417,162060.4244,163678.2411,165275.087,166930.7776,168308.7591,169403.684,170436.7491,171522.484,172890.185,174406.7204,176094.6756,177631.7102,179023.4239,180149.8177,181054.4075,181912.5425,183091.7796,185353.0126,188583.183,192442.5422,195569.9444,197778.2202,199462.4209,201501.1698,203336.1945,205089.1261,206591.3417,208402.8259,210237.3384,211334.9014,212397.9993,212761.8422,213258.4064,213447.5654,214036.6856,214712.6616,215328.507,215975.9546,216966.3264,218638.0064,220612.6791,222797.7227,224586.2901,226058.9257,227006.2569,227276.5031,227444.6567,227668.9543,228521.3645,229814.1525,231568.3564,233637.8111,235761.2347,237249.6488,238591.3403,240207.2074,243325.4748,247807.7421,253559.4759,260132.7895,267068.1008,273504.4552,279117.4214,284331.97,289393.6489,294244.9486,298250.6156,302523.4584,307278.0532,312038.9448,316624.8836,320332.7728,323329.7364,325863.1759,328139.5362,331425.118,333742.5719,335997.2443,337528.8694,339550.4714,341434.3819
126177.211,126293.3855,126671.5157,127326.3908,128058.2101,128743.0043,129478.3584,130269.4707,131079.9948,131956.5054,132663.8997,133337.2028,133889.1272,134447.7034,134955.5727,135460.6253,136086.1179,136735.5937,137629.0412,138539.5964,139444.9473,140167.8053,141120.8084,142059.4453,142874.3138,143711.4998,144590.7704,145605.2649,146745.1,148228.8443,149772.0078,151359.1036,152878.6695,154497.9677,155934.1183,157477.9415,158668.5089,159661.3673,160441.505,161707.8831,163405.2049,165185.4661,167159.2406,169069.5989,171088.4102,173190.3672,175432.0934,177900.9245,180106.5607,182559.9262,185757.8226,189351.06,193214.6744,197320.504,201564.4263,206401.5823,210780.6557,215577.0687,219561.0236,224141.585,229071.3323,234294.6502,239394.405,245209.6401,251367.7998,257511.4587,263950.2669,271663.0523,278884.7125,284949.9708,288673.1613,292400.5835,295360.783,299252.3241,302453.2136,305041.4759,307353.5815,308992.418,309255.2312,307502.5777,304742.7584,302121.3668,299291.3866,296285.4005,293633.4035,291219.1142,289072.8454,287281.9075,285262.5336,282658.3778,278370.8813,272903.4283,267489.1529,262310.5111,257473.5741,252260.4654,246922.452,242458.9568,237656.9417,232885.7995,227494.837,223051.1816,218631.1901,214676.8928,211198.9912,208229.1361,205279.0209,201954.5981,198337.2916,194694.8886,191758.0626,189357.59,186954.8664,184369.7339,182281.1112,180617.8691,179091.9787,177731.011,176867.7334,176313.686,175931.4603,175199.7205,174121.7665,173653.9224,173582.9842,173367.5598,171963.3172,170182.401,168633.9292,166944.4748,165512.3589,163838.9796,162283.2335,160148.3937,158342.4006,156747.1024,155622.0682,155049.8988,154829.3259,154718.4706,154398.9519,154240.8469,154461.2583,154999.8519,155684.1891,155955.2295,155706.6819,155221.9149,154979.2151,154828.0592,155156.9487,155325.0156,155853.1457,156309.1801,157661.8206,159509.5543,161421.8429,163222.815,165191.0831,167217.4428,169039.789,170490.846,172319.4517,174455.684,176669.5123,178459.1556,180122.945,181807.1583,183612.8565,185265.5523,186947.7782,188336.5081,189723.6338,190564.8624,191558.9257,192413.0514,193355.7416,193779.5807,194444.6587,195522.1668,197219.3054,198810.7344,200362.9159,201759.4472,203338.8932,204708.0266,206467.9445,208422.4995,210509.7291,212500.1467,214369.4547,216407.041,218202.3055,219698.5382,220832.9241,222096.4659,223421.6654,224716.602,226109.5582,227656.5555,229555.28,231497.8108,233420.6081,235108.6375,236934.7878,238894.7257,241203.4427,243499.3835,245636.4554,247585.0113,249228.7173,250904.797,252442.5395,253931.6664,255482.2505,257365.9016,259075.5944,260551.2993,261724.1214,262560.9718,263216.8826,263614.6275,264685.8432,266002.2549,267414.1112,268534.4391,269348.9998,270140.493,270516.3927,270932.1895,270820.5262,270609.9073,270346.7251,270474.5809,270901.5944,271403.5488,272106.1592,273217.3629,274693.7991,276365.4132,278094.6826,280057.8169,282040.3746,283732.6887,284597.7189,285125.893,286010.0388,287633.3787,290206.9112,293098.3555,296552.2369,300003.3977,303895.1293,307864.3628,312229.6617,316935.9163,322132.539,327690.8915,332725.2786,336947.8845,340230.3317,343644.624,347988.1759,353236.0601,360156.28,368013.0847,376612.6121,384635.7325,391580.7116,397164.6934,400563.6897,401425.1433,400406.2034,398996.1651,397796.2114,395961.0755,393803.2844,391955.6347,391988.5246,393019.5473
154702.1976,155371.0471,155923.0646,156988.1979,157972.7118,159077.4457,160239.2883,161401.5498,162444.7825,163627.8791,164796.1523,165970.3874,166892.4072,167696.9376,168504.1359,169525.794,170574.7034,171665.7061,172622.1685,173712.4364,174726.203,175893.2994,177017.5021,178127.2053,179120.5629,180015.253,180969.9797,181956.5582,183074.8622,184283.5427,185391.7358,186392.1402,187180.7877,188161.453,189152.0462,190120.9815,190844.6348,191714.0275,192857.8355,194204.1126,195574.8535,196896.5536,198325.5713,199809.0643,201404.74,203026.0028,204535.986,206043.4715,207393.9018,209015.6043,210191.2409,211416.3795,212812.4269,215040.474,217892.9032,221079.4889,224354.2913,228018.8419,231839.1035,235318.0041,238859.1372,242245.6689,246593.5505,251565.4688,257225.8073,263577.3838,271046.5277,280414.6758,290634.4825,299107.425,306339.7877,313029.6216,320244.6861,326140.7326,331717.3087,337318.4889,343850.168,348413.4974,351467.5298,351927.7281,351256.8398,350293.2258,347962.1354,345742.8165,342739.7175,340816.8695,340313.4006,340367.3676,341143.7683,339886.0487,336802.1798,332582.9334,328168.1886,324881.4554,322036.3753,317292.0568,311067.004,304091.8196,299137.91,294813.5937,289254.3891,283680.8734,279184.1023,275918.3915,272608.8714,268048.6008,262478.6547,257181.9701,251777.6461,248461.5519,244964.1846,240923.0464,235933.3687,231197.3848,227869.0651,224338.4057,221074.7944,217716.7903,215810.8234,214924.9808,214213.3148,212479.5698,209933.8791,208817.0214,208628.9728,208835.6667,206584.097,204389.9906,202124.7817,201844.2204,201134.6373,200280.1934,198376.7636,196218.5723,194581.8763,193129.1312,191377.9114,189104.3619,187005.7423,185690.2788,184623.5629,183737.7072,183119.0226,182785.2466,183311.6,184445.3957,185960.5716,187562.2524,188902.66,190036.2316,190629.4547,191207.8705,192009.4407,193413.662,195138.6076,197392.2206,200097.5574,203049.0755,205591.4532,207624.9586,209922.3953,212313.0339,214804.0967,216816.0962,218665.4639,220397.6718,221976.1366,224138.4531,226688.3268,229762.5375,232340.4468,234263.5412,235507.4462,236262.2356,237144.6873,238157.9093,239415.0675,240515.9449,241728.6893,243167.114,244779.2417,246310.9061,247988.926,249724.8451,251721.9844,253332.3705,254960.472,256473.5097,258134.3476,259811.5605,261408.6989,263090.155,264870.5187,266387.2649,267441.3559,268309.792,269399.7276,271047.7332,272869.7805,274499.8927,275654.9589,276615.2726,277255.4639,277731.5114,278395.9973,279529.4906,280924.8601,282548.506,284525.911,287008.6174,289400.1407,291478.4814,293306.4535,294995.3913,296565.1035,298264.1412,300168.3093,302207.461,304042.7037,305298.8231,306732.8384,308019.7107,309928.4656,311502.7514,313016.2346,313923.9405,314788.7325,315834.8823,317658.1087,320178.0959,322584.0864,324047.3479,324803.1386,325668.192,326829.1973,327984.9298,329139.5244,330508.088,332237.8405,334074.0622,335999.7995,337987.828,340142.9072,342127.4797,343162.739,343563.4636,343880.4599,345512.5792,348308.2663,351846.3113,355375.6407,358777.313,362517.2822,366541.1107,370624.8306,374553.4699,379023.2811,384075.4387,388453.9921,391794.9179,394444.8763,398282.4376,403648.73,410009.6685,417571.9587,425443.0112,433787.0278,441499.4635,448992.4975,455675.4573,460784.8208,463079.8417,463248.4066,462933.4781,462803.7971,462432.0018,460944.5083,460016.3252,460306.9126,461978.1121
130869.8136,131200.3437,131597.2111,132210.4913,132836.3651,133305.1489,133965.1703,134760.4813,135800.485,136814.9435,137896.9367,138926.1677,140128.3739,141328.7178,141882.1201,141927.6649,141554.2747,141719.8152,142157.3262,142576.3917,142883.4397,143239.5285,143868.9937,144689.4413,145497.2728,146305.5416,147099.2508,147677.2979,148359.8741,149111.4351,150067.3742,150995.1183,151878.0546,152742.2711,153586.1291,154469.2886,155587.5357,156650.9862,157990.5135,159392.9625,161080.1823,162871.9233,164974.4,167376.5774,170034.6647,172270.9241,174349.1731,176000.7139,178205.478,180498.6916,183462.188,186464.8332,190299.6116,194801.1963,200941.1645,207899.1333,214790.8622,220669.2077,226079.2857,231560.7402,237636.1255,243539.3417,250019.2903,258764.6282,268816.792,279351.5339,288193.365,295959.7052,302329.1105,306883.0758,310294.3933,313311.8881,316361.4918,318408.261,319721.3273,319753.0159,319606.3885,318033.3416,315159.2716,311329.0333,307710.3634,304711.496,301317.4442,297514.2326,293679.2668,290917.9478,288996.752,288307.0472,287089.8966,285470.9774,282556.8187,279452.5972,276485.7026,274321.9104,273120.3488,271020.56,268810.0983,266246.2728,264860.3762,262548.7127,260472.9825,257339.6276,254381.2033,250713.0179,247033.048,242753.1692,238033.1847,234416.2185,231161.112,228692.4297,226232.3167,223926.9612,220656.7698,216584.0453,212671.9098,209393.3318,206171.0321,203020.7005,200426.7765,198180.3829,195983.1397,193687.0223,190982.1022,189309.1538,188042.0022,188001.5487,187750.0021,187864.48,187313.3107,186793.1289,185356.1849,184406.7862,183395.3195,183307.599,182938.078,182378.7146,180974.8432,179112.3945,177090.3513,175053.5181,173564.8987,172488.8791,172461.7983,172741.9046,172491.0994,172103.8593,171837.7555,172524.7868,173036.2362,173263.8239,173415.8894,173686.9433,174127.2937,174662.2372,175736.0175,177298.3896,179271.6262,181244.2707,183232.1869,185059.3519,186756.6306,188189.6727,189158.9911,190089.5577,191202.4817,192765.7074,194161.1006,195805.1043,197832.5556,200428.6879,203158.3568,205327.3737,206988.6706,207945.9153,208770.8891,209451.5055,209893.2434,210153.9288,210954.2227,212611.7965,214430.9772,216058.5672,217225.7582,218337.1086,219397.7071,220347.8097,221272.751,222174.5324,223369.2835,225019.5123,227023.3167,228965.4126,230537.8645,231638.7881,232527.3898,233577.5137,234781.8143,236111.6785,237006.5182,237483.3908,237885.5762,238307.6065,238618.603,238378.3643,238084.8387,238273.5425,239080.0159,240469.1922,242029.9231,243944.2112,245667.6283,247346.7309,248940.6066,250266.1373,251141.0236,251517.5118,252115.7038,252987.1069,254716.923,256875.4888,259453.5413,261811.5435,264678.6266,267713.3948,271041.9185,274219.4748,277356.5936,280289.8227,281499.6031,281129.6969,280157.8582,280060.1758,281067.994,282757.7258,284843.6644,287335.2086,289730.461,292364.04,295182.3051,298023.1994,301670.4738,305248.9062,308433.5697,309926.7098,309848.6118,309774.2667,310401.6033,312518.2117,315462.4783,319038.085,323301.9997,327661.4474,332528.9862,337902.0541,343617.5271,349428.1359,355837.6074,363824.0422,373631.4736,383809.9472,393684.0202,402854.4473,412401.4083,421265.3182,430933.2972,441478.0981,454391.6653,467908.8576,481158.8683,492877.2146,500702.3864,503214.413,501609.0248,499827.2568,498690.0932,496389.7579,493710.6976,491348.8772,491301.3013,491090.3974
133874.9864,134208.3874,134379.9436,134843.9731,135384.8312,136064.2545,136708.7292,137220.2931,137718.4324,138199.591,138700.1614,139252.909,139775.721,140390.6015,140891.4295,141814.2813,142957.24,144291.1976,145681.1978,147065.3336,148708.519,150305.2219,151985.6279,153500.5697,154777.1397,155952.0715,157170.1414,158346.1025,159531.4475,160641.6324,162104.6396,163728.5673,165500.6218,167071.3049,168430.9871,169884.1002,171186.7771,172591.1206,173686.4644,175337.1494,177191.3906,179314.1333,181501.3889,183746.2052,186309.3345,188917.8605,191210.4452,193535.5638,195705.0493,198364.9133,201766.439,205361.5523,209294.8208,213467.7783,217981.5413,222940.8423,227287.8985,232001.4065,235969.8433,240225.8492,244406.7971,249531.3665,254927.9746,261659.2369,268582.4426,275675.9276,283039.6407,291394.1511,299048.5014,304932.7425,307862.6558,310669.9238,313172.7643,316997.1316,320129.5252,322759.5399,324779.6384,326025.7446,325798.9356,324203.9839,322031.6425,319655.0651,316990.4222,314353.6504,312299.4901,310010.3849,307689.0748,304899.3937,301667.2886,297688.0011,292785.8862,287139.4647,281720.6467,276606.4222,271986.0548,266879.8156,261453.7654,256494.2171,250994.6677,245536.53,239442.8622,234163.3472,228714.9027,223733.1753,219569.5388,216387.5777,213534.7342,210031.2733,206247.915,202397.9636,199434.7666,197028.3097,194869.2491,192700.1395,191014.4368,189420.3162,187837.864,186670.3029,186981.3238,187871.1853,187778.7049,186321.9857,184197.2994,183054.2732,182522.5843,182121.7526,180609.422,178173.3194,175669.9866,173381.2743,171800.0162,170175.1582,168666.9552,166502.1753,164652.8213,162964.2211,161671.258,160541.7826,159937.369,159700.7484,159876.6034,160107.7562,160295.3787,160422.076,160775.2886,161089.9986,161183.4651,161166.0955,161567.4519,161921.9652,162528.8108,163177.8034,164098.8677,164969.7413,166341.4353,168343.9267,170082.9581,171448.9828,172988.9563,174884.061,176962.0888,178579.2774,180454.6594,182480.3619,184635.8911,186608.7784,188366.2998,190392.9825,192553.7547,194935.9051,197202.6152,199350.9708,201197.0535,202271.1726,203230.874,204159.4664,205383.0239,206138.9736,207214.5666,208808.2178,211327.2327,214153.4871,216640.3186,218721.3375,220631.3243,222661.1391,224993.1192,227580.1967,230216.2997,232750.1374,234822.5505,236759.0947,238274.5033,239767.1992,241172.1414,243025.8355,245118.3587,247174.2374,249076.3419,250710.3069,252179.1614,253625.9876,254823.4836,255967.1928,257382.2663,259290.0484,261659.2459,263975.3186,266052.8591,268341.9748,270391.6983,272599.6456,274575.5147,276127.3266,277504.5686,278862.3133,280675.2338,282441.6656,283963.5255,284879.9114,285366.3697,285620.8484,286354.9723,287081.4753,287727.5642,288336.6024,289355.3539,290776.5351,291842.7047,292645.2673,292970.1192,293156.0708,293377.0753,294089.7213,295036.729,295995.2322,296916.7627,298417.4369,300698.94,303479.9104,306291.1834,308867.2592,310871.7341,312486.7619,313232.2223,313755.6314,314648.8735,316701.7374,320038.6524,323987.6796,328935.7067,334162.8919,339514.4513,344508.2091,349514.518,354911.6968,360878.1778,367350.1239,373179.2466,377368.7948,379943.926,382560.9374,386242.2731,390643.5938,397284.0348,405811.3645,416060.4761,425546.3854,433723.0284,440135.4149,443951.6329,444875.6706,444059.8467,443334.2796,442946.8073,441769.6546,440374.1057,439338.2324,440090.7692,441171.673
68880.29804,69099.88637,69371.44925,69932.51226,70530.92583,71111.3978,71603.03059,72190.54002,72806.66208,73560.00357,74288.06188,75083.23683,75737.02433,76415.19057,77336.60442,78467.80326,79868.05573,81441.85612,83184.60877,85100.91244,86911.6903,88877.49664,90595.19416,92228.96343,93581.08104,94747.7949,95799.40252,96905.26354,98061.83781,99041.62808,99969.1566,101003.8394,102276.8805,103588.7227,104792.1306,105956.1293,106894.6301,107884.6688,109026.3087,110444.4947,112032.4591,113595.2667,115266.2828,116856.0047,118570.5506,120204.5433,121866.9422,123234.7224,124540.0854,125768.4797,126966.7135,128455.6283,130471.6545,133150.2472,135943.4983,138928.8201,141911.3911,144825.5556,147317.8358,149744.1053,152112.0084,154856.4024,158289.5713,162234.142,166481.2739,170422.1063,174642.4677,178842.6935,182703.0825,186470.1252,189732.2424,192962.9542,195108.1683,196906.6627,198428.2128,201248.9641,204388.7874,208002.573,210507.3481,212165.7044,213200.314,213447.7364,214028.115,213962.6538,213885.8095,213091.4618,212001.0074,210057.5154,207617.055,204292.9972,200750.4184,196856.2498,193335.2388,190095.7481,186227.5842,181804.448,177266.4067,173477.6498,169155.4385,165001.127,160184.8439,156366.0738,151462.0334,146519.5195,140544.9481,134533.4154,128980.9188,124353.0287,121049.0991,118399.172,115916.3031,113307.0519,110075.797,107005.7557,104422.5882,102321.4939,100965.2609,99932.86999,99156.66002,98211.44646,97337.30903,97114.8578,97058.50011,96894.7108,96641.01748,96080.8854,95614.49593,94760.33071,93774.29582,92551.29734,91490.02213,90618.20535,89811.11696,88933.96124,88256.8835,87800.51423,87327.06525,86940.04942,86675.42274,86777.39246,86928.63829,86983.45259,87361.22394,87906.63977,88412.08436,88555.69834,88761.56693,89225.8732,90059.28283,91023.97214,91904.32525,92714.12599,93434.8718,94250.11183,95223.4998,96642.00879,98673.96152,100819.4451,102940.1187,104657.223,106772.89,108643.5033,110607.5411,112390.0676,114413.789,116427.1021,118032.4839,119516.7982,121180.1565,122749.8135,124153.2012,125189.051,126676.5433,128066.0208,129653.7018,130931.2831,132286.0292,133404.2119,134575.2819,135577.8799,136665.2859,137832.9787,139217.2787,140694.5692,142300.5884,143738.2669,145212.2483,146756.7968,148410.7508,150346.3334,151326.3734,151734.1975,151808.5473,152765.1561,154521.6885,156408.9034,158164.0657,159884.2612,161508.6074,163254.151,164992.4479,167076.6959,168603.3563,169577.4919,170648.1237,172616.9662,175417.1821,178195.9509,180760.7417,183174.6668,185174.2593,187235.2242,189309.213,191742.9732,194540.2023,197817.3819,200671.8661,202471.3939,203606.01,204483.8002,205859.1096,207201.5736,209081.2972,210950.6264,212984.003,215070.6964,217570.7273,220201.2867,222285.6904,223445.7025,224007.5805,224415.1665,224644.5815,225026.6311,225582.1082,226603.0014,227752.0127,229226.3969,231208.6151,233562.02,236003.7096,238108.7323,239821.6169,241108.5117,241358.1984,241306.8029,241915.463,243486.1939,246097.9177,248921.9895,252750.8547,256881.6937,261107.4287,264897.5653,268204.6427,271212.6882,274316.0454,278035.4255,282479.5418,286721.1699,290234.4106,293481.545,297844.9037,302864.7263,308793.1973,314910.4856,321895.1362,328894.6229,335570.4114,341882.2267,346893.8519,349786.7405,350776.3147,351160.7804,352183.4593,352644.2823,353210.0808,354226.9004,357282.662,361272.9071
142717.9902,142959.4905,143412.5296,144163.9183,145005.53,145703.34,146452.6275,147303.4621,148344.698,149470.3855,150567.8424,151577.6817,152379.4686,152993.7351,153622.7681,154522.0829,155762.9071,157036.0754,158314.1329,159542.4827,160801.7667,161965.504,163021.1725,163884.1166,164722.4717,165466.3085,166243.2661,166895.5191,167560.5519,168273.7361,169017.2179,169933.9344,170783.3537,171780.8149,172740.3613,173775.7322,174746.0726,175589.48,176573.8479,177822.4303,179195.7274,180473.5795,181572.8854,182721.5312,183950.5845,185291.561,186757.087,188271.9588,189760.3347,191267.9677,192709.0942,194430.1847,196248.2324,198442.111,200758.3569,203700.0913,206549.5061,209533.6938,212095.7196,214746.3378,217527.6166,220751.6469,224430.8654,228981.9366,234330.2668,240786.9302,247384.38,253750.7862,259259.0134,264317.3407,269885.2828,276643.5206,283836.3488,291131.4223,297988.9029,305202.0408,311859.0119,317959.7885,322583.7198,325614.5117,326791.7212,327591.3123,327508.4141,327126.0554,324901.5481,323609.6143,322275.9841,322114.1024,321198.0633,319258.9687,316239.5503,312178.1107,308156.3543,303459.6861,298748.6017,293486.4457,289028.4304,282821.0201,276396.6855,269162.6469,262521.049,256090.0522,250093.9852,244759.7492,240374.3504,235981.5704,230238.4141,223013.0038,214747.03,207602.2943,203048.2001,199445.8021,197091.5162,193449.7729,190382.2477,186910.7166,183552.1025,180583.9923,179804.0434,179976.5074,179445.6529,178071.6547,176980.8922,176227.5984,175328.9508,174016.2136,172868.1216,171036.9952,168690.0989,166485.0751,164019.6074,161429.0965,158892.3372,156987.3517,155124.9331,153111.3472,151089.2411,149565.5567,148768.0946,148685.5757,148896.1311,148592.048,147931.1115,147389.5845,147654.3331,147748.9513,147432.7726,146444.3998,145599.5899,145624.5215,146228.372,147286.1635,148790.7899,150518.1912,152372.6773,154056.7626,155907.6029,157775.7964,159404.1964,161239.6853,163556.1053,166600.2438,169498.5003,172485.8013,175384.7946,178566.8372,181281.1512,183802.2508,186170.3319,188480.1303,190181.6287,191420.3268,192426.7041,193492.2838,194448.4343,195431.7062,196465.7709,197289.7692,198268.2851,199502.4405,201225.3399,202887.5985,204316.1766,205826.5454,207420.7268,209017.1527,210481.5217,212154.9838,213923.982,215959.743,217617.6543,219260.3202,220903.6519,222983.1216,224594.6913,226114.0107,227284.1785,228663.7504,229435.4163,230184.5336,231170.1718,232524.9422,233765.1882,235036.5748,236527.515,238257.9273,239828.5265,241437.673,242892.5327,244752.2856,246209.7893,247846.8658,249396.002,251258.2996,252824.2748,254390.2568,255881.3945,257464.142,258826.3402,260319.6984,261915.8011,263295.3893,264510.1688,265578.9648,267053.0375,268843.6065,270657.1472,272444.1275,273902.1639,275625.5928,277174.6485,278547.9011,279916.8485,281267.6371,282400.4911,282944.0463,283278.9887,283740.6247,284494.0384,285633.3738,287117.6482,288860.2653,290695.1548,292577.218,293876.9059,294856.7188,295760.4282,297493.2198,299915.7659,302675.7379,305964.5911,309165.2788,312447.4621,315753.075,319478.37,323566.0256,328274.8035,333611.4524,338693.7919,343122.3638,346706.6751,350790.5371,355493.3637,360989.6145,368065.1155,376497.6403,385809.8301,394504.7793,401640.5042,407900.9058,412286.7255,414653.2514,414789.1947,414118.7324,413513.0491,412561.47,410992.1406,409403.9037,408810.8659,409244.8953
67851.29239,68097.43878,68328.32637,68803.97108,69248.89909,69670.48712,70088.38345,70476.38471,70904.37487,71303.99851,71848.0611,72413.85742,73064.52021,73685.70454,74303.27719,74940.10516,75494.94569,76054.7615,76559.48158,77127.5506,77654.28768,78156.36662,78588.08553,78965.75978,79275.35016,79781.64833,80428.27921,81182.1561,81735.80997,82248.87019,82801.94788,83358.35369,83890.52372,84341.89931,84816.86427,85298.83624,85800.40376,86406.23279,87052.79212,87697.14341,88278.35556,88861.69336,89456.15488,90280.64227,91297.29967,92543.32368,93552.88301,94268.5992,94661.28077,94862.68847,95094.51896,95350.71348,96142.69872,97155.53066,98737.53329,100307.7581,101635.0527,102349.6425,102782.5389,103577.5661,104835.7705,106251.4908,107818.212,109612.0891,111764.5809,114146.1961,116538.3517,119357.6929,122209.5533,125166.7483,127577.2305,129756.8778,131691.9889,133365.8594,134857.4223,136122.3711,137044.8868,137550.4413,137748.1006,137871.037,137955.7803,138131.0006,138273.9015,138325.3974,138167.9517,138010.4699,137751.8761,137326.5413,136247.0523,134717.7092,133549.8574,132210.1071,130925.5647,129026.8244,127372.5388,125717.3601,123958.5451,122237.2774,120426.8817,118461.9673,116195.6041,114065.9596,111893.241,109524.3565,107113.8866,105112.4444,103760.5759,102604.5585,101347.069,100272.7509,99185.62049,98090.94795,96851.08198,95486.28897,93995.85213,92511.2524,91193.9636,90065.08637,89147.39264,88350.4651,87760.01953,87264.23641,86831.65978,86399.86924,85929.73947,85490.78655,85031.37894,84493.02496,83818.58063,83077.28258,82500.55918,81923.98882,81517.24881,81122.5325,80733.05521,80278.96322,79803.10385,79477.27396,79160.0581,78819.68436,78487.91577,78216.42767,78050.53613,77958.76824,77984.06652,78067.37194,78160.94488,78252.15156,78279.67701,78397.21143,78308.55109,78188.77678,78080.2686,78197.84223,78529.46363,78759.1628,79013.40031,79221.96,79701.92314,80221.68412,80900.53101,81575.61272,82240.44565,82753.25318,83007.59028,83161.89588,83213.40148,83382.35583,83768.30654,84311.94928,84965.75406,85554.50109,86201.14379,86787.54391,87521.90461,88334.43236,89051.57297,89565.68992,90091.83361,90797.69284,91475.7593,91813.75023,92037.91101,92420.43683,93307.27134,94407.61318,95765.73842,97180.62858,98908.42061,100751.1522,102347.1149,103414.0759,104141.5274,104721.4035,105199.3829,105761.3088,106581.7869,107447.2879,108147.682,108770.0326,109588.9305,110710.4418,111707.4156,112768.2505,113628.5291,114555.3496,115360.5493,116217.9317,117112.081,118119.873,119140.7146,120261.5861,121501.0663,122707.0463,123886.7149,125008.1664,126460.4037,128200.5209,130196.9202,131911.8166,133229.8856,134369.7891,135879.8438,137548.3887,139274.9569,140498.6702,141649.3658,142607.6382,143636.2822,144722.5479,145942.873,147274.4866,148277.744,149099.7534,149593.9192,150292.4193,150852.5957,151653.292,152644.5187,154054.7301,155360.9775,156517.3493,157288.5029,157966.6975,158137.9033,158365.3599,158950.7545,160385.0188,162448.9734,164758.3917,167057.5801,169393.921,171664.5444,173852.486,175963.8328,178580.959,182089.6483,186821.3814,191370.8528,195358.1312,198292.4125,201308.9598,204259.1596,206954.6061,209994.3196,213927.6449,218574.6225,223578.4845,228440.709,233326.2169,236844.8367,238422.8857,237981.1651,237057.5007,236536.2026,235910.7985,235439.7064,234462.8467,234333.6925,234222.8412
68197.18322,68363.79163,68547.46877,68997.68634,69484.84201,69993.53455,70431.70355,70911.83065,71398.84984,71978.8392,72596.53382,73310.33004,73889.90154,74516.35747,75342.61905,76373.97065,77543.1427,78754.16745,80076.17398,81544.02555,82997.00729,84614.60952,86037.3824,87239.25077,88071.2476,88679.87471,89187.9059,89775.80586,90534.53626,91205.86201,91818.00765,92384.96429,93182.46354,94067.54047,94926.35654,95787.43574,96505.34454,97250.16518,98092.21272,99120.66017,100297.8657,101490.8835,102862.1819,104244.7365,105688.5254,107041.0684,108391.3581,109634.1936,110768.9329,111764.4484,112722.7152,113916.7983,115557.4222,117583.3892,119652.8422,121893.8763,124218.4754,126469.0503,128402.637,130268.4288,132154.0578,134231.5353,136777.8532,139689.2809,142838.9107,145743.8368,148915.113,152200.8959,155542.9599,158894.8645,162017.1471,165107.491,167373.0298,169384.7297,171316.0699,174554.523,178205.4835,182386.5227,185832.3138,188855.3729,191431.1344,193352.292,195195.99,196392.2115,197503.0999,198046.8937,198122.1381,197301.2904,195883.4544,193816.6172,191453.2496,188737.2582,186209.4682,183668.8454,180588.5805,176984.0802,173414.1957,170538.0083,166869.7382,163328.1436,158806.3366,155153.1864,150392.2052,145761.3941,140614.7328,135476.5969,130366.1553,125541.7377,121123.7309,117177.0536,113349.8806,110018.7923,106415.4392,102994.9475,99863.63903,96914.10629,94239.22958,93094.79346,92993.21739,93162.46153,92616.28044,92294.101,92320.54329,91987.8621,91286.87241,90171.96708,89129.06562,87955.08606,86751.13029,85508.09818,84212.61328,83189.97516,82149.86466,81439.85568,80569.4653,79653.69692,78634.32702,77783.45736,77008.76957,76499.60056,76212.44438,75657.05155,74841.83017,74008.86414,73611.74671,73593.34013,73688.96959,74069.49352,74611.78001,75236.70685,75892.68373,76579.71638,77298.69045,77707.08369,78302.17002,79429.57367,81344.63498,83407.42826,85419.1803,87240.22273,89195.88006,90961.1878,92615.33417,94254.92713,96106.87535,98286.38405,100466.8479,102721.9277,104812.1064,106697.1015,108462.4284,110150.1555,112252.7366,114239.85,116538.9909,118281.0399,119821.6898,120406.6386,121264.1753,122226.9054,123771.0844,125237.6423,126692.8421,128163.8919,129823.6142,131505.1923,133409.8878,135512.5062,137730.799,139483.8744,140349.1029,140574.4642,141107.5586,142022.8852,143692.7134,145379.6826,147377.0767,149503.8201,151972.0075,154696.1519,157343.8476,159736.8097,161635.8632,163009.4591,164715.5193,166878.4839,169665.2493,172179.2137,174412.2053,176561.203,178476.4189,180534.1165,182549.2266,184671.8206,187127.2743,189964.0833,192556.2348,194124.3708,195162.1755,196158.2386,197764.6704,199350.8146,201216.8123,202769.1528,204408.0408,206183.6305,208622.2916,211187.8325,213161.2474,214081.4551,214433.9833,214726.096,214896.7265,215007.4494,215229.8879,215840.7735,216720.3466,218431.2436,220943.657,223778.6263,226577.3894,228496.8002,229780.6752,229977.9161,229613.5566,229280.8195,229617.3906,230389.8574,231764.2799,233432.2993,236354.2024,239632.6584,243369.1727,247038.8907,250621.5599,253668.9784,256711.6776,260344.0366,264506.7354,268046.0011,271089.0429,273949.4162,277833.4583,282287.108,287390.7371,292698.394,298138.1885,303600.2664,308178.9069,312313.0886,314919.9394,316267.7701,316373.8834,316656.8805,317592.4976,318142.527,320053.1343,323002.258,327365.3934,330791.2148
93473.60216,93548.14157,93685.94974,93697.92131,93835.56486,93610.35872,93584.37291,93461.17329,94044.55851,94681.86919,95323.02907,95423.06035,95342.56577,95279.34675,95539.00564,96000.13053,96348.73693,96732.77688,97314.37265,97963.03212,98437.94957,98677.97438,99038.87024,99503.99706,99922.18234,100507.8652,101260.8203,102260.9569,103246.325,103985.9002,104386.7564,104474.6806,104588.8087,104798.214,104982.3925,105186.7177,105449.8664,106002.1753,106525.4804,107133.1819,107661.8611,108804.498,110296.3911,112191.494,113773.7276,115198.4059,116238.7843,117080.2473,117718.9553,118348.2642,118968.0034,119813.9247,120759.7726,121782.6207,123020.4111,124417.1518,126180.7316,128380.7353,131344.1778,134518.6685,136807.943,138707.6479,141253.7308,144365.7065,148159.7453,152775.4739,158690.6777,165069.9124,169440.5092,172588.6534,174284.0414,177064.5958,180303.3979,183240.6418,185341.566,187834.5826,190921.8036,194088.1417,197060.2214,199990.4951,202565.0346,203326.65,202679.7726,201328.3286,200364.9033,200802.1114,201160.0672,200267.2134,198394.0565,196159.3595,193604.1692,191053.8511,189832.6592,188737.7775,187152.8552,183729.8736,180641.0029,177968.9599,175721.258,173921.4222,172379.6108,170640.7561,168535.3785,164201.9058,159102.282,154250.3289,150837.658,148899.4722,147310.867,145144.6698,143003.4097,140946.4306,139991.4532,139449.9339,138580.2829,136370.0512,133694.0452,131143.0839,130123.3381,129331.2461,127575.7447,125258.022,122129.7558,120057.1158,118023.4629,116163.5513,114303.4287,112663.5611,111668.9196,110478.1897,109003.6654,107008.1179,105461.8178,103928.0142,102951.06,101783.9224,100765.3931,99597.72539,98817.14102,98321.64818,98243.8746,98027.10089,98328.01016,98621.85391,99077.21964,98705.14724,97684.14736,96378.29828,95288.00925,94435.20824,93565.80132,92777.075,92186.90442,91862.58848,91895.26158,92367.79175,93094.53129,93600.37475,94234.7881,94987.75062,96078.77343,97029.86542,97675.60308,98635.21865,99419.54204,100535.8979,101184.6742,102129.8669,103029.7678,104465.0565,105910.1263,107179.1922,108078.1364,108704.7839,109605.2694,110525.4049,111432.2464,111833.4417,112130.8485,112677.1825,113295.5943,113993.9779,114863.9227,116048.8561,117414.0905,118601.6688,119927.0948,121366.4346,122679.6596,124037.6722,125191.7495,126326.0572,127399.7212,128669.5298,129971.0485,131341.0282,132525.4675,133843.9835,135020.3728,136622.8738,138365.8972,140180.4973,141516.6986,142454.2503,143366.3779,144454.2716,145960.5536,147305.0807,148364.3385,149129.3881,150251.7924,152104.427,153977.9777,155561.7068,156461.2597,157383.649,158299.4449,159513.3443,161118.2055,162901.0029,164719.105,166155.9366,167339.9557,168259.7957,168975.2349,169596.315,169990.9961,170648.9321,171143.772,171760.6799,171951.2475,171915.4352,172083.1552,172750.7721,173846.4031,175059.3691,175930.4022,176917.6445,177946.6171,179344.6119,180871.633,182625.2187,184361.1667,185934.7679,186958.894,187894.0477,189233.1081,191441.8163,194510.5946,197948.5726,201552.8218,204855.2438,208230.9188,211714.6234,215411.2006,219357.9913,223683.3893,229434.7399,234710.4871,238869.1168,241402.4452,244072.4017,247610.7005,251750.3409,258381.7655,266859.8922,276874.2386,286469.9268,295665.0362,304003.6852,310101.2288,313556.5774,314691.7086,314863.6687,314544.798,313447.0906,311960.4367,310219.726,309404.2384,308619.7588
108399.752,108727.0863,109040.8833,109520.0237,109897.0113,110245.7045,110773.1577,111299.9556,111881.0268,112480.3329,113174.5888,113956.2572,114724.5414,115528.2273,116262.6907,117084.3488,118028.6346,119159.0984,120474.9457,121918.5703,123420.6821,124887.6259,126311.4602,127780.2216,129218.6232,130700.2781,132102.1955,133586.3058,134926.3471,136441.2368,138122.6038,140081.9834,141799.6611,143311.1729,144679.236,146713.3034,149085.537,151655.6913,153998.6914,156403.0981,158916.5209,161268.3763,163505.1542,165863.2689,168546.8806,171197.6793,173537.7785,175395.5045,177312.6655,179260.6962,181597.4566,183847.1751,186560.5737,189532.3734,193047.8711,196709.7478,200485.5385,204341.1803,208300.1822,212624.7567,216919.9377,221200.1567,225225.9577,229324.8335,234370.1767,240434.3515,246890.5267,253167.0523,259659.3748,265614.4845,270603.3027,274721.6107,279284.9352,283517.7936,288545.3528,293921.1083,299860.7994,304392.9378,307834.1216,309949.8933,311149.8701,311663.6756,312613.643,313938.0644,314551.6266,315015.2147,314296.6063,313756.4414,312518.0035,311293.1477,309954.8244,308091.4392,304975.8477,301797.8394,297963.0267,295255.2708,289643.3269,282989.3081,275251.1275,268485.9006,262369.4398,255458.3876,248548.4059,240601.915,232556.0677,224797.15,217498.4815,209350.2148,200075.423,191651.8958,184631.3857,179337.1051,173965.5901,169412.3638,165253.2975,162208.079,159320.1493,156837.0282,154231.8838,152012.39,149989.1977,148622.5795,148233.9212,148535.7863,149252.1086,149717.8871,149626.6809,148874.8351,148042.4767,146938.0916,145976.4842,144948.9751,143851.0863,142574.7978,141838.5718,141507.217,141150.1504,140215.016,139267.1363,138645.3955,138232.4832,138315.5411,138925.5155,139509.6085,140435.3446,141009.6837,141314.6726,141447.4916,141765.8367,143000.8825,144583.2605,146243.9846,148004.7486,149156.8262,150304.2782,151405.0787,153428.5208,156133.131,159166.2431,162231.6085,165092.7422,167823.3602,170578.2345,173353.1318,175984.22,178343.0843,180657.0039,183079.411,185607.9485,188151.3685,190531.663,193124.6605,195994.9105,198692.1591,201158.1031,202963.3411,204888.2926,206645.0818,208634.347,210616.0578,212780.2057,215135.6184,217586.6466,220191.781,222900.6229,225347.4565,227582.6632,229390.0226,231691.0053,233769.0841,236193.9874,238418.4662,240834.6239,243020.8289,244777.8982,246572.4817,248077.9597,250045.7091,251925.3894,253911.4004,255783.995,258027.0346,260332.9524,262379.758,263917.0284,265548.5193,267409.6806,269164.8518,271142.7616,273465.4931,276105.0889,278573.4712,281050.9652,283769.4872,286773.5135,289692.5052,291881.2304,293406.0611,294455.1292,295989.5472,297928.2664,299986.2386,302058.4776,304196.2699,306470.8283,308627.5477,310539.9093,312468.4079,313509.4461,314427.9608,314608.4072,315050.5403,314838.7004,314867.8792,314987.1632,315891.7154,317126.882,318980.3172,321051.6849,323457.7998,326231.7869,329360.9005,332600.23,335138.6079,336361.7636,336991.2123,337921.3494,340492.8985,344303.2802,349170.5876,354861.7997,360995.7168,367650.8012,374158.4856,380480.5097,386347.5521,392202.6284,398395.3388,403720.0444,407963.4369,411054.9802,414139.896,417932.9161,422462.009,429941.8863,439692.7748,451243.477,462079.6873,471136.6045,479354.6734,485806.244,490167.716,491455.2527,491396.3467,490902.8008,489950.9667,488919.1884,489007.372,490713.763,493181.1328
82510.17739,82574.81826,82678.76216,83017.70549,83545.56014,84125.60052,84647.66161,85133.19619,85701.16154,86299.22996,86850.22759,87446.93349,87883.88445,88260.50529,88575.3317,89051.78189,89645.28685,90192.681,90763.24493,91360.49109,92008.47335,92676.64903,93298.04542,94090.52643,94766.52992,95443.8512,95992.03459,96812.71273,97762.96704,98730.21435,99669.72709,100591.6652,101666.4976,102602.6485,103436.341,104154.7207,104806.4639,105546.0707,106275.0012,107355.1816,108415.5826,109733.5849,110965.5038,112424.5508,113779.1865,115151.8349,116556.2573,118052.4548,119270.2223,120259.0638,121098.281,122258.5808,123768.1336,125371.0085,127260.2695,129397.2568,131889.9587,134332.4609,136775.4835,139216.6949,141307.6597,143289.527,145434.2958,148341.8265,151486.379,155109.754,158973.5963,163238.645,167606.2468,171693.4734,175042.5288,177815.675,179508.6968,180708.4749,182207.9251,184795.1406,187860.6061,189796.0658,190326.1665,189848.1535,189156.1708,188553.71,186950.0564,184921.7815,182779.7791,181647.2724,180536.2741,179895.7277,178807.1692,177441.9927,175188.4338,173058.9693,170938.7619,168229.9943,165777.8652,163790.0498,161836.9819,160112.7946,157367.4703,154558.2754,151301.6037,148402.0043,146108.7172,143525.3725,141042.5532,138949.2179,136905.9748,134562.9693,131892.9606,129244.3577,127310.3059,125477.32,123874.8109,122267.1919,120505.8337,118557.1689,116553.4736,114927.4577,113919.1634,113033.8471,112760.4926,112783.0675,113224.4944,113386.6892,113258.0731,112795.7463,112205.9018,111625.8526,110698.265,109440.1825,108046.0471,106964.2391,106111.8352,104847.7175,103650.5152,102140.8069,100902.9352,99452.71143,98314.00802,97238.64663,96298.14719,95502.29724,94934.72747,94476.63214,94071.97977,93831.03863,93613.07595,93563.65494,93673.4018,94109.37818,94410.02956,94333.29075,94038.78506,93869.00005,94095.51999,94727.29092,95545.34727,96594.06311,97778.47066,99115.19755,100619.2397,101959.9583,103004.8714,103834.2251,104568.1516,105493.4587,106352.5825,107364.6344,108407.0105,109550.0822,110523.2402,111385.2766,112170.4022,112855.0598,113459.4705,113956.6811,114563.847,114987.4989,116047.0295,117464.9003,119103.1984,120308.0286,121260.9212,122282.3263,123363.699,124558.0948,125890.9104,127063.9626,128223.621,129473.6154,130755.1721,131957.1488,132997.9564,134153.651,135213.2094,136474.9282,137586.5275,138827.475,139882.9241,141104.6912,142742.3558,144518.8789,146258.2457,147425.4792,148486.4857,149525.6012,150575.2898,151769.7263,152872.9118,154233.7941,155496.5947,156987.7739,158519.405,160054.8128,161542.4103,162908.0336,164326.5419,165694.3875,167050.1467,168073.8979,169002.7034,169843.0651,170920.6106,171891.3413,172904.1304,173744.031,174587.7535,175490.5118,176869.7327,178633.8841,180261.2011,181343.718,181819.2083,182338.7511,182915.8699,183910.4097,184835.5681,185882.4335,186977.0914,188334.7786,190166.0004,191778.6802,193144.2709,194076.3178,194678.1174,195451.9726,196612.9842,198652.9799,201271.3785,204132.6938,207213.6471,210432.1538,213730.3019,217095.2906,220625.8681,224611.0011,229452.0846,235251.5298,241574.3466,247659.8695,252926.6452,257876.071,262784.0945,267576.4408,272681.9084,278205.8055,284506.6256,291147.4257,297522.01,303766.6091,308117.351,310228.3635,309844.1947,308761.2746,307290.8791,305322.6332,303999.0047,303519.6037,304184.199,304310.038
67999.90519,68262.23779,68495.87522,68917.88521,69323.85754,69718.65147,70176.1537,70623.62099,71097.47475,71552.49393,71980.817,72425.77887,72866.95126,73319.48732,73672.87009,74077.7787,74572.18018,75238.7924,76009.00825,76882.66741,77890.61564,78793.95888,79653.78502,80496.76269,81471.96807,82475.1685,83479.31906,84520.00994,85631.38877,86878.53658,88248.03961,89655.11871,90884.05276,92013.26849,93020.86544,94352.43233,95815.70341,97449.2057,99019.49434,100750.42,102421.0385,103950.0595,105253.3085,106618.9523,108196.9596,109798.5081,111406.4092,112673.7398,114096.7791,115448.5125,117175.9858,118797.7017,120841.1563,122989.6902,125514.6024,128210.5117,130908.5142,133719.794,136579.19,139823.3693,143002.1123,146075.3168,148978.6845,151903.1772,155639.9573,160009.9252,164671.2888,169278.5595,174419.5418,179431.636,183754.2199,187469.3651,191370.0269,195408.1639,199923.9857,204687.3518,209189.6425,212700.4282,215586.2856,217844.367,219276.2352,220034.5568,220824.8239,221462.0507,221432.112,221283.2656,220557.5203,219982.1205,218822.3254,217590.7371,216267.6123,214893.2694,212782.7331,210574.2668,207656.1552,205225.4171,200959.5895,196140.0243,190666.0567,185774.541,180961.5054,175973.3559,171024.4452,165300.3952,158875.5266,152062.2902,145678.9479,140410.2797,135214.6216,130967.7514,126257.6514,121909.855,117419.7271,113747.8991,109903.9,106480.7076,103415.6565,101974.2399,100752.5806,99369.58979,98298.85625,97514.88334,97317.49026,97011.59968,96855.43639,96337.78741,95477.39842,94648.92892,94007.01432,93016.89914,92150.02892,91254.74235,90277.41476,89090.36441,88158.1158,87906.58775,87585.84557,87188.19462,86830.56794,86677.3756,86738.59742,86688.10758,86654.02051,86459.28546,86822.73374,87489.26069,88427.95099,89275.59041,90069.13248,90959.2513,91708.24574,92311.6406,93151.33751,94114.54609,95570.34113,97263.29815,99317.71065,101326.1062,103243.5623,105203.2533,107159.6646,109162.4819,111091.2063,112914.4342,114495.465,115885.3848,117084.5481,118159.2218,118581.8433,118969.7357,119349.3867,120514.2237,121911.2747,123222.2359,124648.8915,126076.5652,127653.785,128980.4026,130643.6932,132595.0495,134101.9184,135157.2746,135862.7531,137206.3831,139196.3484,141527.536,144109.6887,146591.3371,149416.565,152242.7121,154835.7907,157039.6064,158835.0997,160310.2268,161617.7893,163195.4143,165032.7259,167235.4622,169657.5139,172269.3955,174753.6388,177075.5337,178982.292,180201.8734,180632.1922,181130.6896,182395.1164,184512.39,186927.6239,189269.8207,191613.6286,194092.3153,196525.0568,198920.8367,201348.1533,204113.5145,207173.0312,210182.2691,213115.4687,215606.0307,218351.4653,220951.7055,223728.5783,226109.5954,228156.1275,230188.0767,232371.5072,234488.12,235963.4595,237572.9836,239131.0298,240618.7167,241335.6017,242031.1175,243253.967,244568.4544,245748.7898,247347.56,249825.1078,253089.15,256622.3774,260078.9388,262997.4208,264782.7805,265229.6992,265297.2438,265651.5228,266756.854,268865.6651,271630.9001,275238.2105,279444.1676,284272.6327,289746.5857,295153.9655,300291.3105,305678.8193,311437.4517,317911.1578,323778.8211,328847.3737,332989.7862,337410.2403,342292.1042,350892.4536,362083.3159,375750.2062,387725.8678,397746.7109,406323.3564,412781.5997,416795.5168,418274.4148,418810.9036,419420.345,418718.9717,418907.2166,420155.1931,423628.6214,427416.9479
72575.96867,72792.79493,73040.61409,73478.91018,73934.18232,74357.68955,74861.66085,75340.47805,75848.45683,76312.17802,76780.17723,77231.24586,77609.27398,77953.82931,78359.1449,78870.45134,79460.71323,79977.76759,80607.21246,81324.58784,82161.06889,82999.36826,83710.50455,84465.08408,85129.11578,85820.13332,86490.03182,87270.10739,88153.526,89027.9783,89945.98225,90976.83411,92042.19291,93048.96748,94035.65027,95142.0452,96227.97965,97249.20316,98354.93455,99567.44186,101031.7869,102457.7606,103965.6714,105533.2381,107056.788,108608.373,110095.2642,111765.8076,113545.0094,115164.2238,116710.8727,118206.7482,119951.1562,121854.6575,124045.5537,126303.2718,128546.9965,130723.6645,132950.209,135447.9437,137837.7162,140402.1692,143091.3804,146451.8161,149915.8533,153678.552,157929.0455,162170.0208,166062.0949,168992.2048,171964.911,174515.1299,177317.1177,179893.0134,182773.2043,186188.4241,189636.8154,192718.8596,194330.4424,195071.4504,195175.167,195063.6602,194529.8324,193697.3527,192649.596,191549.6098,190055.5746,187885.1817,185238.8469,182591.283,179653.9455,176954.4393,174157.51,171395.9103,168126.8555,164337.0452,160496.8292,157247.9275,154074.6458,150806.9893,147118.336,143590.0972,139883.2661,135679.8689,131128.9932,127030.111,123016.9392,119819.3352,116522.1703,113876.4717,110884.1553,108088.6489,105340.1556,103028.3548,100801.2312,98351.08003,96238.01953,94432.42678,93307.03563,92177.66858,91420.24973,90708.61806,90243.04468,89767.62512,89091.87829,88227.46422,87293.62408,86503.84024,85654.89994,84784.20108,83837.75772,82715.32588,81512.0078,80337.1652,79139.56509,77890.8753,76616.43178,75247.90521,73916.92932,72846.73373,72192.09263,71733.15612,71496.0411,71499.48671,71697.01071,71774.34181,71636.99546,71502.15408,71597.01059,71858.65473,72166.49123,72333.59142,72728.73005,73354.83394,74195.12655,75236.13635,76428.3738,77714.46389,79032.70344,80315.6479,81885.10589,83453.02183,85121.31199,86662.26611,88262.57029,89945.19324,91430.60214,92856.4586,94009.51341,95348.1495,96885.23147,98698.18975,100662.6094,102317.5536,104024.4911,105545.1957,107021.2755,108331.3714,109663.8752,110920.9464,111965.8945,112811.8695,113781.4254,114960.9483,116249.975,117688.6293,119511.1589,121542.4577,123448.8304,125079.0703,126729.795,128492.6771,130332.6878,132174.7647,134060.2633,135955.6642,137752.1943,139377.6609,140959.7931,142682.9848,144506.9386,146339.706,148073.1507,149544.2796,150865.4373,152187.4211,153761.8747,155247.6324,156460.7675,157665.5309,158939.6414,160400.1636,161612.2175,162835.365,164134.8776,165639.9205,167060.3232,168279.8894,169561.003,170579.9547,171501.205,172455.6362,174003.0949,175594.1826,176925.5548,177961.8559,179135.1227,180459.0622,181975.843,183346.734,184375.0301,185053.5191,185418.5137,185963.7608,186465.2838,187258.0346,188052.9684,188876.6205,189857.6167,191008.1417,192310.2057,193519.0948,194538.2383,195203.8277,195117.581,194853.8303,194918.5199,195890.3182,197517.2048,199377.9171,201729.843,204097.9819,206490.9643,208536.7999,210741.8408,213353.7072,216596.452,220556.2903,225034.7011,229460.7843,233541.3154,237149.9753,240858.2187,244892.8676,249918.1214,255491.4099,261455.2086,267247.699,272672.8853,277789.5486,281716.5215,284507.3229,286019.2596,287092.5914,287704.2868,287642.6697,287570.891,288084.5931,289881.4978,291990.2832
101170.1969,101591.3371,101922.7283,102635.6587,103390.0283,104200.5086,105049.4097,105771.8643,106469.2659,107225.9181,108070.662,108865.9016,109448.8936,109912.5201,110436.9464,111082.7631,111783.5341,112619.9886,113503.4121,114466.5697,115239.6152,116166.4195,117115.1725,118180.426,119225.214,120265.6233,121361.9365,122426.3732,123560.1317,124768.4303,125920.555,126954.3288,127858.9583,128888.0305,129940.6734,130902.4071,131668.9858,132517.295,133568.2721,134715.0224,135807.681,136833.888,137924.4108,139127.9864,140488.0653,141923.1166,143384.9959,144769.648,145925.9257,147085.2291,147975.1457,148919.3709,150154.1285,151918.6522,154138.3691,156526.8341,158883.0444,161422.8796,163855.5778,166113.3667,168353.0202,170604.2028,173655.1428,177320.3025,181571.1632,186239.1041,191571.2105,197917.5142,204818.5959,210667.3404,215792.9324,220574.1986,225536.0613,229572.4676,233257.1535,237183.536,241786.0728,245158.5224,247371.8967,248189.5866,248370.4099,248478.4201,247393.4552,246255.3962,244622.8289,243893.2936,244184.4145,244695.4824,245593.0733,245061.7744,243247.5037,240432.1619,237484.6845,235318.7304,233480.8256,230003.2791,225242.5883,219856.0417,215925.9628,212475.9123,208137.7963,203664.1117,199821.7516,196693.9697,193744.8593,190032.2706,185983.391,181809.3763,177519.2285,174244.8512,170936.0164,167244.4332,163091.7941,159589.0861,157393.4682,154989.0144,152559.0084,150243.7885,149254.0356,148730.8954,148054.5349,146358.8631,144407.8336,143094.8964,142528.1007,141930.6181,139736.0011,137434.5894,134923.2225,133530.3805,131778.3291,130106.9119,128275.6321,126846.4038,125667.151,124228.1114,122373.729,120309.191,118474.7824,116835.0703,115356.1685,113954.8008,112976.9922,112487.2903,112698.3656,113259.0653,113922.8677,114754.2869,115522.9777,116159.3281,116613.0633,117080.7584,117825.7826,118652.3203,119498.4427,120773.5562,122498.9819,124635.5234,126704.2092,128955.9427,131522.2716,134077.6503,136222.6929,138126.628,140198.688,142555.0976,144701.9694,146611.5259,147789.9398,148801.7779,149426.1197,150299.3288,151413.8035,152467.0922,153699.8178,154844.7317,156161.3062,157001.995,157538.0736,157943.0904,158544.9098,159191.52,160034.6236,161128.7824,162639.2104,163962.8505,165410.2422,166788.2932,168295.3458,169746.043,171033.2896,172370.058,173863.3949,175552.4048,177169.9772,178798.6954,180373.0973,182218.88,184030.427,185921.6636,187686.4176,189298.7386,190289.1829,190930.8914,191229.5932,191851.0848,192910.2481,194695.162,196936.0303,199542.1646,202119.6791,204543.2984,206418.7115,207962.2564,209422.8072,211340.1812,213116.6922,214758.1045,215864.9381,216607.5616,217228.4566,217940.9006,219534.9015,221357.5001,223183.2293,224395.7281,225156.4921,225857.4298,227254.3434,229324.3083,231460.3668,233105.1395,234364.6133,235676.1704,236951.1901,238420.17,239605.8119,240997.7154,242481.0706,244194.0787,246068.4854,247968.1758,249946.7019,251582.6734,252630.3872,253487.2526,254374.5191,255841.8402,257763.7208,260145.4347,262974.4198,265873.9945,269164.9674,272725.5278,276448.3049,279910.2231,283198.157,287095.7143,290138.9333,292120.1465,292637.5261,293861.5441,296513.9398,300485.0254,306806.5305,314547.3375,323222.1229,330618.1464,336278.794,340757.5139,343835.098,345603.9372,346103.3736,346267.5927,346186.8656,345412.7681,344048.3864,343048.0726,343007.3771,343679.318
69230.40488,69424.00161,69701.42254,70257.99904,70837.38636,71397.45536,71897.06492,72475.6606,73059.1223,73780.74989,74572.15826,75509.81195,76332.2284,77229.63406,78400.3701,79791.60501,81498.93105,83255.31966,85325.05217,87438.67596,89721.65671,92036.64683,94185.69854,96121.67812,97872.74364,99342.64134,100407.5563,101420.4753,102548.1722,103660.2985,104606.5213,105527.5306,106588.5325,107709.1705,108845.0218,109973.3387,110913.1662,111771.4805,112901.1725,114311.3606,115983.9726,117582.0589,119343.4069,121043.2737,122836.8802,124526.7295,126208.8369,127650.7378,128937.6538,130130.0039,131437.3184,133078.7757,135240.8436,137790.1183,140422.6099,143302.53,146245.7169,149093.1241,151463.8955,153767.9851,156145.9401,158932.3721,162572.2368,166862.8066,171780.6861,176455.5595,181296.0524,185937.2725,190240.3141,194322.6029,197823.7074,201280.4373,203607.4913,205634.789,207449.3272,210673.6313,213952.1199,217506.6781,220085.8244,222227.0409,223738.4493,224545.9306,225286.6011,225294.4243,224930.3836,224052.7578,222742.3855,220515.7143,217640.7984,214128.5402,210485.6502,206327.4326,202367.6974,198750.8269,194845.3959,190379.2396,185806.4586,181974.0325,177775.6675,173511.6716,168743.5273,164789.2973,160245.5539,156246.7087,151912.8799,147564.8328,143038.1686,139266.6425,136066.9319,133210.9314,130481.5327,128362.5708,125909.651,123194.6478,120498.393,118015.919,115958.101,114368.1744,113433.0934,112805.8445,112753.3817,113208.2038,113746.9192,113774.0192,113725.292,113633.7574,113992.1876,114003.4342,113829.2667,113342.0314,113078.4676,112957.1595,112749.601,112333.9577,111996.5652,111557.9785,110833.144,109973.7228,109420.0715,109084.5547,109283.552,109561.9434,110442.172,111260.1161,112049.2458,112578.8849,113274.943,114150.8782,115482.5728,116998.3041,118532.7739,120019.3591,121546.2948,123133.0622,124922.4334,126934.5713,129713.2892,132772.8317,135737.9075,137943.5662,139945.677,141664.8004,143541.4564,145276.4079,147154.5524,148939.7129,150349.7796,151712.5298,153400.9427,155420.7114,157615.1609,159561.9395,161801.5818,163596.1203,165333.3752,166681.2722,168133.7804,169244.9881,170430.2028,171850.6386,173413.7754,174617.948,175444.4959,176278.031,177265.5043,178282.3687,179372.8987,180936.8382,182460.4195,184131.7331,184825.5098,184811.3824,184383.817,184251.3624,184838.4767,185548.7823,186300.9468,186862.2513,187218.8626,187465.8312,187739.4516,188318.7531,188819.6377,188913.1782,188713.2421,189151.1738,190235.4886,191772.8553,192843.281,193999.4961,194581.6725,195491.3697,196323.7304,197613.0427,198944.3903,200186.1497,200672.7763,200563.5597,200389.6718,200419.3063,200843.7133,201279.6793,202423.5929,203331.2398,204088.2349,204472.9647,205349.5346,206894.5656,208450.9849,208983.1378,208281.3375,206976.9936,205894.4974,205233.0982,204715.7147,204469.0339,204351.5462,204778.909,205583.78,206641.9985,207783.852,208826.6624,209890.9236,210578.3685,210482.1341,209872.5106,209505.7057,209876.6865,210963.797,212487.6935,214611.847,216806.9227,218960.074,220768.1848,222910.3915,225816.1963,229511.0239,234016.6071,238839.3558,243697.2038,248126.011,252314.5632,257016.1865,262254.7176,268481.6406,275264.7394,282358.3893,289353.039,295736.9145,302165.8131,307275.6722,310885.038,313055.6109,315121.3386,317915.2207,319726.0132,321184.9914,321736.1791,323739.7112,326064.23
77595.85807,78409.08857,79222.53168,80636.67358,81789.03891,82792.31673,83801.41923,84686.36952,85250.75557,85638.55695,86115.79293,86741.71396,87457.53092,88109.23129,88918.15192,89701.58017,90590.33153,91219.39496,91585.68344,91641.41791,91683.86748,91900.45015,92137.77385,92419.64898,92685.32322,92563.40028,92492.81688,92607.37217,93244.97019,93865.36495,94192.70857,94606.55267,94907.38649,95313.79561,95659.37312,96159.0489,96695.42166,97336.26242,97887.4689,98424.95759,98950.46928,99533.17456,100187.1746,100771.9376,101406.3025,102013.5695,102596.923,103182.0135,103851.9289,104753.7006,105892.7604,107075.2056,108238.8566,109224.0809,110403.5914,111653.4254,113204.8662,114795.7225,116342.551,118009.6685,119806.0516,121815.1593,124212.8841,127479.4038,131419.2601,135180.0491,138481.7091,141714.1802,145323.4211,149287.7249,153290.3018,157069.7225,160312.2677,163351.275,166423.0755,169715.6605,172520.7141,174896.1559,176720.1793,178230.3516,178941.1406,179478.7308,179740.2324,180240.2276,180427.0558,180561.171,180148.9944,179042.9077,177309.3995,175325.9477,173161.2897,170914.8044,168431.2886,166318.3389,164159.9962,161747.5828,158858.5757,157007.5704,155920.2877,154823.6696,152800.6156,150523.6782,148543.5429,146605.802,144585.8699,142388.7424,139932.0179,137674.4659,135622.4823,134256.8872,132563.909,130660.6626,128409.4942,126415.6861,124942.4967,123833.2243,122872.1489,122079.131,121387.8982,120560.0619,119544.8328,118276.2031,117359.361,116538.7025,115712.4137,114779.809,113582.5547,112238.8116,110799.8317,109228.1478,107639.3639,106027.4702,104565.8242,103277.1978,101739.5493,100376.295,99146.48412,98465.82671,97836.59956,97243.25783,96510.14008,95798.92616,95247.33391,94741.53483,94177.11322,93502.75128,92970.97903,92725.15016,92871.30261,93258.77853,93619.39954,93728.41412,93793.09912,93923.78166,94265.1373,94780.37423,95493.7349,96106.7718,96933.90809,97835.79614,99037.90407,100158.7764,100903.4985,101465.158,101766.7753,102052.6108,102132.265,102368.4907,102913.7278,103579.3351,104298.2942,105104.8187,106147.6267,107199.5887,108264.8891,109187.5968,110085.9943,110503.9901,111075.639,111554.0374,112374.0304,112914.3838,113467.9695,114042.1518,115068.3786,116310.0195,117730.952,118954.0838,120191.5599,121291.7908,122488.1657,123489.8175,124551.2607,125395.4593,126121.6778,126875.8778,127670.4382,128395.5275,128866.8212,129448.2101,130408.7488,131762.1392,133148.2569,134406.076,135469.3676,136400.8806,137298.8801,138308.2241,139307.183,140392.0276,141513.3876,142681.2299,144007.3885,145252.0718,146641.8047,147932.3255,149382.5482,151016.7647,152709.844,154025.2252,154960.9401,155649.6198,156686.3693,157815.4506,159017.7759,159969.1096,160798.0933,161610.9579,162567.4259,163548.7589,164436.7074,164965.128,165186.3071,165205.415,165355.7274,165886.0516,166785.8136,167947.4816,169252.9565,170579.4446,171928.8615,173168.2807,174268.0277,175225.9471,175840.7983,176467.9551,177355.5539,179053.6615,181488.9167,184370.8552,187734.4533,191230.6653,194724.5302,197778.3849,200835.5208,204344.4362,208812.7186,214247.205,219723.8792,224637.3647,228630.5691,232365.8963,236258.4275,240086.4696,244804.6446,250263.2662,256654.5937,262949.6222,268698.8364,274031.6374,277934.8225,280280.5175,280493.1039,280036.9482,279435.8139,278670.8558,277825.2022,276733.3748,275992.5315,275190.7002
94754.0238,94750.07542,94936.45954,95219.58061,95602.06425,96035.31501,96532.03836,97101.43254,97622.98786,98075.56501,98418.22391,98653.47175,98928.038,99339.00553,99803.68495,100167.3113,100517.1945,100965.8985,101598.5116,102306.7902,102890.246,103553.257,104117.0226,104820.1796,105258.2078,105628.1538,105899.0329,106273.1532,106766.8964,107200.8743,107738.4191,108100.9263,108527.3329,108935.9443,109571.1026,110219.7485,110787.8895,111335.7476,111990.1003,112887.1644,113751.8618,114549.975,115221.0354,116047.3236,116956.7112,117858.3365,118824.1739,119898.8925,120927.0779,121759.1695,122451.6791,123361.366,124564.4355,126091.8265,127965.1209,130348.1939,132907.8998,135281.5189,137076.911,138679.452,140463.5918,142486.5068,145140.4118,148587.5647,152637.5173,156804.9558,161307.8392,165430.8284,169667.2381,174070.112,178720.4874,183056.4318,186584.7913,189667.9652,193580.3355,197158.0621,200225.6134,201717.8153,202684.7337,203619.9933,203870.0109,203756.8528,203426.0303,203080.7733,202601.41,202087.2729,201628.6841,201527.3328,201469.7611,201245.2233,200062.9988,198775.4176,197670.7995,196294.3621,194574.2629,192176.4448,189817.2771,187157.4177,183580.8469,180257.2074,176769.2617,174123.3487,171494.7694,168505.5027,165312.405,162010.3423,158570.4936,155460.7842,151703.6233,148555.4322,146090.9914,144015.6271,141916.535,139275.8321,136880.5943,134271.9747,131547.8466,129012.5095,127535.0809,127056.1238,126739.561,126230.8262,125565.4038,124840.9526,123803.6281,122500.9632,121798.2649,121554.3876,121592.0032,121047.8941,120050.0685,118290.9445,116861.8313,115554.9867,114372.9742,112800.5365,111274.1442,110103.9262,108746.8382,107195.8072,105428.6096,104676.8204,104104.052,103964.1695,103460.6644,103400.3468,103538.819,104168.8027,105221.1479,106292.1535,106843.3021,106918.2912,106932.7817,107233.2853,107792.2553,108930.9037,110384.2206,112169.9191,113849.295,115827.368,117946.2517,119921.6515,121316.8634,122290.1951,123227.283,124324.1552,125154.0527,126011.9702,126976.6583,128283.8177,129414.599,130369.4251,131245.7725,132030.3773,132847.8716,133653.2422,134463.8676,134925.4035,135200.8138,135643.974,136496.3193,137472.4581,138353.0248,139071.7936,139867.3736,140827.4734,142181.865,143750.3581,145543.9952,147240.1314,148622.1001,149824.8109,150988.9396,152175.9412,153069.033,153914.5305,154925.8275,156131.7484,157470.5463,159276.9284,161474.9798,163448.7238,164988.7423,166276.0675,167717.5891,169293.0791,170777.8053,172314.6181,173735.8028,175393.3532,177016.3617,178793.2501,180606.7251,182250.5163,183601.983,184669.5675,185719.0093,186872.976,188245.3277,189622.3206,191231.2534,192790.0813,194741.3728,196748.9217,198784.1186,200422.8858,201853.8409,203238.377,204378.2044,205344.6797,205929.4543,206518.0395,206962.4258,207696.8806,208736.0507,209998.8779,211169.6632,212281.1166,213560.7145,214849.9043,216404.6979,217891.2954,219578.1535,221079.6667,222082.7805,222837.6098,223808.7105,225578.584,228256.8529,231250.8053,234586.7001,237537.9174,240507.7577,243494.1013,246804.7715,250565.1278,254609.3194,259258.97,263675.671,267625.4017,271361.2056,275367.8254,280121.5579,285009.5267,290923.7075,297648.1661,304886.2787,312368.9538,319259.7596,325959.4087,330441.8062,332299.8731,331671.9092,330406.3515,329524.4255,328179.0826,326663.2465,325691.2963,325924.0355,326431.2501
79459.59558,79711.6595,79921.75279,80360.60824,80739.75649,81100.34808,81467.24264,81812.13177,82168.4943,82481.96148,82845.02135,83317.95379,83846.9782,84361.69158,84794.3188,85278.81686,85839.15764,86493.74532,87213.42758,88042.82701,88980.82717,89894.28678,90816.8064,91721.36301,92668.52783,93619.31024,94577.44261,95604.20612,96658.07937,97803.45707,99059.49847,100467.9617,101825.8878,103161.8447,104347.6725,105834.859,107450.5084,109194.4232,110838.1413,112478.9546,114060.2854,115455.8158,116657.6849,117854.6159,119263.4844,120690.7794,122102.085,123226.2366,124510.104,125775.8991,127366.007,128872.6452,130671.1807,132564.9417,134685.1926,136945.5727,139217.0784,141567.1467,143878.0308,146412.5899,148926.8574,151474.7365,153870.4191,156205.3804,159083.4317,162558.2097,166380.9982,170137.5541,174116.264,177819.8508,180861.86,183369.8373,186161.0128,188803.5633,191989.6743,195468.6447,199247.9198,202161.8953,204560.1299,206411.1918,207761.5701,208480.2484,209339.3591,210366.2844,210873.0111,211244.8438,210854.9957,210768.5608,210263.4508,209803.3222,209187.1006,208458.8171,207013.8966,205686.7683,203712.7028,202409.5714,199161.4669,195216.6957,190293.7309,185953.9508,182020.7644,178365.8218,174676.9469,170513.0394,165607.237,160658.6756,155927.3916,151108.8413,145549.1478,140097.4125,134879.1295,130807.97,126840.6364,123759.7168,120248.4463,117295.5175,114539.763,112505.0919,110344.3926,107941.64,105991.3106,104765.0398,104308.7618,103980.0138,103260.9126,101959.1378,100616.7219,99322.72413,98279.95978,97059.84562,96128.4495,95649.77761,95024.35228,94240.44627,93508.82192,93161.95027,93120.09725,92805.6198,92640.18433,92564.29757,92749.15074,93298.67421,93872.57147,94116.04206,94313.57407,94462.26711,94409.27278,94205.53373,94191.94096,94865.39952,95855.55027,96894.4027,98030.65282,99098.32871,100524.0988,102229.2997,104383.6193,106719.6911,109012.5391,111202.9761,113256.6895,114959.0604,116402.4463,117894.1916,119763.8673,121932.9995,123904.5935,125706.7921,127363.5488,129230.9721,131043.4901,132953.083,134852.1251,136593.6687,138280.5362,139671.2334,141076.387,142285.7677,143549.9249,144749.506,145944.512,147210.93,148620.7593,150266.4835,151816.1192,153036.8277,153946.7207,154839.0619,156133.4616,157788.0772,159879.9242,161971.8094,163794.5325,165227.0766,166577.0528,168090.3448,169577.8935,171166.5848,172740.0813,174107.9507,175373.0509,176536.3817,178111.7634,179622.616,181287.7673,182736.8924,184197.8284,185504.5119,187302.1508,189933.7973,192867.7418,195566.6674,197299.9699,198521.0017,199437.5841,200677.7876,202347.5708,204433.3233,206757.2288,209062.2874,211087.2016,212834.1893,214509.937,215968.7354,217204.1677,218193.6844,219308.4029,220520.4291,220794.6065,220863.5583,220360.9832,220366.0066,219832.2786,219573.0019,219433.6068,219745.8604,220265.7487,221094.9302,222397.8227,224178.6184,226548.4127,228703.8717,230423.3011,231214.6663,231231.4794,231191.2338,231526.9768,232829.3831,234751.0431,237055.805,239553.6903,241874.8673,243892.1647,246055.0445,248423.115,252065.6106,256546.0534,262203.859,268337.9422,274800.2656,280939.2485,286187.5982,291156.9354,296055.2156,301524.7101,306865.2379,312680.8906,318229.4267,323507.978,328254.9918,332234.2375,335524.2593,338246.3737,340289.5282,342622.843,343704.7483,345758.3031,347843.5878,351043.5048,353593.9285
97656.19598,97831.02369,98079.21657,98466.27455,98925.59128,99260.93016,99934.34481,100651.0743,101497.4981,102038.7945,102504.2584,103021.1505,103621.8648,104304.5548,105003.6461,105778.7934,106515.8834,107088.2192,107716.3248,108576.7156,109852.4839,111378.106,112939.0943,114494.6286,115710.4894,116494.9827,117038.1617,117867.2844,119130.7369,120779.1783,122570.6568,124425.1432,125852.7637,127137.3416,128380.9159,129825.3626,131136.4671,132540.4009,134292.4548,136229.3906,138441.7476,140447.9813,142423.4645,144344.0716,146284.1847,148225.8541,150042.7275,152000.2338,154204.7823,156298.1681,158548.7724,160793.3661,163222.3984,165706.9556,168504.1818,171626.9652,174674.707,177655.0641,180446.6369,183532.0174,186250.5453,189247.2882,192595.976,197064.525,201927.0374,207141.6947,212930.0667,218453.3745,223389.1401,227184.1492,230955.0369,234199.5809,237701.7235,240940.9579,244408.6165,248336.3975,252247.6639,255689.6244,257488.2952,258166.4404,258084.1094,257490.2201,256502.5079,255182.9667,253805.9284,252054.2647,250085.1859,247256.7116,244324.0514,241456.0173,238129.3546,234695.8223,231423.0658,228760.6053,226108.8052,222749.6689,219016.7697,216012.1054,213055.7476,210439.4326,207533.6994,204622.975,201321.3568,197057.8322,192585.7436,188571.3259,184281.4826,181143.76,177605.0455,174710.1174,170585.2598,166261.384,161894.1916,158099.3589,154936.5084,151928.4427,149069.6039,146531.7826,145213.6705,144263.3291,143502.2423,142456.0012,141555.8296,141088.9628,139872.8954,138374.274,136208.0191,134423.0898,132842.6295,131243.8864,128259.4233,124756.5893,121321.1335,119353.9314,117725.3743,116219.7691,114981.414,113642.3955,112202.3473,110657.0831,109636.5114,109139.3255,109106.9058,109295.6005,109069.4867,108504.1473,107588.6333,107334.4553,107391.5024,107895.6197,108579.4774,109472.7602,110585.3836,111727.7381,113098.6686,114684.7723,116680.9375,118650.3146,120753.5367,122742.0432,124852.162,127079.0115,129206.7055,131343.5212,133274.6233,135366.1202,137253.3976,138857.7688,140505.4082,142408.1998,144995.3757,147278.9089,149631.7568,151522.7906,153665.8426,155541.029,157166.6621,158402.7313,159750.154,161276.2635,162878.9001,164049.7834,165161.3738,166024.9531,167327.4881,168820.594,171200.8434,173855.5329,176432.8203,178796.2869,181265.8506,183055.4392,184200.6036,184849.9834,186013.1289,187532.2613,188896.109,190077.9832,191145.5066,192556.7062,194298.3416,196141.281,198058.1813,199597.2562,201195.2742,202807.3554,204759.3082,206487.2508,207707.7213,209119.5332,210754.4826,212691.4962,214436.7252,215998.6098,217825.2083,219802.0024,221560.9736,222790.2492,223941.9776,224948.7723,226270.119,227434.3589,229375.809,231156.5257,232739.1871,233770.1745,235259.7564,237270.7484,239450.3857,240897.5257,241273.7023,240745.7753,239791.9676,239088.4306,238982.2602,239425.1887,239907.6119,240527.6299,241507.8761,243247.0753,246225.5544,249425.6465,252242.5262,253359.6444,253277.2816,252906.5104,253090.6144,254260.2209,256291.958,258855.4554,261972.8418,265201.7998,268859.0205,272906.0954,277367.0832,282026.595,286956.3578,292703.2566,298667.5335,304427.3012,309867.0068,315342.2102,320974.0974,326651.7966,333654.4074,341689.5618,350494.5388,359340.6912,367728.2291,375685.787,381444.8149,384659.2467,385372.6736,385000.0157,384108.1432,382680.4502,381525.9079,381198.3749,382595.7053,383983.892
124470.2751,124790.5806,125229.332,125958.1019,126719.4553,127327.1272,127984.8867,128648.9076,129379.2154,130101.9119,130764.7175,131454.446,132136.2903,132784.9442,133561.5172,134526.8157,135642.8209,136800.9861,138070.5202,139589.1684,141284.9549,143121.423,144724.197,146177.1204,147322.5758,148455.2916,149618.114,151015.7702,152605.7246,154229.1857,155819.9237,157670.4636,159478.6443,161355.8111,163150.8469,165239.2804,167303.8789,169221.6568,171163.8005,173197.2874,175643.7167,178086.254,180545.232,183122.4578,185615.5386,188202.0135,190585.9339,193186.1013,196052.9272,198692.2156,201407.5851,204233.0095,207754.5074,211550.5005,215741.3282,220023.1969,224351.1135,228635.7869,232762.4053,237221.9097,241109.2929,245147.3435,249407.3378,254903.0314,260647.4322,266958.9475,274221.6325,281385.5786,287485.5331,291845.2351,296348.9414,300570.1002,305513.0599,309957.8957,314519.0131,319343.1265,323932.1616,327874.9092,328997.957,328711.9235,327227.154,325440.8391,322985.3506,320217.3492,317359.9313,314765.3264,311891.5072,308670.7959,305088.6668,301120.6868,295977.2391,290665.8174,285725.2824,281360.2258,276481.1244,270572.3503,264589.2529,259403.5289,254667.4484,250133.7441,245143.0494,240022.8342,234664.1221,229085.704,223748.089,218973.3725,214027.7094,209721.3137,205592.1964,202372.1883,198627.664,194471.5976,190441.0445,187651.7856,185775.7115,184065.2977,182654.3495,182002.56,181541.2538,180655.9179,179432.5988,178533.1469,178556.7851,178651.1675,178385.045,177031.8287,175352.9993,173707.0656,172146.2925,170494.7024,169027.9837,167642.5947,166051.8494,164664.0096,163425.4438,162629.7808,161793.5762,160548.8616,159063.9863,157448.4753,156164.1002,155047.2342,154579.2251,154458.3925,154519.2288,154059.6675,153417.3733,153014.897,152750.8693,152905.0165,153205.7932,153516.5043,154008.4294,154600.6204,156038.7653,158093.6342,160651.0046,163234.2508,165560.0159,167842.5998,170165.1659,172835.4243,175921.5451,179452.5509,183027.2487,186784.1073,190105.768,193341.783,196001.6893,198675.809,201273.8408,203962.8266,206720.399,209223.0088,211824.593,213985.8438,215761.1155,217107.2014,218990.3215,221116.8253,223345.5716,225103.0449,226699.322,228228.803,229915.8519,231740.5654,233823.7715,235893.0166,237994.8306,240092.1121,242670.2146,245463.6212,248440.8118,251057.5906,253401.1575,255520.5478,257334.6779,259168.8195,260881.7943,262731.112,264714.8659,266765.1623,268635.9096,270159.9663,271512.1467,273189.36,275353.8779,277649.0032,279787.7898,281853.7567,283869.3315,285793.0702,287633.5381,289347.7594,290901.0124,292428.0514,294114.625,295813.0815,297521.586,298933.7253,300341.3351,301538.7988,303258.4021,305016.5602,306659.9477,307875.0066,308822.8889,309807.8606,310917.0561,312189.4231,313268.0248,313783.5135,313901.0707,314233.0198,314812.1353,316006.6477,317047.6229,318419.8539,319970.5084,321957.9013,324485.6769,326700.6086,328624.6794,329269.0626,329047.7768,328547.4885,328795.55,330558.2473,333641.4583,337240.2492,341494.2123,345831.368,350794.2653,355510.0561,360498.8383,365476.6282,371338.4079,377795.5564,384830.895,391408.5594,397594.4416,403486.1484,409548.6938,415569.735,422496.5212,430429.9882,439466.3686,448281.3795,455991.2176,462365.7484,466361.6039,468036.9369,467431.6723,466285.7507,464649.311,462412.7224,460456.0023,459387.0464,460003.0442,461503.6484
66560.11433,66607.93917,66704.76278,66872.40222,67264.84013,67702.17864,68135.89746,68360.25859,68506.53408,68584.282,68572.01105,68628.61205,68833.60417,69183.81228,69594.13242,69937.45028,70100.66052,70091.9482,70064.51167,70201.73333,70523.39192,71038.69119,71608.08905,72217.61662,72679.74681,73062.85835,73145.18252,73186.231,73220.92861,73385.92174,73684.54052,74017.49794,74418.69575,74679.57487,74893.23377,75077.60342,75179.37757,75326.50844,75474.09637,75748.99432,76027.48493,76415.57541,76771.78738,77156.76434,77520.87354,77947.96165,78404.16931,78844.80157,79369.92121,79908.37357,80316.68415,80778.10959,81222.8743,82089.24206,83026.33518,84182.66718,85464.95623,86745.96002,88082.70867,89102.0232,90050.98946,91045.37296,92349.90274,93949.48817,95649.96304,97796.74077,100161.7123,102662.929,104927.1883,107247.5687,109693.9306,111748.2561,113166.7571,114208.732,115957.7171,119650.3242,123986.601,128379.3842,130957.4998,132516.0374,132668.503,131957.3833,131136.8037,130615.926,130918.9025,131495.0787,131974.1392,132107.6881,132120.8399,131743.9951,131198.4395,130304.9529,129632.7513,128573.0871,127003.1408,125688.8162,125068.6406,125038.8879,124772.9094,124002.2277,122769.4966,120927.9361,119235.9261,117157.6832,115314.6,113272.2605,111599.2088,109692.4184,107646.6097,105529.3529,103638.9187,101791.8548,100155.0202,98131.43872,96289.03664,94532.07993,93332.193,92187.58907,91394.22468,90836.95771,90408.46455,90020.11636,89503.61467,88821.37388,87739.17117,86265.51744,84942.11691,83579.29734,82402.39313,81390.50438,80679.56358,80105.99626,78843.52862,77231.44547,75657.5171,74353.87622,73305.30041,72461.4464,71713.55227,71034.06324,70468.61612,70028.18397,69884.65298,69641.037,69831.56653,70284.77877,71069.29327,71844.88497,72384.24269,72526.48267,72463.12551,72194.9507,71807.71898,71582.09328,71613.83804,72392.16094,73434.85413,74450.50435,75247.10897,76007.53732,76824.76722,77717.23176,78414.81889,79192.67445,79809.59847,80413.96463,81026.61053,81741.73506,82696.06317,83558.7968,84300.4111,84732.42853,85104.37921,85503.15465,86146.05327,86771.94616,87329.00158,87739.76738,88377.47321,89225.38571,89968.36053,90518.65573,90819.28713,91303.50366,91986.60708,93035.49948,94200.82789,95291.45162,96052.17204,96771.26456,97405.08909,98234.2025,99001.06196,99892.30677,100663.5847,101636.789,102468.7273,103533.7793,104409.6877,105580.6539,106700.8502,107889.636,108762.6038,109582.1455,110179.1689,110769.2367,111258.8163,112076.8696,113032.8438,114361.0752,115657.3568,117121.0596,118379.8101,119670.8995,120722.2884,121714.254,122467.9228,123338.8547,124359.7828,125683.3327,127124.1381,128647.9592,130343.0263,131995.3653,133579.6157,134837.0618,136022.0251,137149.982,138267.7831,139319.7555,140303.4193,141280.7975,142201.9415,143204.4572,144232.6766,145404.8091,146470.9781,147638.9327,148834.8737,150141.9108,151422.9462,152707.7149,153759.5884,154643.9241,155264.8973,155998.5183,157096.4599,158762.649,161149.3055,163671.9239,166098.7747,167979.2653,169933.1135,172159.6402,174799.2178,177522.3698,180546.1685,184469.3563,188383.8983,191793.0264,194266.8788,196739.9487,199821.1824,203190.1693,208001.3304,214019.1307,220839.8184,227320.5418,232784.4808,237568.4454,241083.2992,243347.2557,244481.1163,245046.3171,245143.448,244458.1451,243619.701,242902.5328,242752.1955,242392.124
145148.6755,145725.4653,146379.6277,147819.0524,151133.6721,155435.9653,159945.9213,162778.2667,164737.154,166425.1489,168282.341,170205.6447,171850.7078,173216.0305,174439.0717,175980.9508,177496.9348,179388.5025,181502.7958,183962.1238,186166.4209,188501.9926,190680.9433,192722.3277,193869.9941,195125.1109,196523.4912,198370.6683,199955.0622,201221.2132,202470.9394,203518.9009,204471.3013,205393.5971,206347.2514,207638.2235,208512.7535,209485.339,210463.3944,212207.8136,213209.4947,214360.3297,215202.6237,216987.1128,218651.6251,220438.2402,222205.3192,224174.2011,225846.7272,227512.9444,229018.7291,230963.061,233042.9934,235057.8592,237426.9926,239906.2464,242885.6848,245761.2734,248839.1188,251712.8763,254251.6291,256802.4267,259795.894,263643.9759,267794.1824,272992.4838,278401.669,284137.3404,289285.236,294085.5073,298401.3636,302288.2919,305309.7711,308651.479,312171.9362,316446.8764,320744.2549,324652.0639,328342.7626,331682.2791,335180.2103,338513.1348,340973.0584,342863.3014,343464.3142,343712.6707,343435.0506,343627.2437,343780.5299,342233.4088,340668.5098,339032.6631,338434.4317,337233.9537,335818.7905,334703.3476,333850.5968,332122.2502,334611.9233,333206.8319,330150.7383,321446.7084,315155.4921,308990.3331,302867.0272,297265.2224,292979.2605,289217.5339,285703.154,282476.3493,278935.8078,275266.3517,271934.295,268722.0259,265392.18,261948.0951,258823.5069,256222.5328,254013.1865,252132.2095,250562.5398,249126.2888,247502.4767,245886.0493,244449.8569,243583.7741,242822.5476,241865.7499,240542.1029,238861.8102,237303.4537,235515.0584,234125.5027,232791.3313,231208.6084,229400.5373,227845.329,227092.063,226656.2701,226085.2082,225530.1051,225076.6271,224927.3745,225026.0584,225236.7058,225405.295,225689.0561,226072.6398,226575.4094,227163.0209,227531.0116,227758.7278,227664.9996,227697.9707,227762.7107,228406.2106,229637.8318,231248.8563,232964.5157,234871.7462,237309.7022,240220.3961,242600.521,244357.3802,245500.3796,246694.3947,247741.3765,248828.8126,250576.9877,253023.7576,255647.1133,257415.3399,258950.0135,260183.3148,261513.8449,262114.3201,262387.5052,262789.4052,263736.3947,265312.1095,267554.4016,269950.6262,271977.4732,273453.794,275245.2519,277116.3881,279058.6933,280633.8309,282295.8115,284148.1891,286033.5228,287414.2326,288102.3731,288351.9168,288062.1304,287970.7458,287796.7882,288195.8528,288219.8504,288469.2915,289283.3509,290937.1843,292290.5699,293274.7934,294346.4685,296578.2894,299592.0335,302850.112,305540.2765,307935.9944,309721.0341,311527.4412,313158.9867,314780.5849,316324.3407,318658.6211,320580.8832,321988.3382,323059.8186,324733.5024,326955.0099,328766.3104,331100.6705,333782.0218,336803.9984,339424.4099,341896.2901,344014.1457,345468.2471,346099.9791,346663.4649,347805.6441,349286.9591,350985.4717,352538.3718,354531.0433,356618.6291,359095.1787,361558.3613,364156.9779,366874.6011,369922.5487,372479.7065,374420.467,375082.4416,375483.7591,376453.7719,378981.7056,382879.4066,387221.233,392117.8678,397932.8825,404859.2691,412384.306,419656.8018,427705.1505,436814.7345,447496.4363,457752.3807,466953.7014,475050.0947,483486.9832,492262.6062,501119.1094,511779.2741,524482.0668,539682.1866,554905.815,569899.0725,583281.1326,591943.4533,594768.2316,593135.7072,591962.0089,591974.3622,591384.3598,589670.6164,588028.8753,588949.7343,591558.3864
63701.43748,63861.26079,64124.88703,64623.18968,65069.82105,65401.70969,65678.45298,66068.52618,66521.09729,67122.84426,67809.882,68528.6298,69152.09072,69755.83519,70302.51999,70944.06225,71533.63519,72202.58514,72863.03956,73452.69144,74021.69116,74453.40442,74768.38769,74999.26634,75284.52927,75738.29467,76331.83829,77068.88073,77900.34278,78823.25947,79845.25266,80958.24148,81915.98329,82697.94146,83302.99797,83965.60064,84779.69596,85822.51062,86986.07368,87919.55051,88688.99491,89187.11288,89652.0144,90157.7276,90888.16671,92035.1461,93189.95556,94323.09774,95034.06265,95671.61374,96314.0265,97265.8419,98443.55729,99815.35684,101366.8819,103116.103,104800.8105,106390.3409,107826.7772,109306.7805,110754.7219,112426.8737,114165.0669,116225.5258,118421.2185,120978.6031,123839.784,126464.9916,129377.9399,132211.8073,135319.2213,138412.2001,141491.3416,144983.7326,148690.0562,152550.6564,155747.5508,158307.236,160053.6679,162179.9016,164109.9,165617.0268,166435.5809,166263.896,166317.9018,166282.04,167501.6353,169018.5885,170742.0198,171202.2182,170639.3182,169362.2593,167162.4233,164552.5289,161768.5146,159414.1722,156300.7205,152248.4069,147874.5139,144611.6819,141840.4867,139807.0558,137205.9425,134486.412,131369.1828,128108.5673,124853.9426,121384.5401,118185.2626,114817.7493,111627.4048,108425.2253,105349.7895,102289.9638,99577.82988,96900.86693,94323.91703,92460.93526,91377.71876,90822.26659,90141.61541,89515.84497,89050.13731,88755.31059,88975.77946,89146.46342,88657.51357,87540.94059,85936.78309,84403.4312,82636.88677,81080.3674,79939.50359,78993.51415,78195.02481,77225.56586,76352.07962,75666.62631,74991.44865,74403.99587,74081.44231,73957.07823,73698.2284,73196.25649,72402.50992,72074.83859,71956.31722,72339.6393,72595.73561,72877.24637,73367.49897,74022.38934,75002.00206,75903.30487,76968.32023,78346.3238,79902.60483,81428.41322,82767.62959,84126.94739,85581.55875,86976.20302,88656.33977,90520.22052,92435.2545,94100.38393,95289.63001,96707.16812,98136.03078,99925.47,101350.5636,102494.9018,103452.9662,104204.6398,105301.5414,106435.0766,107783.3899,108754.783,109799.9191,110747.9155,111615.2847,112255.1976,112972.0239,114073.7781,115277.1756,116466.4251,117963.1723,120078.7694,122578.2392,125023.0229,127203.2675,129342.0933,131274.7033,133136.8111,134620.78,136070.0378,137224.7066,138535.3603,140029.1932,142041.4496,144231.9935,146396.4679,148232.4565,149761.5349,151298.4892,153154.9675,155275.8964,157109.6973,158488.94,159669.4072,161011.3124,162537.8617,164223.5749,166042.1923,168436.6953,171009.1495,173588.6495,175599.2853,177386.1326,178812.0431,179939.0086,181014.8005,182392.1541,183761.875,185301.8951,186784.4967,188727.2188,190650.8858,192277.5915,193344.3122,193981.3538,194487.4103,195253.059,196431.5371,197966.9062,199433.6809,200379.7477,201795.4099,203768.9077,206148.3455,208931.2145,211512.1265,213939.5894,215183.4509,215728.5819,216180.2769,217045.2433,218780.1273,221502.1016,224996.7361,229068.3348,233044.5802,237447.2912,242473.1747,247853.88,252597.9287,256668.9921,260567.0934,263528.7743,265012.4411,265297.8458,266734.192,269704.8786,273738.3738,280254.8053,288888.1303,298865.1059,307187.3185,313826.3286,319217.8815,323518.5117,325781.6877,326431.1965,325405.5477,323594.7585,321161.4452,320364.9322,319861.2639,319973.2783,319847.4467
113801.064,113951.4903,114377.38,115084.3872,115761.7741,116292.6243,116779.4713,117475.3769,118217.2692,119148.8173,120224.6408,121293.843,122214.5847,122999.1412,123742.4966,124774.0087,125972.8998,127456.7312,129112.586,130848.8964,132606.6653,134244.3085,135839.3928,137456.9112,138700.7095,139872.6643,140999.4672,142461.5133,144144.8792,145851.9048,147745.3077,149619.2617,151514.4443,153313.6614,154859.5723,156271.8098,157610.6972,159005.6069,160334.4552,161778.0981,163418.2502,165866.9173,168522.5476,171079.2139,173001.2083,174724.3872,176821.0496,179009.1503,181009.4311,182664.3658,184956.1687,187786.2048,191098.9314,194270.0531,197820.8559,202159.4844,206407.4301,210425.5914,213929.0735,217948.6652,222266.299,226914.3343,231232.4968,236114.084,241302.1012,247036.5986,252346.5586,257449.4877,262810.7053,268113.6024,273742.6383,278491.3901,282480.6548,285812.2285,289612.8243,293774.6915,296703.9475,298784.1076,299856.1867,300465.6167,299755.0062,298385.873,296977.784,294728.6612,292319.0194,289932.6398,288112.2282,286145.2644,282741.2943,278869.0712,274666.3129,271017.9777,267629.6514,263831.1672,259668.8499,255523.9192,251134.3706,247000.4805,241933.817,238324.9243,235101.9237,232706.2645,229211.9314,225335.0358,221277.4178,218345.4206,214503.0651,211106.7069,207934.9212,206160.8069,204713.8532,203059.0774,201810.681,200935.2364,200238.5652,198951.6451,196718.6386,193575.5905,191159.9933,189156.8924,188095.3654,186581.7367,185995.2373,184878.8124,184073.6595,182271.6185,180580.181,178539.837,176571.0486,175300.4325,175317.0658,175897.9611,175727.7231,174778.7832,173410.3589,171874.811,170065.6632,168759.7263,167617.3735,166751.6857,165995.3164,165725.4175,165019.3561,163883.5383,162557.5006,162143.9925,162424.569,163171.1062,163836.9182,164102.6922,164601.1602,165266.9041,166390.2646,167819.4001,169517.0796,171543.5985,173423.6504,175211.7465,177041.7701,178641.7424,180283.0306,181552.4146,182749.2172,184091.3312,185869.2969,188067.878,189922.3489,191645.6826,193460.0791,195602.4603,197953.8688,199770.5728,201533.1438,202692.8402,203923.8778,204985.9008,206136.5684,207301.8758,208872.2268,210937.8072,213245.6613,215531.9202,217406.4169,218718.3301,219747.7682,220563.2187,221543.4499,222694.0222,224212.9842,226154.6536,227844.6827,229221.187,230641.9267,232191.4052,234030.9169,236000.176,238035.0637,239762.3061,240704.9587,241433.0723,242294.3001,243629.5116,245160.5012,246629.6849,247728.1119,248580.3146,249110.3596,249999.4815,250916.6381,252336.2962,253997.1319,256072.8657,258685.5368,261312.8925,263619.1138,265637.1343,267564.7797,269566.1249,271490.8192,273060.3265,274355.311,275151.9782,276514.7039,277883.7813,279605.2228,280913.9632,282281.6636,283985.7388,285778.352,287431.7175,288675.5102,289866.9191,290985.7124,291982.7185,292858.8852,294022.1816,295288.7685,296646.9161,298516.7051,300701.5421,302912.7467,304692.0711,305980.1115,306813.9986,306656.3667,306397.2419,307116.9632,309351.0029,312849.9022,316373.3662,320305.887,324802.8772,329981.4585,335853.155,341359.7148,347612.8418,354624.3131,363185.3889,371953.098,379981.3304,386598.9282,392854.6029,399219.076,405588.4649,413441.8046,423172.7774,435316.0148,447810.4722,459900.4204,469896.155,475967.4728,478063.4956,477823.5055,478127.1783,478786.7035,478328.9153,475791.423,473024.0404,471880.2178,472351.4796
73910.45696,74057.80049,74197.8861,74521.03709,74895.14384,75315.35363,75791.28679,76264.04,76813.846,77320.6404,77844.40683,78402.61412,79010.32057,79663.64554,80204.04413,80653.46101,81020.3354,81529.09974,82194.57836,83067.77244,84007.76504,84911.67871,85738.40952,86503.2296,87178.86122,87757.13037,88317.96001,89171.719,90199.13245,91439.98357,92795.13995,94245.91158,95509.83,96593.16151,97583.21677,98797.40642,100154.3356,101637.0303,103176.8206,104717.0062,106122.5642,107393.3991,108474.3562,109587.5646,110855.9961,112276.8455,113815.7432,115143.0895,116554.5248,117847.0426,119444.8434,121041.3246,123098.9396,125144.8009,127598.4229,130257.7774,133149.5704,136061.2349,138801.8263,141666.9352,144350.0712,147032.9425,149524.4175,152007.8402,155102.6372,158957.4131,163111.1362,167291.5843,171961.1094,176695.9705,181057.1739,185161.3913,189497.2532,193769.1482,198410.745,203420.4623,208424.2638,212220.4879,215418.2734,218133.758,220241.396,221498.2983,222698.9066,223893.4534,224643.7023,225451.8539,225786.2559,226336.1723,226253.9238,225790.6022,224927.8154,223787.7443,221955.2419,220437.3266,218176.1085,216672.352,212744.4628,208107.5674,202236.7158,197320.7903,192807.9438,188796.8584,184927.3301,180420.8928,175145.1765,169057.1652,163812.8263,159282.7977,154995.8225,150863.5166,146301.5812,142105.7255,137453.3821,133302.8646,128561.8782,124163.4064,120385.6275,117779.9514,116241.6708,114681.6951,113671.3028,112247.5553,111030.2919,110084.7355,109458.7951,108550.0695,107415.312,105995.7778,104686.2983,102807.0115,101019.5956,99029.70689,97194.17646,95413.01174,94282.03582,93534.05054,92926.68604,92228.42394,91838.99067,91777.76127,91761.41924,91855.26897,91707.35707,91434.58823,91423.56237,91339.11583,91076.0744,90446.29416,89747.74778,89499.28569,89533.73296,89850.04687,90242.40336,90387.30089,90669.8616,91445.13263,92840.39199,94435.22403,95981.12678,97804.59563,99766.40206,101835.7435,103669.2299,105470.5353,107067.82,108680.3865,109756.3243,110754.2666,111174.0275,112023.7027,112820.7212,114333.9505,116073.3999,117927.6421,119790.1705,121601.1446,123481.143,125208.3596,126813.3183,128497.6253,129381.7273,130156.7704,130709.8097,132599.4229,134975.2359,137679.3029,140335.3555,143180.4196,146318.2831,149431.9197,152250.7131,154778.4748,156905.7469,158774.4607,160642.7794,163086.6963,165842.9635,168695.9862,171108.4494,173407.514,175747.7398,178433.9673,181012.243,183374.1524,185425.6321,187965.0415,190708.0827,193563.362,196429.7056,199700.5584,203367.8547,207267.6695,210850.0658,214286.9306,217141.8552,220268.7188,223002.4624,225708.7876,228128.6518,230568.3473,233328.1195,235905.1635,238233.3003,240140.8725,241923.5192,244481.4704,247601.2549,250603.0431,251944.0018,252567.8099,253153.0688,254164.821,254674.7721,254913.8026,255485.3949,256355.5712,257273.1452,258955.1537,261724.7074,265294.6561,269216.6905,273396.942,277524.1327,280471.0945,281362.2241,281271.7956,281470.6544,282770.8773,285239.1006,288417.8803,292533.5164,296800.6242,302368.3086,309194.6694,316262.1574,321679.1724,326052.7814,330706.1151,335189.6323,337893.5792,339017.2023,339836.9234,342391.439,346213.9565,354183.0106,365367.2345,379281.2653,391843.3892,401971.7196,409523.7982,414697.3817,417603.4775,419217.0066,420094.077,420893.9653,420194.9956,420506.868,422821.6072,427267.0585,431800.9416
120199.8179,120679.2875,120995.5128,121697.3961,122206.5538,122743.6585,123500.9742,124298.154,125096.4518,125615.4651,126251.3722,126931.7956,127847.0714,128787.6654,129767.9776,130714.7423,131607.7192,132557.8502,133570.9857,134572.8296,135634.2003,136516.9247,137371.7071,138075.2495,138819.6659,139668.4865,140667.9497,141726.8911,142728.0555,143745.4241,144966.0971,146368.9428,147879.1649,149239.3258,150463.8803,151383.858,152247.7638,153162.1331,154153.2268,155177.2789,156160.8147,157150.1819,158248.6429,159263.6689,160171.3016,161203.109,162290.0283,163509.9061,164404.4148,165498.4446,166718.8903,168216.4062,169992.1324,172215.2817,174804.0579,177442.5111,180009.4974,182042.4375,184071.596,185943.1092,188024.919,190406.758,193055.7131,196248.8469,199597.1808,203199.4998,207821.3714,212023.47,217097.3551,221538.4896,226482.2662,230934.646,235078.5821,239189.8644,243627.683,248703.1363,253459.1246,257821.5536,260651.4838,263622.4366,265483.1827,266565.8678,266421.48,264700.5929,263352.7972,261973.4844,262365.7811,263244.65,264116.5204,262766.0648,259926.9356,256154.3551,251980.153,247478.8183,243514.5233,240418.3981,236529.6408,231164.3407,225159.393,220455.8002,216681.5935,213831.8977,210557.8373,207321.7115,203790.8495,200193.8498,195493.3375,190767.2047,186508.8318,183073.6458,180171.6686,177071.2548,174184.926,171101.3222,168469.4109,165788.552,163326.5384,161303.9332,160171.2118,159172.4304,158491.9957,157921.1438,157669.1328,157340.5913,157321.296,157251.3867,156525.8564,155317.8519,153566.1156,152039.3989,150325.9822,149055.1162,148137.0296,147170.2628,146371.5277,145060.062,143760.7321,142375.4641,141281.1035,140559.9267,140188.3591,140342.5514,140570.4296,140663.5413,139913.3296,139654.7307,139890.9191,141147.6465,142338.621,143483.9251,144722.294,146094.3034,147511.1569,149059.1148,150809.9947,152885.4793,154811.7815,156531.1664,158093.4923,159765.7683,161748.0539,163825.6793,166104.1736,168488.2351,170966.4719,173454.3641,175641.3902,177535.218,178787.2759,180033.2354,181087.3985,182178.7315,183353.4085,184481.4531,186126.0442,187427.3309,188832.6287,189675.7945,190610.0629,191554.151,192695.7415,193775.9475,194794.5445,195634.4904,196491.5836,197310.4716,198478.8794,199769.2639,201326.0714,203031.126,205099.9884,207346.7776,209339.306,211059.8719,212177.0683,213290.8676,214221.6387,215189.6224,216116.7523,217087.6616,218403.82,219737.6791,221138.3146,222479.585,224089.1722,226153.5269,228528.4133,230696.4409,232265.3461,233533.9115,234852.6649,236504.5863,238349.7721,239911.1177,241276.6467,242806.5637,244568.1607,246298.5013,247634.2726,248579.9164,249088.3468,249534.5636,250707.9192,252268.2706,253974.5976,255176.1174,256547.401,258017.1518,259364.1161,260096.9256,260115.4054,260193.0463,260412.0953,261305.4345,262112.4513,263012.5892,263634.9303,264758.0718,266517.2335,268721.8049,271351.6735,273803.8986,275999.6048,277576.1323,278592.9699,279448.7678,280589.1976,282574.7783,285682.7443,289366.327,293744.2791,297952.7769,302726.9804,307948.3287,313535.8607,318928.4707,324064.5527,329584.0972,334636.4841,338672.0362,341640.7297,344665.4287,348782.7442,353762.6107,361082.4273,369875.5666,379593.223,388282.5897,395882.7212,402584.1412,407308.4542,408911.965,407598.1917,404993.4444,402278.3928,399154.0321,396457.3203,394466.2471,394057.8611,394787.8643
45757.89731,45851.75652,45969.41915,46241.76393,46503.19972,46720.65267,46868.27039,47063.80971,47297.87839,47593.70765,47880.01307,48236.79001,48477.68412,48736.10559,49196.09024,49872.28397,50802.73065,51796.08967,52949.51875,54057.22811,55058.51817,56080.05196,57031.86163,57935.2832,58616.91045,59052.58967,59339.5833,59624.80657,60085.63548,60487.80605,60869.85401,61303.04024,61901.20853,62600.93539,63297.60402,64016.4398,64649.69182,65257.06919,65958.34604,66739.30501,67593.16343,68430.57316,69346.12861,70194.56389,71027.12535,71815.65011,72652.21913,73468.0421,74186.81876,74832.63542,75391.90103,76165.29398,77185.31201,78417.20057,79626.89953,80965.91711,82351.29662,83658.94969,84779.71427,85908.50207,87062.21762,88417.68838,90136.16993,92196.95379,94390.82931,96325.74717,98368.08757,100482.6715,102594.2229,104653.2272,106506.9135,108473.9658,110085.5418,111626.7962,113051.8262,115427.5568,118028.8849,120920.6828,123024.4387,124724.5156,126143.896,127231.3889,128320.7299,129096.0626,129895.7888,130433.3403,130564.4431,129965.854,129057.8046,127923.9902,126647.7787,125118.0323,123597.2993,122286.2483,120614.3844,118741.7118,116720.7173,115057.1446,112935.0196,110768.9862,107954.2542,105453.8812,102327.4893,99231.92718,95635.94628,91855.08824,88294.24441,85130.91255,82832.05299,81037.42997,79353.56365,77503.52454,75114.23208,72615.24672,70330.00597,68507.58395,67271.61242,66497.4506,66042.74456,65656.85373,65113.11813,64615.59475,63931.07451,63404.77464,62897.24397,62534.5074,62038.22895,61320.50574,60347.69284,59339.88006,58214.10903,57205.30465,56242.26204,55546.59716,55107.11713,54718.67633,54387.81601,54026.38802,53634.74928,53232.51221,52845.26061,52538.0793,52337.12507,52320.71764,52313.68877,52342.57302,52314.03048,52513.30359,52916.33698,53474.61066,53918.89497,54062.72472,54097.43123,54016.79471,54121.65416,54318.25894,54869.56728,55589.43535,56519.81156,57483.78481,58609.68037,59509.89411,60223.39196,60534.81392,60887.95503,61199.62298,61537.12188,61617.14935,61648.72131,61781.66342,62124.53153,62560.07678,62937.41799,63114.99926,63470.40718,63952.90016,64421.9449,64494.26773,64546.85999,64784.59674,65190.98281,65410.49874,65731.25306,66044.75378,66406.66665,66358.10504,66393.6298,66585.49703,67106.65631,67618.87479,67708.65332,67582.49418,67466.72154,67567.33488,67814.40465,68060.9724,68360.196,68802.85371,69106.41047,69692.1606,70456.20519,71486.91464,72259.61356,72576.31708,72946.79327,73415.75401,74199.60359,74734.46072,75258.71798,75851.78554,76625.76972,77339.44756,77934.44108,78668.73907,79900.51022,81618.22884,83027.72085,84081.43723,84762.64957,85198.88801,85496.7531,85710.15561,86745.77837,88014.11544,89413.97424,90423.55401,91432.70171,92373.17743,93178.59405,93507.02013,93636.05967,93674.21057,93927.43279,94186.41529,94458.33404,94839.68107,95234.86627,95998.40251,97066.73931,98629.424,100369.7554,101943.4617,102907.8609,103178.426,102883.9518,102338.5312,102001.9805,102353.6938,103528.2794,104777.8246,106193.3579,107522.837,108931.6655,109968.9675,110807.6991,111541.8469,112527.9249,113845.1878,115783.6009,117815.263,119838.8365,121472.5395,123433.7109,125695.4227,128442.7064,131238.8454,133739.6524,136157.3544,138163.8269,140767.3333,142808.9893,144638.7429,145890.6868,147220.571,148942.1978,150509.2359,152670.9684,154781.5349,156862.4839,158315.883
86679.76167,86950.64235,87161.53793,87333.85364,87479.26086,87629.9233,88136.72504,88666.21605,89209.56402,89730.55223,90213.28929,90703.79847,90948.63665,91137.15613,91278.4128,91689.66991,92085.33212,92564.63623,93022.4709,93636.56898,94117.33403,94515.54165,94739.82738,95170.29635,95487.07353,95634.72528,95553.86247,95474.65998,95736.65499,96146.46703,96670.20954,97039.73683,97280.70208,97570.75693,97889.45242,98349.71051,98720.17916,99245.92058,99762.15555,100576.7828,101456.5596,102286.6499,102972.7957,103587.2734,104294.4395,105054.2164,105864.0532,106833.8996,107679.1918,108491.9641,109256.272,109974.6722,110615.2965,111379.8883,112301.193,113680.8057,115425.4462,117205.6893,118836.546,119965.4014,121340.5014,122691.5378,124204.216,125963.7797,128028.1788,130975.882,134323.3362,137946.3009,141469.6917,145225.2179,149322.6138,153094.0051,155551.4086,157492.3314,160007.4999,164820.3008,170155.057,175157.9393,178129.3176,179975.4373,180289.7425,179451.447,178201.0234,177723.4271,178321.9637,179373.823,180231.2108,180546.7733,180350.5986,179819.8025,179127.017,178167.1424,177070.4539,175781.0337,173558.2565,171497.2781,169993.1888,169678.2158,169114.6197,168260.0937,166659.987,164362.1182,161533.6308,158113.071,155192.7393,152871.8279,150994.9758,148331.2602,145095.6795,142038.7879,139509.2428,136964.8475,134550.2798,131891.0388,129504.2595,127410.0114,125246.7979,122624.682,120550.3132,119293.987,118899.321,118508.6525,117674.9287,116340.2602,114536.2291,112894.7043,111625.9379,109888.478,108280.8652,105855.115,103675.9941,101342.0829,99086.24747,96955.42508,94840.6431,93385.45066,92478.9474,91904.30912,91360.65118,90589.82361,90042.51011,89720.88431,89515.39333,89182.90446,89164.06846,89510.92075,90147.66052,90744.71981,91365.90065,92000.60039,92613.51156,92977.58449,92919.68328,92807.14385,92870.9053,93621.43096,94532.57012,95569.52691,96854.81751,98464.56869,100224.9646,101690.4738,103154.4022,104895.8851,106701.3964,108511.4003,109894.2694,111050.4194,112160.0562,113384.4586,114839.1704,116009.3696,117005.3607,117789.7599,118746.4408,119636.8811,120320.6598,120976.4173,122096.9107,123694.5287,125000.7284,125976.1511,126835.46,127922.7034,128958.242,130037.1639,131351.6548,132818.3901,134034.089,135243.9632,136383.5878,137769.6877,138893.2664,140017.0103,140806.9918,141725.1579,142432.38,143281.9544,144145.4954,145527.8549,147104.8645,149000.8547,150599.9376,152181.3076,152996.459,153466.9533,153895.5366,154880.1321,156081.2735,157538.8991,158933.619,160634.1725,162288.644,164165.719,165875.7594,167403.0192,168319.8308,169111.5783,169996.8871,171098.0155,172230.4177,173338.644,174651.4776,176107.5631,177709.959,179395.3304,181272.2918,183094.0912,184740.8835,185857.8616,186558.2367,187046.3796,187539.4913,188196.8618,188919.9246,189857.5371,190816.6137,192093.0562,193694.5002,195493.1438,197405.0097,199307.2381,200877.3126,201965.66,202294.57,202750.6423,203526.5272,205241.2188,207795.5024,210784.9341,214106.2086,217192.3416,220811.7821,224566.6718,228447.0651,231940.5326,235580.1636,240173.7117,244862.5847,248935.5599,252214.2492,255735.9937,260272.1844,265350.4413,272069.3625,279853.2149,288097.7066,295547.7182,301744.8591,307047.1075,310479.1824,312018.0214,311797.609,310760.1541,309361.5884,307412.4463,305605.7423,304442.6633,304496.797,304771.0392
111822.2849,111843.6546,111897.1014,112323.8812,113115.6737,114285.2239,115458.5056,116773.3029,118067.7362,119262.3189,120185.9024,120923.1766,121528.8109,122239.7788,122807.6991,123475.0859,124113.026,124853.9498,125652.2013,126407.4493,127298.822,128167.7579,129255.153,130327.3564,131514.395,132566.5877,133757.6549,134922.7677,136063.3252,137113.769,138163.1561,139343.1979,140577.6777,141908.558,143249.1986,144771.9328,146382.3882,147959.7965,149467.142,150856.8631,152338.012,153682.2484,155162.6515,156628.2477,158233.8947,159647.7468,160900.2374,162097.1092,163293.243,164628.1841,166255.0973,168128.9857,169875.2884,171886.0391,174304.9598,177358.9958,180409.4783,183021.8892,185029.4855,186918.7783,189506.2831,192580.3058,195866.7086,199798.51,203826.308,207951.139,211490.835,215700.7724,220664.223,225251.6388,229435.0044,232594.1283,235478.0659,238705.8548,242749.4891,247199.4156,249802.932,251470.06,252391.9706,253788.6957,253841.4637,252747.1262,251077.3239,248849.5892,247771.2253,246998.3555,246395.726,245194.102,243415.3761,241352.3089,238163.3423,234329.3009,230934.7351,227750.8039,224924.6304,220469.5788,216735.3863,212958.5622,210930.9003,208396.5508,206071.9818,203651.2807,201368.2685,198558.9403,195422.6761,191819.2098,188529.7333,185660.7685,183333.9197,180898.5492,178175.4121,175041.4228,172441.026,170518.0914,169197.4326,167706.1995,166055.987,164363.1535,163507.2262,162855.1582,162514.0416,162220.4873,162012.6506,162114.741,161721.9202,160867.5416,159694.8467,158405.4241,157141.753,156051.3007,154957.979,154251.5477,152727.9515,150701.4467,148438.1212,146606.4624,145572.1408,144516.1165,143440.2957,142341.6963,141466.1601,141311.301,141048.4386,141038.6229,140825.8401,141101.9401,141598.6624,142381.4254,143300.9796,144096.7485,144741.873,145049.5285,145276.7549,146048.4985,147461.0027,149653.7918,151421.857,152778.7888,154003.6875,155493.9861,157445.6554,159158.7887,160839.3358,162254.7434,163615.4416,165663.9638,167879.6293,170381.5271,172091.9003,173810.7493,175730.3114,177497.0916,179133.4283,180107.3954,180879.3452,181447.1111,181893.3758,182789.1503,184237.2537,186522.4241,188272.4581,189512.2093,190341.2445,191508.852,192791.1106,193817.2195,194892.0106,196207.0387,197525.7188,199079.2083,200498.2495,202239.0887,203592.0322,204903.396,205806.9217,207118.761,208300.7114,209497.8465,210392.2664,211450.4415,213074.6361,215164.0226,217281.3718,219261.7911,220753.2444,222024.6613,223058.0881,224325.1465,225413.8416,226882.8431,228460.4225,230635.0108,232722.8899,234925.9026,236960.8178,238775.6934,239501.0466,239488.0704,239584.6683,240601.1412,242393.6757,244050.7481,246065.0029,247831.9593,249556.7627,250642.9113,251954.09,253335.9274,254640.7105,255833.549,256989.4094,258359.203,259569.4826,260828.9108,261943.4648,262933.8063,263683.6418,264511.7546,265807.3025,267223.4946,269785.5405,272435.6992,275242.7129,276802.6997,277398.2034,277922.2391,278820.8334,280648.6396,283340.4369,286417.9964,290174.7232,293705.4927,297743.4685,302058.2056,307046.1666,312464.5999,318547.4452,325281.0434,332551.9796,339489.2764,345894.2639,351385.3044,356761.943,361783.5899,367893.3667,374712.0364,382868.6147,391582.8131,400277.182,407826.6987,412351.9363,413747.7021,412528.8878,410653.6671,408187.7895,404840.8833,402730.2216,401976.8802,403533.9525,405146.8237
275252.7279,275858.9701,276739.3683,278626.4129,280739.9727,282833.8997,284940.3732,287501.8616,290280.1695,293363.7101,296460.6496,299919.7239,302800.1055,305664.0799,308948.9943,312721.0456,317446.7827,322673.3977,328400.3844,334464.0645,340418.2612,346782.0174,352419.3491,357408.7288,361541.9092,365032.9281,368228.7706,372117.2447,376222.6843,380468.2856,384627.5997,389302.6889,393997.581,398565.0844,402416.529,405939.7629,408573.8938,411058.6356,414404.35,418933.1097,424123.3153,428742.7252,433150.208,436947.5058,441006.6481,445105.9741,450055.1914,454596.4178,458665.5822,461907.7215,464900.5541,468521.3728,473916.29,481038.9572,488575.0131,496477.0768,504775.3208,512539.4078,519227.99,525428.1795,531987.5324,539633.7726,549299.054,559925.3852,570694.9901,580126.6542,590928.0753,602867.5389,614694.2748,626003.9342,635804.944,645789.7128,652956.7834,658399.5196,661896.8791,668563.446,675181.3817,683134.4813,687297.8093,688785.1336,688125.4948,686247.169,685674.125,683687.367,682070.3276,678882.5926,675179.7952,668550.4248,661385.2857,652016.8909,641109.4236,628335.8585,616378.7483,606081.5961,595755.7598,585167.7294,574611.6948,565335.0079,553325.4536,541267.5223,528438.2564,519962.8065,510901.9698,502533.0947,493152.7566,482441.7951,472097.478,462051.9279,454009.4265,446293.5663,439146.8293,433907.2182,428438.9794,423103.437,419393.5576,416971.1259,415012.2319,414650.6692,415178.0619,416694.7203,417287.8953,420193.4406,423376.4174,425070.2216,424939.2784,424116.8646,424150.3643,423022.5401,421554.5213,418480.7287,417110.196,416271.9466,416513.6723,416048.8987,415872.0114,415308.1486,414118.0996,412938.7031,412229.8283,412260.0082,412595.7747,412266.7031,412410.2565,412874.577,414732.5053,416509.2922,417557.4571,417679.4678,417649.9666,417432.2409,417439.804,417995.8554,419588.6362,422748.8224,427151.4865,432191.0216,437936.6318,443560.2196,449337.2591,454231.1439,459618.3822,464949.1151,469642.9741,473808.9749,478042.6429,482697.9556,486745.8339,490761.6435,494236.3685,497859.8927,501393.1226,504834.6658,508442.256,511319.0633,514190.5559,516145.329,518103.6895,519894.2337,522439.7462,525327.75,528943.7189,531822.4431,534468.6284,536267.0905,538694.006,540284.4852,541592.3137,542829.4734,545051.9823,548379.7015,550068.9126,549628.5495,547931.274,547443.251,548768.131,551376.1009,554913.9905,558219.1517,561270.9246,563222.8156,565252.9085,567290.1905,567868.4788,567448.8128,566979.41,569281.8829,573940.9223,578608.6773,581890.9049,583791.7735,584787.103,586323.6413,587959.5979,590400.4666,593491.4521,598022.0273,601376.6948,601944.7729,600823.1095,600670.1183,602771.6927,604945.8727,607572.6619,609324.0747,610792.9448,612090.2137,613909.0556,616341.9511,618130.5365,619078.9976,619539.9275,619929.8923,619352.734,618118.3653,616222.663,614777.293,613469.7758,612982.161,614126.3559,616695.8514,619649.7286,622840.9786,626037.3581,628771.5893,629466.7781,629177.0907,629588.4423,631706.2447,635559.2578,640868.1942,649180.8237,658745.523,669099.7127,678808.7916,690050.5603,703082.9867,719027.5395,736342.2319,754505.0155,772499.6955,790188.5075,808613.4176,827895.5554,848398.9274,872149.8808,897917.2458,927418.4287,956771.4144,985183.0113,1010383.817,1028310.019,1036916.477,1033764.458,1026887.798,1021292.362,1017750.189,1013414.68,1009349.349,1008703.637,1010362.923
60621.67342,60804.51695,60976.44886,61327.7793,61695.63808,62026.01323,62368.58877,62760.69291,63156.24506,63522.12322,63870.71014,64271.99665,64734.99857,65165.78076,65631.09505,66120.89962,66599.12859,67048.81944,67465.75402,67974.23431,68475.50205,68975.39849,69352.73622,69712.42723,70092.3037,70642.39679,71263.97153,71969.49158,72656.36912,73310.41895,73908.59276,74472.66402,75031.20873,75519.02924,75937.00628,76330.32412,76776.39177,77299.41099,77913.52558,78533.74372,79106.02157,79639.65257,80186.08614,80961.7421,81928.01975,83025.23318,83852.69606,84571.53033,85288.20906,86392.18318,87700.97313,89125.5646,90402.00683,91748.5981,93253.00207,95138.26452,97051.25757,98891.20852,100574.0529,102267.5278,104044.2102,105652.6249,107353.7058,109268.9842,111623.0756,114248.6395,116860.4789,119894.0864,122893.1021,125860.6354,128097.577,130055.976,131966.1463,133652.8783,135159.3078,136406.6836,137718.7541,138850.2844,139712.6026,140333.2761,140722.362,141018.1126,141051.5267,141003.7556,140813.4428,140610.2511,140294.8061,139774.119,138700.4349,137074.3183,135942.3613,134644.3369,133493.1338,131623.4102,129896.8417,128113.4319,126217.1615,124304.8146,122287.0123,120121.8021,117760.7354,115590.0168,113389.917,111034.3904,108620.1834,106487.5625,104888.3789,103569.5641,102215.592,101006.2784,99708.87996,98433.86646,97166.50891,95814.82847,94369.19795,92885.56579,91513.45841,90413.11939,89560.36472,88907.49702,88410.23432,87947.19376,87519.07185,87047.6242,86556.02023,86076.53966,85607.11684,85067.92259,84430.66888,83631.51057,82909.04619,82138.26328,81603.91657,81090.6182,80589.19674,80010.47353,79485.09301,79085.92126,78692.61319,78311.09299,77924.10694,77564.92891,77228.81224,76998.80273,76828.68323,76739.54694,76610.80317,76837.09577,77124.86849,77633.39953,77801.8592,77543.03118,76973.87092,76734.37533,77000.65627,77623.01881,78154.92925,78678.51721,79382.86794,80379.42216,81603.79723,82867.0607,83708.46897,84282.76333,84379.6185,84536.90715,84506.57667,84937.745,85534.42117,86244.93421,86806.34748,87343.10048,87985.28345,88634.79221,89140.56098,89635.82417,90048.97165,90469.47393,91144.24483,92023.94959,92965.3426,93869.75757,94800.25478,95932.05715,96939.17181,97802.83523,98806.75818,100177.5865,101969.3005,103861.0743,105299.3957,106530.6258,107570.94,108845.9225,110002.3045,111084.7156,112007.0213,112838.1359,113726.8825,115173.1356,117139.0849,119160.6013,120934.8091,122308.3902,123677.5472,124822.9448,125951.7165,126860.402,127756.7906,128572.9072,129547.3955,130689.8238,131896.616,133057.1346,134228.8461,135304.8198,136333.1751,137124.363,138012.1405,138786.4208,139789.4536,140836.4721,142049.2502,143165.9246,144371.3193,145624.0219,146875.8829,147935.5403,148722.879,149400.7014,150063.16,150693.9432,151547.5911,152593.1375,153876.7303,154998.7782,155739.2016,156304.6766,156755.3766,157356.9503,158365.736,159718.2624,160698.1955,161140.9326,160823.3036,160458.977,160645.1316,161660.9902,163706.7083,166123.1457,168875.0763,171514.2504,174144.2785,176880.4131,179597.1445,182357.7888,185522.0631,189621.5071,193677.5962,197362.1723,200006.571,203018.7578,206808.1542,211692.8628,218160.7022,225684.602,233903.0816,242041.3948,248983.4825,255141.7245,259014.2387,261194.2966,261580.8602,261556.6294,261341.6836,260200.0602,257732.7306,254661.7762,252732.2028,252205.0217
141112.4527,141273.2535,141673.2178,142401.4814,143285.9216,144046.1185,144616.863,144974.9538,145184.458,145340.272,145773.3714,146406.4354,147155.2306,147686.3838,147148.8543,146289.8148,145500.499,145755.323,146362.6076,146874.756,147166.5222,147426.7996,147577.468,147849.4654,147920.4369,148044.2125,148343.3616,148870.3309,149369.2205,149821.71,150395.4568,151300.9014,152057.6214,152781.8485,153433.4475,154268.3281,154935.5236,155714.3217,156772.2359,158190.2353,159611.1409,160913.1679,162056.6567,163241.5233,164243.4416,165567.1784,167110.9878,168797.2448,170279.6928,171475.7002,173193.7072,174962.0088,177039.1909,179541.9374,183242.9984,187887.3888,192860.512,197891.6746,202428.5389,206792.2509,210734.0366,215439.9964,220444.3697,226786.9837,234495.1898,243279.7402,252811.2442,261414.3325,268481.1702,273841.8313,279207.4667,283857.9784,285977.6039,286415.5787,287717.1819,290649.8602,292885.2807,293317.9284,292210.02,289553.5112,286596.5215,283702.7949,281349.5934,279125.1592,276959.4918,275062.5103,272569.1258,270242.1979,268105.6545,265668.144,262552.142,259318.6858,256605.1443,254408.2591,252100.8773,249443.4941,245610.9188,242811.0106,240884.1981,239971.5373,238035.8206,235254.3313,233070.3294,230787.6553,229722.6395,227296.2826,224957.9233,222081.6965,221222.3147,219814.8988,217152.1226,213417.1856,211649.817,211784.6779,211801.0457,211067.9011,210128.4535,210096.5449,209712.8663,208901.9745,207130.414,206643.1089,207402.2067,208783.8865,209424.0292,209202.0168,208872.8872,208634.613,208116.4605,207459.5765,206098.6665,204822.4394,204353.1882,203497.2207,202140.3369,200309.9638,198856.1142,197975.7781,197236.8143,196893.5758,196380.4033,195110.6324,194368.9638,194076.9987,194078.6325,193384.7864,192688.8889,192504.2347,192938.2808,193503.6274,194434.9512,195548.1626,196292.6177,196434.223,196251.4684,196641.2359,197222.5153,197641.5973,198261.8293,199160.4055,200538.3778,201760.0849,203147.84,204709.018,206341.6575,207747.4904,208597.2656,209414.0994,210392.9917,211544.565,212749.8476,213785.8093,215100.818,216000.7904,216799.3911,217418.0462,217940.0763,218015.5679,217903.7892,217949.6184,218766.0646,219900.7493,221223.0227,222029.4842,222627.6093,223108.0365,223700.5779,224163.239,224358.2828,224718.8133,225208.6449,225708.9646,226387.0758,227106.567,227773.4455,228284.1274,228764.3512,229255.3261,229453.952,229614.6214,229972.1726,230851.7237,231894.7722,233078.2645,234121.9394,235463.8673,237254.0963,239292.2468,240922.4907,242477.8392,243975.8607,245713.2198,247428.3411,249599.441,252111.3148,254821.9299,256928.0635,258525.5864,259725.5656,260941.0914,262303.8876,263558.5675,264894.2817,265862.9738,266809.2987,267744.3723,268937.5492,270293.3541,271337.8343,272450.2465,273532.0805,274787.9364,275880.3244,277075.2368,278099.4798,279077.4538,279991.0329,281475.3443,283515.98,285750.4632,288281.9024,290786.1386,293164.8937,295000.7773,296192.257,297426.2474,298894.2422,301115.0523,304118.6277,307891.0844,312721.9279,317888.3714,323484.3531,329037.9595,334646.867,340177.2918,345870.8189,351798.0832,357441.5909,362213.1221,366081.3266,369532.9366,373430.4109,377608.5367,382777.6022,388704.6728,395474.6321,401973.4676,407531.4796,412316.7946,414937.8839,415442.1279,413850.8804,412592.1,411450.5772,409865.65,408011.9415,406978.2277,407562.8967,408379.6604
63085.11244,63251.05136,63420.42162,63833.84568,64148.56015,64499.6312,64690.24114,64997.43478,65226.93748,65584.44456,65939.52067,66309.79542,66652.09057,67046.18638,67401.18426,67817.20213,68243.64576,68879.9061,69538.71928,70152.02623,70709.67629,71279.30307,71880.98116,72498.61747,73010.12971,73435.31678,73827.99612,74312.56509,74998.59273,75742.86641,76587.08315,77317.64273,77941.39588,78409.50939,78858.15526,79590.87951,80572.3287,81812.0466,82971.89237,84406.10141,85862.57014,87282.28681,88427.43998,89534.68574,90965.26431,92631.78471,94390.62691,95901.34586,97108.98448,98103.7332,99128.6994,100189.4942,101403.3848,103013.5445,104895.3003,107102.4103,109290.7805,111620.4319,113934.0588,116372.5932,118594.348,120736.0939,122572.2461,124368.647,126582.9238,129393.3222,132513.9943,135684.0898,138784.396,141572.5094,143714.5934,145675.3347,147820.5923,149934.2403,152620.5608,155729.9623,159083.16,161899.2977,164660.9328,167296.1654,169634.6435,171407.3209,173134.057,174849.7369,176168.5204,177489.0816,178166.5464,179095.1172,179571.3265,180139.7666,180590.0767,180406.1648,179316.995,178315.5067,177304.9107,177038.304,174533.9628,171503.7713,167746.8417,164513.2899,161440.9514,158184.9672,155321.5626,152011.8213,148546.5861,144743.8488,141126.0753,137496.7884,133427.3404,128985.1465,124352.8108,120506.6734,117469.4833,114229.3598,110532.5687,106842.3053,103474.8677,100613.0048,97108.22536,94086.8789,91386.93528,89349.44043,87199.19361,85124.58566,82852.09317,80718.93649,78682.36575,77048.39746,75484.11118,73215.77198,71324.28508,69748.13577,68868.50901,67925.90557,66659.23115,65440.01505,64363.54555,63551.67854,62487.84653,61539.74514,60725.33909,60565.89303,60208.40765,60001.46787,59717.12616,59708.96504,59777.79382,59904.30728,60000.92763,60038.91075,60376.64103,60747.66117,61456.72611,62291.58893,63320.08448,64809.93576,66457.68117,68040.14449,69343.04161,70507.80294,72030.73094,73614.9108,75571.11361,77310.03231,78675.60927,79717.3517,80808.98291,82168.00153,83513.68446,85123.66743,86992.18336,89264.52843,91503.76081,93694.85652,95780.76139,97176.6725,98380.20539,99014.69862,100205.2833,101242.7472,102236.3618,103005.6099,104181.6735,106197.4913,108752.8372,111554.0478,114492.6504,117362.8719,120070.4515,122467.6625,124876.5951,127244.5954,129459.2163,131110.3934,132485.2287,133951.0912,135457.1826,137438.7274,139608.3606,142402.2053,145032.0394,147746.6546,150404.1672,152612.7159,154861.7429,157543.4899,161234.4983,164775.252,167504.1108,169995.6222,172395.0439,175066.7954,177637.0218,180515.8696,183760.1662,186893.9684,189110.3416,190532.2121,191849.9098,193334.5307,194934.5758,196843.5642,199286.1289,201933.4113,204230.0751,206767.651,209573.3729,211909.7054,212789.6002,213459.1589,214750.4137,216905.397,218818.0125,220282.4829,222255.1973,224354.7322,226441.1141,228194.8325,230198.0682,232192.7783,235112.9975,238696.1178,242864.5133,245857.9558,247085.3277,247355.2181,247746.4356,249191.5694,251577.6732,254366.8229,257923.8321,261498.6894,265802.3884,271051.0076,276654.7905,281381.4751,284721.9259,288313.684,291205.6537,292752.2872,292582.9965,292460.2487,293619.47,295227.1449,300569.9701,309162.0894,320480.6184,330255.9488,337592.7613,343662.4269,348887.6687,352702.1965,355266.2952,356481.1753,357112.2576,356725.7221,358316.7245,361962.815,366981.6991,370777.9161
90183.37827,90258.44332,90413.72112,90904.73366,91704.46557,92719.53274,93685.67101,94630.51324,95468.07217,96236.79462,96985.21458,97693.42046,98285.85463,98972.64537,99619.91725,100436.8938,101066.2716,101777.2246,102465.929,103267.7757,104166.1391,105158.8712,106202.3498,107328.6306,108440.5856,109405.091,110396.4498,111445.1113,112586.7947,113598.5571,114507.701,115416.602,116362.5387,117379.0447,118479.2503,119688.9871,120948.8884,122244.426,123497.9161,124843.6517,126215.4434,127441.781,128741.5721,129976.4851,131348.4524,132498.1183,133487.0006,134350.6292,135233.971,136295.888,137641.0641,138947.9933,140168.4789,141610.774,143690.1683,146317.7658,148942.8262,151091.9338,152769.6033,154473.2716,156836.9599,159650.7368,162609.5847,166156.6331,169629.4775,173245.4079,176320.779,180016.691,184207.709,188016.9219,191437.7552,194142.3855,196772.7802,199825.5776,203528.6338,207369.8134,209639.8165,211016.4814,211896.6054,213088.0422,213331.2988,212692.844,211537.868,209865.527,208889.3823,208153.6918,207386.1307,206233.7724,204728.478,203228.5736,200836.8057,197600.6739,194489.5095,191595.6192,189243.6689,185483.2794,182141.2034,178663.7807,176748.3333,174381.9489,171942.4231,169116.4577,166427.9545,163778.5694,161160.5114,158713.2036,156312.0474,154088.198,152021.3912,149978.7172,147948.4453,145471.7105,143512.9226,141931.6776,140716.8821,139362.6263,137884.9851,136195.2297,135058.7968,134483.941,134497.45,134669.29,134567.8215,134756.2916,134484.9701,134205.0642,133515.3089,132589.3379,131293.3332,130197.4914,129184.8998,128628.1969,127171.8962,125207.5624,122947.0025,121169.2063,119925.249,118513.2314,116839.384,115259.5567,114104.7566,113947.2187,114706.0991,115864.2997,116595.9334,116802.0179,117060.8443,117781.1774,118745.8939,119535.4644,120171.7535,120551.4832,121004.1062,121973.7019,123364.9621,125288.759,126654.8138,127651.2253,128456.4551,129752.9794,131695.8012,133709.239,135449.797,136637.8686,137655.5535,139223.797,140836.4369,142503.1086,143308.5657,144044.165,144852.3089,145938.1974,147440.222,148600.9859,149692.1312,150410.1877,151338.985,152673.2139,154349.7688,156332.7513,157692.2651,158730.2072,159586.2989,161085.1535,163134.8582,165309.3244,167647.8048,170009.9618,172460.0562,175008.3926,177283.3141,179318.0197,180569.2588,181757.1957,182978.2175,184908.8436,186882.7695,188901.8424,190850.7711,192905.3543,195246.3916,197286.3804,198964.2377,200543.0131,202233.6877,204130.0678,205965.7687,207891.6427,209894.0063,212264.5065,215099.511,218305.6336,221168.6648,223620.7028,225656.2957,227734.8539,229465.3149,230985.9747,232472.6385,234034.125,235745.4892,237060.5019,238889.7911,240623.1991,242328.3961,243695.8189,245328.9586,247076.4807,249023.3885,251122.4749,253611.0538,255716.5483,257198.5371,258371.813,259415.4332,260856.8656,262080.4011,263426.7041,264941.6505,266726.7823,270263.5789,274257.1112,278428.8628,280564.0122,280922.761,280731.6068,281249.8248,283341.1622,286680.9951,290424.0648,294925.8621,299357.0706,304815.0718,310757.9274,317266.4293,323113.2063,328857.4393,335042.2129,342057.8938,348405.4403,353948.5093,358315.9344,363592.2649,369082.3504,376601.8777,384571.8552,393385.8499,401954.3429,409937.4339,417168.5783,421204.8211,422286.1371,420925.303,419160.1115,416797.4148,413289.0079,412252.4654,413359.9657,417174.4421,419906.5532
69351.80174,69523.28296,69814.706,70187.18553,70724.60131,71260.03005,71822.83706,72224.9757,72498.59793,72853.72943,73186.70502,73505.14955,73973.8883,74362.35652,74759.58451,75061.22377,75564.32243,76074.06467,76636.00346,77168.8913,77737.4154,78157.93058,78575.38601,79014.2175,79288.15526,79369.74864,79208.31922,78937.57915,78751.85714,78560.16531,78720.73639,78734.52804,78883.35538,78784.44142,78718.69846,78789.2081,79052.47644,79569.34003,80277.05288,81319.52012,82380.03402,83194.78338,83761.09164,84323.89537,84966.17242,85630.46298,86233.36644,86947.38424,87464.19121,87913.11094,88019.2085,88222.2577,88564.2953,89240.13736,89911.715,90707.80301,91671.14445,92667.2306,93597.47814,94285.93783,95220.65686,96468.95084,98135.78731,99906.90081,101653.2673,103809.6805,106298.8524,108763.889,110773.8646,112714.7668,114990.1731,117267.276,118633.9905,119326.7182,120425.0781,123745.0218,127834.1788,131721.7514,133957.6848,135590.6669,136808.9224,137227.2927,137270.423,137440.379,138517.8027,140339.0122,141946.9942,142795.3517,142881.4963,142648.8939,142219.2295,141467.5948,140286.195,138521.727,135745.1261,133822.0183,133263.9991,133926.1247,133936.9863,133211.2142,131944.2652,130216.366,128250.9305,125619.1112,123172.1868,121035.3435,119405.9084,117314.5748,114855.5477,112413.712,110425.1057,108499.5333,106649.4559,104092.9169,101376.3239,98971.11498,97084.29685,95242.9226,93612.60701,92367.08227,91830.11254,91529.37016,91112.01943,90318.66969,88783.52814,87142.07256,85277.25039,83620.09685,82251.86339,81337.83947,80367.60053,78967.88858,76605.00423,74161.43335,71972.76357,70690.27666,69893.22379,69403.59389,68947.79512,68292.84838,67635.16529,67048.30622,66624.60311,66003.40271,65635.62351,65808.93075,66590.0619,67411.89258,67973.77292,68127.32333,67985.25045,67634.4845,67090.59835,66654.56241,66426.79125,66656.461,66978.49876,67478.99198,68234.57709,69100.09676,70025.89989,70872.5708,71851.11039,73127.44294,74480.6428,75785.55725,76781.94948,77550.08416,78377.18759,79189.24448,80038.33728,80778.55316,81685.19588,82774.62977,84160.77989,85595.6508,86839.34271,88025.13443,89619.16185,91569.57563,93100.25371,93956.07828,94421.54485,95151.12738,95947.58849,96909.85779,98053.46185,99292.13336,100434.7921,101558.3064,102645.2829,103816.4703,104750.0112,105663.1408,106373.565,107201.3919,107984.4565,109005.638,110227.3892,111756.9949,113322.2584,114813.8618,116096.5858,117608.6073,118620.1097,119202.0681,119319.7128,120040.6018,121430.8953,123447.5431,125778.2027,128201.0425,130436.7864,132264.651,133919.1277,135541.711,136714.965,137485.9606,138052.3807,138829.1383,140091.5684,141545.9895,143591.1569,145587.4851,147643.3947,149225.9029,151107.4785,153227.0497,155220.8047,156392.283,156799.2188,157048.2185,157666.7149,158559.0213,159539.683,160374.3433,161046.4898,162044.5193,163330.392,164918.6701,167014.3589,169231.3806,171370.3938,172528.2855,172941.9945,173117.5264,173818.6531,175027.9951,176802.6283,178759.9578,181148.039,183673.8703,187241.8457,191300.0275,195484.873,198452.3307,200898.2152,203795.3655,206690.7068,209042.8245,210519.4344,212440.1046,215411.0136,219228.5133,225266.5103,232878.9276,241299.3024,248326.4031,253555.0336,257883.8007,261137.3542,263043.7518,263187.6664,262351.1919,260983.817,259418.0196,258496.0869,258068.2347,257869.3287,257100.419
235097.3193,235448.188,235836.7238,236397.02,237209.8561,238500.1271,239951.3318,240777.4131,241215.4566,241912.8679,243182.3757,244360.2737,245238.9256,246104.9542,247042.5998,248352.6358,249663.4573,250914.8771,252178.8024,253588.2044,255426.3442,257125.7785,258650.8253,260243.5185,261890.5622,263809.2177,265657.1976,267835.7634,270122.9576,272366.0749,274322.2196,276364.3532,278418.7973,280613.8712,282362.2201,283970.2558,285617.3319,287620.7868,289781.4819,291964.8317,294100.7915,296573.7569,298676.5434,300528.5471,302313.1235,304607.5994,306832.9772,308746.2664,310130.2496,311719.5188,313340.9269,315902.0539,319182.9704,323420.911,328042.4408,332789.9213,337071.3975,340219.4189,343560.9722,347120.2222,351926.0099,357004.9879,363625.3537,370839.2891,378945.4811,387280.355,396687.6283,408201.7724,419442.4159,430534.9886,440108.4651,450566.9968,461380.4394,471658.6724,483281.2407,494326.4972,503013.8591,506793.7498,510508.1666,513491.5993,514963.104,512467.1833,510723.4079,507693.6196,504964.3414,497860.4388,491223.1472,482999.2157,473987.224,463918.8282,454279.0563,446261.6747,438824.39,429199.4489,418471.226,409039.9205,400512.4796,396730.5734,390474.128,384324.2294,379216.4515,376663.8779,376975.9124,367320.1634,361050.7725,351609.9225,343653.0354,328808.996,315806.0846,306171.9757,295809.7253,279680.4064,265567.7826,253035.8742,247022.6996,240907.9785,238568.3987,239141.9076,241292.9448,242557.2491,239886.7661,236583.2099,232411.2981,230649.9695,230408.5213,231681.6094,231071.7551,229218.3621,225534.9469,224509.2433,220241.5304,216066.8251,211290.6902,210671.334,212715.6124,213134.9516,211932.9354,209626.5348,206824.3423,205436.0602,204416.1536,205438.461,207153.9829,208972.062,213768.6456,217652.4021,221144.8448,220819.354,220185.9958,221073.7065,223096.7657,226026.2725,228472.4745,229325.619,230281.9779,231730.4037,233767.2296,235926.6938,238158.5267,241270.7316,243753.4356,246001.3461,247945.7225,250419.9089,252828.9393,254263.3819,255749.0467,257785.9915,260355.5764,262364.5645,264192.4755,266401.1983,268005.572,269662.2234,271142.1557,273569.6057,275119.6896,276421.2376,278517.3242,281217.5643,284784.9672,288289.502,293103.6299,298442.671,303041.4896,306663.1895,309886.0793,313934.6171,317239.3642,319520.0449,321865.8342,325106.8315,328219.0584,330315.3207,332300.689,336154.0064,339207.2207,341201.0855,340962.2734,341032.2899,340421.4349,339890.9915,340026.0777,341477.3189,342491.4389,342996.9865,343283.3502,345166.3622,346153.905,346558.6526,345722.8607,345361.5366,344872.382,343859.755,343249.3123,342995.6401,342159.9595,340340.3175,338465.7369,338328.1078,338965.315,339337.2468,339962.1943,340431.1352,341089.0328,340725.4062,340743.0368,341265.575,340961.8633,340286.8757,338613.3572,338106.655,337298.1671,336566.0855,336057.8656,335965.1927,336027.721,336170.6385,336565.8678,337623.2648,338352.5623,338696.4079,338543.1738,338978.7376,339366.4321,339736.6256,340228.5794,341766.6915,344256.2183,347410.412,350781.2613,354169.8756,357099.4965,359544.1795,362183.4042,366096.0668,372939.8494,382202.9113,392063.3847,400957.0896,408643.2575,416562.117,424424.8064,432291.8056,441208.5112,451124.5365,462136.7299,473100.9531,484329.8978,494360.8478,501062.8762,503299.5243,502833.2807,501907.7219,502328.0122,502481.7709,502437.7265,501815.5446,502406.0884,503884.1162
74477.59498,74771.12229,74986.98881,75450.85353,75832.18589,76250.76875,76682.30382,77135.36058,77486.48459,77806.53143,78161.1505,78602.93472,79170.30204,79687.92545,80213.36729,80622.01586,81006.97302,81367.48171,81592.96652,81803.71389,82032.86843,82385.03647,82808.57815,83199.26815,83551.39891,83684.05201,83902.99651,84165.84394,84652.13614,85049.88856,85341.0172,85484.88732,85632.69079,85872.62837,86230.8473,86445.67922,86724.09199,87044.99165,87507.54699,87964.03411,88464.67218,89011.37863,89600.77595,90192.73329,90854.36587,91505.36266,92122.32802,92729.54439,93330.28005,94094.80728,95126.81721,96162.70304,97217.80787,98076.33341,99113.93613,100102.1973,101172.2428,102425.3499,103938.0496,105547.6783,107126.4963,108766.2624,110677.3846,112867.2521,115275.6075,117863.4352,120826.8463,124567.404,128898.1505,133541.8096,137720.8167,141672.5926,144890.6501,147672.9374,150032.5886,152440.7063,154054.9104,155725.0435,156804.6809,158090.9467,158568.6307,158616.3037,158045.3497,157329.7704,156917.9471,156967.2796,156368.9711,154843.4777,153018.3033,151459.4552,149928.5031,148246.9829,146347.815,144903.3078,142996.7962,140877.5251,138306.66,136278.8674,134737.319,133470.089,132218.1949,130831.6183,129349.1214,127567.9195,125575.6571,123655.3956,121392.8478,119440.3582,117257.0117,115730.7089,113823.285,112160.2919,110228.8384,108668.135,107474.6931,107200.9685,106919.5556,106268.6431,105534.063,105076.0457,104869.4873,104329.1368,104025.764,103667.5312,103140.7053,102208.1331,101279.4543,100123.6208,98996.26638,97400.38922,95611.87343,93725.26226,92155.05408,91025.2315,89834.86219,88834.83346,87684.61972,86610.35986,85611.53801,84980.23362,84665.70957,84491.18579,84348.79303,83994.66014,83514.70105,82805.45625,82092.25222,81550.21523,81121.12564,80967.31007,80682.97127,80296.22865,79799.51646,79294.654,79170.18536,79207.85213,79564.63384,79805.96465,80288.50686,80763.02075,81460.83748,82037.2139,82470.00503,82717.60869,82837.82636,83051.85077,83308.74638,83643.84508,84198.86057,84745.9595,85365.99456,86000.38547,86944.3295,87830.17526,88570.54152,88929.46399,89054.57076,88972.29637,89152.05142,89485.36126,90078.4973,90707.83494,91636.38603,92680.38683,93758.20514,94778.9421,95840.97314,96715.23566,97634.68891,98649.74759,99980.19392,101237.1704,102610.7276,104020.6768,105538.9891,106941.1607,108105.744,109104.8542,109826.1456,110549.7949,111530.2144,112937.1899,114444.8445,115814.7903,116935.8447,117778.0974,118564.4138,119537.4636,120912.6677,122424.816,123873.9574,125142.2397,126402.7893,127692.2461,128910.1899,129971.5047,131231.5339,132969.2173,135255.2862,137085.0117,138505.5978,139605.5291,141006.8185,142494.0439,143858.1612,144911.4515,145760.3375,146673.0073,147429.2989,147922.9107,148048.5769,148179.4992,148472.1698,148912.4389,149289.5429,149760.5432,150306.3568,151267.437,152379.6575,153621.9878,154661.1753,155761.1376,156701.8942,157604.9387,158027.3305,158386.7215,159009.6466,160401.0394,162353.1031,164879.3787,167722.9832,170651.6793,173349.2805,175860.0661,178459.4651,181284.2101,184577.477,188635.4801,192616.0403,196205.3406,199034.2832,201938.0431,204911.2435,207762.2829,211768.0289,216885.0595,223163.7367,229109.7787,234310.1708,238979.2203,242480.0156,244694.4555,245351.7414,245476.2145,245362.8697,244945.5195,244397.397,243913.2599,243922.7759,243798.5311
169501.7733,169857.8545,170351.5232,171330.5633,172237.0857,172992.9718,173675.9124,174669.1604,175874.9289,177380.484,178870.0223,180396.8724,181426.0429,182400.0058,183975.2565,186032.4025,188543.1209,191311.0148,194580.6815,198246.4925,201796.1923,205495.691,208944.8523,212017.2539,214453.9275,216223.7664,217911.9372,219966.8063,222652.0071,225493.0447,228380.9059,231509.9268,234778.7256,238077.0148,240800.0518,243476.4754,245741.5195,248155.0672,250755.7563,253674.7761,256984.6982,260196.2274,263640.6838,267011.1574,270762.646,274616.7688,278611.9161,282174.2432,285301.2338,288167.5889,290651.0323,293842.5743,298230.9626,303654.9581,309211.5109,314912.2446,320867.0348,326196.2021,330347.473,334261.3674,338396.3961,343501.538,349778.3099,356842.2807,364454.6521,371680.2299,380078.5606,388591.5526,396737.2632,404488.685,411298.7792,418200.5509,422770.8919,426315.0977,428775.6155,433417.2514,438031.8993,443011.4051,445721.5184,447691.4754,448804.1827,449202.3394,449727.2663,449163.6878,448642.8275,447397.8805,445550.999,441812.9955,437189.9968,431163.5487,424317.2777,416101.263,408037.4982,400530.1432,393043.9615,385678.7274,378475.0613,372210.7163,364492.4212,357402.9803,348655.2804,341760.4276,333218.8694,325446.8991,316790.2088,307948.2022,299986.7537,293420.666,288529.5139,284461.0822,280773.6151,277563.5555,273459.9769,269657.7762,267208.6848,266332.1791,265747.8619,266448.0729,267741.9727,269337.4674,270461.352,272248.2093,274349.7614,275429.9518,276057.4323,276498.1327,277508.038,277482.3968,276972.7869,275318.736,273280.7486,271197.9495,269445.6333,268529.06,267798.9793,267114.0996,265821.8919,264093.5152,262424.3617,261569.0776,261463.1634,261137.691,260485.1434,259488.8403,258908.6775,258541.4321,258617.5876,258892.732,259582.9538,260409.2802,261465.2524,262848.1086,264875.8263,267391.4615,270892.3158,274711.3591,279262.9724,283182.8355,286657.1435,289275.3532,292303.5137,295149.7504,298067.084,300778.1463,303512.1424,306313.8056,309023.9325,312049.9054,315127.4005,317673.9793,320061.736,322601.6201,325883.6029,328846.5176,331324.628,333147.983,334998.5949,336766.2066,338775.6841,340904.8085,343313.4582,345427.0228,347414.1886,349357.8267,351578.5844,353524.0042,355401.6854,357492.1002,360282.9976,363501.4286,366054.3377,367582.3933,368603.4651,369832.9448,371776.9693,373810.5607,376173.395,378583.8884,381044.8108,383018.5968,384598.2653,386227.7886,387228.5664,387563.9367,388220.9143,389908.9603,393004.8571,396117.662,399277.1294,402033.2379,403899.9265,405560.7933,407203.9732,409293.6357,411981.6788,415370.9653,418493.4419,419965.1616,420424.5867,420770.8005,421985.6763,422826.8626,423880.8462,424524.6554,425126.9464,425527.8847,426810.5466,428934.4481,430985.0869,432456.3925,433359.1125,434045.0314,434050.4906,434062.3048,434088.6237,434144.918,434257.2227,435099.5384,437380.7134,440544.15,443810.6987,446479.3908,448715.8125,450326.6824,450463.4206,449662.5688,449357.8523,450809.839,453886.0616,457813.4575,463349.2807,469838.2603,476916.7481,483360.0209,489275.0994,494792.5438,500844.6788,507130.8095,513519.0139,518670.3691,522899.1879,526946.7158,532518.7231,540132.447,551026.795,563698.0714,577629.7442,590421.5229,601640.012,611354.9624,618316.6894,622390.9142,622590.6623,622398.1226,622591.4754,622505.1938,621822.0384,621483.5254,623654.0333,627214.1307
187537.4626,187550.0577,187625.5783,188078.2005,188689.1012,189396.4987,189927.6391,190445.409,191041.9461,191594.9427,192266.8162,192901.9607,193653.9278,194483.3553,195489.5206,196523.4557,197536.6424,198518.3007,199664.4568,201051.0638,202629.0819,204240.1955,205813.944,207355.488,208984.1537,210598.4536,212505.281,214676.5597,216973.4753,219336.1752,221780.8769,224349.2703,227168.4729,229479.5839,232010.8346,233954.1499,236412.0218,238632.0048,241283.1461,244208.4232,247947.136,251874.2696,255841.9719,259437.2027,263000.0655,266978.7576,271035.0769,275641.4426,278972.8354,282139.9877,285212.8678,289898.6531,294391.2066,299384.0159,304153.3414,310025.7398,316040.9107,322306.8329,327653.7566,332046.6939,336127.4284,340998.5857,347092.355,354430.3806,361612.3679,368647.901,376206.3452,384427.4645,390493.7165,395266.8055,399519.4246,405728.6209,410339.4917,414623.5346,418769.3153,423018.6131,426661.5942,428545.5564,429912.1403,430912.9286,431523.1621,431128.9988,429099.3688,425233.5994,420654.467,415509.9801,409588.5852,402490.6776,393994.9933,386837.4096,380633.6396,375515.8961,370274.3526,365070.0282,360012.8726,353110.445,346324.8817,340411.4426,339668.2404,339984.2235,340139.4386,336624.5306,332869.9112,328338.3026,324852.3728,319355.7433,314020.4009,308804.2697,304740.1796,301270.3341,297262.8731,293236.7981,289011.0722,284929.6606,280764.7547,276349.5513,271890.4276,268784.8469,266489.0249,265470.5435,266358.5004,267793.6624,268286.5235,267174.976,266237.8966,266178.3508,266190.3091,265967.8848,265253.7143,264067.8344,263099.1761,262230.4142,261220.5243,259124.786,256356.4119,253769.9863,252831.9616,251951.9437,250840.9863,248850.3205,247721.8902,247482.9444,247973.0763,248192.588,248351.5317,248487.7757,248725.1584,248748.5636,248537.8535,248823.719,249051.0674,249148.8594,249385.7662,249857.1791,250543.5918,251513.5957,253041.7982,255299.6586,257397.0751,259533.5071,261891.0703,264560.1654,266632.0248,268347.5765,270167.6342,272563.0981,274395.7478,276433.8737,279056.4999,282671.6948,285654.6265,287889.4591,289287.1643,290909.7941,292660.0256,294269.4281,295444.2403,296299.7053,297784.4477,300137.0525,302616.5956,304962.5485,306643.0091,308069.4967,309389.5685,311138.5898,313746.5659,317036.2024,320330.0491,323278.7619,326174.7554,329478.3159,332911.4988,335738.4616,337338.0961,338841.9438,340683.2696,343194.7818,345286.7642,346957.5423,348343.7203,350482.9077,352919.3893,355700.6444,358286.4888,361002.6876,363424.084,365313.4503,366239.7991,367050.1575,367950.4386,369567.04,371417.8734,373347.9333,374609.368,375407.4664,375863.223,377025.2754,378985.9765,381313.8076,383210.9188,384456.066,386204.145,388340.128,390757.0412,392522.6199,393631.1759,394720.3103,394903.1173,395278.2284,395181.5926,395776.0758,395730.9488,396119.9623,396582.3231,398062.0062,399266.8763,400827.8464,402457.9946,404882.6676,407977.0164,411297.6425,413900.9766,415455.9184,415275.9177,414743.8148,414721.1698,417027.6862,421537.2458,427185.5318,433621.0948,439810.0482,446503.2308,453263.3311,460340.3429,468875.6513,479068.8288,490680.7528,500456.5285,507883.2124,513622.8497,520495.9937,529405.6904,540175.2695,553899.6024,569648.6642,587004.0504,603790.0523,618766.4458,631281.3319,638289.9695,639753.9394,636433.3922,633339.7163,631386.7893,629757.5384,627476.7437,626018.8327,627377.8471,630148.29
79458.46639,79723.78636,79932.93119,80401.97534,80824.96067,81243.3479,81677.07754,82164.43769,82580.55224,82951.70081,83334.87731,83806.57156,84241.70054,84781.15064,85876.28827,87337.86956,89104.81633,90903.56522,92717.84427,94543.21693,96284.23723,98290.05318,100132.9782,101905.8837,103321.246,104501.6572,105291.602,106002.7741,106751.431,107385.4934,107974.6377,108682.5273,109755.7408,111011.9395,112242.6011,113499.1039,114557.3279,115604.442,116902.8457,118591.7057,120631.8838,122542.6083,124310.1948,125905.9709,127581.3925,129335.5652,131076.0311,132656.4367,134166.2289,135608.8299,136931.8334,138494.4744,140490.2879,142909.0553,145342.8032,147933.7541,150622.7506,153081.581,155179.8369,157169.0997,159240.5368,161706.9295,164805.0532,168395.784,172006.3505,175363.5599,179179.422,183153.8989,187019.4705,190604.3624,193793.1743,196907.5381,199153.7359,201237.4654,203255.0474,206455.8096,209658.7432,213081.8876,215504.4457,217555.6893,219039.3594,219915.0808,220806.81,221455.2888,222084.6654,221979.5271,221011.5076,218950.2387,216510.4362,213444.6321,210213.8877,206847.6655,204068.4888,201710.5403,198817.6536,195442.1089,192067.248,189328.8118,185788.4607,182207.3509,178195.9322,175405.8552,171955.4142,168175.5874,163571.1859,158380.8972,153879.8335,150609.4088,148785.6946,146964.1629,144568.5887,142032.1651,138831.7766,135422.8549,132354.3833,129888.9315,128093.431,126824.5082,125974.4964,124916.3556,123869.6569,123840.3988,124478.98,124780.5291,124497.212,123636.8294,122982.0853,122033.7399,121133.8556,120001.5766,118847.8311,117589.0731,116322.237,115114.4098,114033.9084,113096.0132,112223.8818,111612.5949,111066.6894,110813.0456,110569.822,110023.4346,109485.5615,108959.7661,108836.7858,108877.0813,109290.8369,109976.2101,110950.9806,111980.3381,112896.0317,113353.3738,113747.4443,114201.4925,114954.1837,116339.4483,118557.1921,121092.9335,123304.3764,124996.1587,127057.6606,129239.0638,131371.0308,133194.1744,134829.3426,136715.8729,138255.6573,139651.3356,140691.0494,141792.7256,143104.7223,144396.8242,146061.8218,147397.7097,148810.1299,149751.9639,150656.4211,151547.789,152848.7294,154475.1072,156245.4767,157860.8231,159428.991,160585.0915,161517.5526,162064.7487,162936.2131,164268.1505,165730.5718,167503.4741,168382.6697,168818.5955,168580.7389,168698.5595,169489.3045,170784.3657,172193.2632,173407.5297,174241.066,175523.209,177234.7037,179474.611,180997.5683,181576.3438,181936.3954,182927.2977,184750.9572,186494.11,188050.2373,189736.5251,191477.7075,193334.7808,195092.2297,197139.4771,199381.4422,202056.9225,204098.0349,205531.9709,206565.5726,207730.6329,209264.3972,210940.179,213273.3794,215397.3194,217044.184,218178.9421,219844.3656,222054.2964,223790.5439,224518.0562,224366.4496,224332.9147,224434.4262,224786.4578,225290.6643,226129.7654,227041.3258,228487.903,230624.7868,233319.368,235759.8221,237502.8661,238625.6329,239224.8605,239200.6426,239269.3533,240112.7364,241913.5001,244428.426,247041.7255,250454.2633,253762.7481,257319.1916,260421.4658,263720.9222,267148.9898,271193.5336,276142.3679,282143.8201,288045.9109,293451.821,298320.5276,303425.3329,308808.4817,314735.9611,320947.3072,327688.6539,334846.212,341569.6259,347621.0181,351417.3334,353233.8395,353669.1293,354344.4248,355788.0052,356341.5085,356605.2822,357426.8074,360320.3856,364367.7811
116189.4623,116356.5998,116845.1666,117878.642,119050.1692,119622.2976,119277.517,118712.7242,118316.0879,118356.4068,118413.015,118246.6324,118348.1557,118209.1886,118394.8389,118319.0388,118329.6017,118216.8937,118213.8942,118391.1674,118525.3262,118653.598,118742.6657,119099.214,119378.6318,119776.1987,120264.8523,120975.5519,121398.789,121750.343,121992.3878,122461.1029,122664.8989,122757.8779,122956.198,123618.7573,124292.2028,124916.1901,125344.4753,125920.918,126475.3952,127106.4911,127878.63,128831.0368,129828.371,130664.352,131369.4648,131732.7364,131973.644,132297.7241,132777.8736,133590.3643,134545.9281,135903.1178,137422.5638,139164.8716,140698.5801,142185.3803,143643.137,145858.2452,148384.4156,150589.0259,152172.2476,153871.4238,156744.3419,161161.5321,165913.5382,170267.0166,173482.7948,176426.964,179231.0133,182073.9413,184431.0348,186837.1516,189261.1535,192034.6272,194196.683,195538.4365,196149.2217,196477.1313,196358.8041,195770.0523,194538.3384,193100.6776,192082.4242,191648.5886,191367.7438,190426.0648,189211.321,188325.0085,187541.3505,186366.7295,184881.9262,183844.4331,182920.1147,182033.0345,180847.4799,179601.0756,177856.7155,175653.245,173714.1228,172193.3925,171256.5401,169635.1527,167879.296,165881.8568,163972.8294,162299.1689,160419.7592,159685.2601,159331.0731,159119.4508,158284.198,156840.8173,155786.0136,154728.8707,154067.6538,153979.251,154587.6492,155516.5716,156080.5415,155621.1179,154820.0643,154227.0091,154509.7802,154956.3619,154763.567,154604.3061,153957.1222,152861.2625,150525.8862,147728.6281,145673.5777,144749.6565,144698.8302,144250.7064,143002.2454,141370.605,140124.1412,139910.5154,140233.6125,140706.2286,141070.0424,141349.8681,141786.2418,141586.0379,140745.2964,139459.7147,138451.219,137981.8794,137806.0012,137590.2596,137679.9968,137769.5033,138191.6091,138520.0459,138738.212,139253.2126,139924.8795,140812.0444,141526.6993,142195.3788,142951.0062,143881.2069,145101.3657,146363.0832,147570.6224,148758.2905,149734.7797,150641.7521,151259.563,151893.0227,152581.0824,153271.5811,153918.2486,154263.2874,154483.2713,154526.1374,154974.0145,155665.0788,156333.747,156685.251,156851.4142,157471.6768,158300.6839,159127.0696,159851.1674,160425.7958,161003.9151,161272.8675,161602.6483,161897.6734,162409.6382,163034.5351,163700.5527,164722.6703,165707.5202,166825.2472,167641.0414,168582.4199,169460.9223,170193.0473,170745.6419,171518.6205,172559.8425,173553.5855,174432.8025,175308.6866,175983.8987,176537.9656,176963.5057,177537.6427,178293.4539,179159.7894,180309.611,181373.2145,182485.8003,183814.9565,185166.1717,186237.899,186788.259,187381.3958,188552.8311,189460.3344,190308.2863,190851.08,191885.0572,193015.0583,194394.9347,196018.9163,197951.9688,199920.7703,201775.1108,203206.9885,204258.5531,205121.0801,206230.5798,207662.5102,209349.2316,210919.5676,212312.7019,213459.9648,214618.1972,215833.6764,216864.9672,217922.7202,219103.2812,221048.6266,223576.0457,226111.7066,228762.1366,231078.5955,233765.3913,236256.3855,238745.2755,241381.9918,244922.0813,249922.3541,255353.6947,260156.5967,263867.471,267351.4326,271079.2505,274965.6782,279378.9099,284033.9888,289368.3248,294874.8408,300242.0218,304561.0774,306804.4324,307232.1791,306607.2249,305884.1433,305267.7115,304213.1784,303896.7341,304318.168,305651.2295,306313.5922
170599.6514,171110.3328,171427.7931,172228.9068,172967.1843,173898.5657,174904.2125,175806.6692,176693.8787,177441.2272,178258.1285,179220.2026,180264.278,181370.7197,182401.2422,183407.6619,184497.9084,185651.5461,187084.9441,188852.9559,190897.7679,192768.8647,194550.0004,196313.8975,198260.6884,200170.5494,202150.7719,204509.8295,207029.7225,209677.9465,212344.3355,215265.4563,218037.1958,220729.5193,223068.2394,226039.5489,229443.5368,233243.955,236906.7933,240551.0509,243965.0046,247096.569,250015.5273,253182.3789,256866.5693,260613.1199,264304.8626,267188.9897,270165.019,273194.7085,277041.7241,280862.7126,285212.4467,289889.4135,295181.8726,300794.623,306561.8922,312468.1192,318528.3127,325114.5275,331448.0643,337450.7624,342954.9942,348411.716,355265.4759,363447.3639,372447.5698,381290.7728,390553.2605,399133.8413,406406.9416,412478.289,419059.3351,425553.2573,433382.2007,441891.891,450394.4075,456779.0011,462007.4922,466108.357,469077.1641,470580.888,472179.8752,474277.7106,475149.4701,475685.694,474112.5205,473204.8714,471444.523,469728.7087,467875.6737,465688.4434,461831.0718,457618.1947,451703.8092,447233.0318,438985.6053,429769.6598,418378.3813,407121.6373,396576.0501,386865.3919,377280.8728,365837.9522,352906.133,340586.3358,330205.2606,320308.8501,310469.2708,300898.7937,292399.1518,285104.1033,279097.7709,274370.6296,269429.4495,264529.3614,260500.5053,258483.7326,257034.327,255614.9546,255942.1503,256793.0093,258284.4363,258785.1414,259089.8206,258144.2291,256941.6187,256111.8464,255329.7683,253242.5766,250386.0512,248271.7184,246120.4842,244525.8355,242958.8761,242820.5502,242510.9328,242039.6853,241029.1322,240409.8429,239978.0857,240139.4298,240275.4794,239778.547,240512.7885,240838.0534,240635.7807,238869.1875,237210.6349,237242.8624,237678.5989,238689.8587,239712.2767,241313.7607,243786.6903,246124.1954,248651.5519,251241.3968,254521.966,257779.5344,260626.1479,263437.7879,266455.2882,269878.3264,273066.4497,276042.3312,278467.1655,280868.6693,282573.7836,284367.1803,285836.2917,288242.0692,290627.5504,293338.0567,295916.9917,298832.0372,301608.6353,304391.6746,306951.8351,309251.7597,310877.3844,312688.3926,314679.365,317106.3308,319516.5722,321936.8991,324469.4989,326352.0364,328538.5833,330537.0759,333065.8104,335196.3822,337141.1859,338977.4029,340592.7097,342543.4575,344605.8614,347111.9545,349833.626,351982.823,353998.9034,355575.5979,357364.3664,358571.1272,359126.7993,360097.5787,361697.7412,364142.0982,365921.3253,367395.6018,368537.0641,369448.9281,370390.39,371557.7754,373470.2487,376086.1535,378801.2322,381075.407,382867.508,384683.873,386665.0482,388348.2271,390035.1449,391412.8394,392586.3238,393326.399,394234.1435,395530.9488,396059.8328,396705.1702,396713.954,397035.7304,396419.9429,396163.9404,396353.8779,397206.5627,398242.0103,399528.0342,401711.3619,404449.7172,406996.9646,409356.1571,411662.8852,413835.7469,414557.5937,414724.7649,415320.4753,417981.3204,421919.7423,426412.004,431424.3658,436491.8586,441568.0221,446494.2291,451839.0638,457862.7037,464691.4058,472222.3213,479862.0151,486564.4704,492113.7511,496967.5449,502397.6094,508310.2702,517441.2492,528653.5939,542231.7108,555225.4049,566979.1369,576821.6132,584211.6661,588854.5189,591174.2369,593254.6612,595617.6575,597218.7092,596849.4751,596209.3327,597049.577,600264.3084
105251.1086,105433.844,105748.9867,106249.8633,106819.0046,107676.164,108549.8858,109306.0527,109469.881,109720.9977,110176.1146,111000.914,111892.0895,112731.2015,113440.033,113786.6332,114224.6718,114423.5804,114987.9397,115937.468,117518.8222,118704.4293,119273.1154,118751.1776,118842.2939,119213.7496,120362.9733,121367.1514,122081.5066,122757.6553,123166.391,124083.4415,125190.9073,126638.8131,128263.8338,130156.1341,131776.3954,132674.4605,133294.5243,134158.5626,135839.9629,137630.6851,139806.4432,141217.4666,142460.3328,143749.0143,145099.5964,146684.138,147604.0944,148771.8985,150174.2334,152269.2783,154386.9543,156637.0019,159052.9517,161457.498,163796.5474,165790.5507,168131.4206,170225.6022,171846.0385,173535.3171,175871.0506,179485.714,183314.7736,187210.6185,191224.209,195611.3417,200511.9984,205124.9635,209940.5245,214394.516,219952.8801,225554.2022,231062.3906,235747.4123,240485.5783,245228.6966,248644.6052,251485.1,252724.1059,252508.8507,250431.3802,247937.5095,246486.1962,244745.1683,243028.6149,241530.4636,240217.8317,237794.5655,234690.9628,231527.351,227905.3731,223380.2956,219519.7729,216257.1057,212462.2113,207380.7866,202459.8109,198315.6228,194207.654,190397.064,186408.6853,182876.3192,179511.7493,176054.1503,171497.135,167175.7515,163736.1743,161442.5671,159006.4705,156096.4751,153076.4557,149706.9832,146640.9902,144116.1174,142299.7575,141077.4129,139776.3215,138624.9662,137468.3929,136875.6096,136477.4094,135788.9319,135304.8573,134654.5396,133811.7643,132655.1179,130832.0979,129365.4924,127352.2905,126069.4023,125016.518,124275.8618,123342.4702,121917.6214,120348.0908,118815.8903,117631.5318,116514.0222,116181.8003,116316.385,116715.9751,116482.4363,115904.2374,116001.9127,116905.6677,118304.9198,119659.783,120614.5237,121749.2061,122857.4866,124138.9375,125413.5323,126686.4755,128295.116,129756.0839,131379.0944,132987.2634,134882.8501,136812.6511,138808.559,140787.8569,143001.858,145258.3276,147748.5458,150177.5168,152628.4799,154533.1533,156127.0062,156965.0254,157254.0161,157239.4468,157239.1685,157926.115,158504.4439,159209.4211,159597.4686,160528.3437,162012.1858,163880.4458,165388.2991,166341.6718,166952.8682,167649.8288,168554.2442,169550.6861,170506.6448,171534.3268,172716.6906,174167.1122,175481.2137,176828.8705,178081.5609,179318.9283,180432.6691,181430.434,182475.8231,183496.5866,184472.5549,185345.8375,186383.2006,187794.0145,189259.1202,190668.571,191891.1312,193042.4534,193963.5854,194460.65,195153.1503,195906.4006,196855.4483,197686.0142,198517.2237,199776.3049,201171.8903,202623.7534,203962.0504,205250.5934,206544.6446,207375.6782,208013.4892,208645.3167,209335.8512,210022.7564,210474.2204,211334.2652,212414.1916,213553.0807,214240.5894,214457.7666,214602.5545,214614.9405,214631.3817,214567.7315,214572.7792,214668.3239,214866.4118,215437.8718,216513.8296,218184.696,219748.3853,220979.1928,221683.2908,222130.0197,222712.8569,223637.6243,225191.6298,227095.4427,229314.9428,231992.2859,235146.9278,238600.332,242312.2753,246708.1705,251859.2722,257634.0146,263795.2396,270321.9987,277122.3055,283950.3834,290871.4431,298292.3437,306018.7725,314863.5576,324141.8785,334120.1347,343941.8012,353191.0387,361057.5345,366339.9564,368724.8198,368484.821,366560.8455,363691.4409,359920.6727,355961.954,352842.2029,351110.2344,350423.7592
168894.0928,169119.1821,169641.0556,170515.2099,171727.4187,172729.7329,173607.3852,174271.4768,174785.9895,175564.1701,176496.4871,177758.1667,179114.8066,180396.5075,181552.4481,182560.7587,183541.5628,184511.3412,185236.5881,185913.2839,186541.9966,186371.6226,186748.8818,187343.658,189060.708,189196.0071,188818.3924,188175.0422,188532.7797,189218.3027,190202.6295,191241.2449,192324.2164,193464.0335,194436.999,195318.7598,195991.7818,197022.5949,198321.4438,199669.6111,200835.225,202029.0852,203265.5983,204728.3974,206067.4185,207530.3939,208606.466,209562.557,210449.0678,211633.086,213009.7974,214417.0559,216033.8402,218169.8394,220632.2659,223217.6429,225596.8184,228067.0325,230179.797,231979.0533,233143.9412,234648.6153,236427.2135,238557.8046,240992.697,243894.8361,247726.555,251741.7354,255716.5012,259526.3055,263091.5264,266155.8028,269033.5256,272334.0799,276451.1065,280717.7197,284616.636,288438.643,291987.2582,295564.4032,298669.7757,301373.4769,302704.1167,303385.1057,302684.0639,303085.2122,303388.987,304154.827,303829.7636,303245.5748,302204.6577,300462.4799,298041.8849,296095.8816,294500.1917,293199.681,291088.2443,288931.97,290059.0276,292432.7303,294367.5826,292555.2661,289084.8727,285539.4331,281343.2032,276999.7832,272135.2782,268249.9367,265294.9144,262864.8105,259629.9422,257048.1189,254763.9754,253421.8312,252411.2323,251512.0947,250681.4121,249475.5729,249124.1807,248370.0194,247326.1466,245848.034,245242.507,244675.8083,244144.6304,243564.1667,242093.8959,240429.2826,238389.5248,236534.1131,234641.3049,232243.5957,230083.2345,229163.5816,227920.3755,226280.355,223459.684,220819.6857,219022.6009,217482.3032,216814.0057,216847.6064,217331.5364,218731.8024,219279.9808,219509.2086,218953.4835,218982.8161,219161.4981,219339.924,219422.6897,219435.0746,219587.4069,220002.2548,221018.6032,222454.0616,224532.3934,226499.4384,228430.8584,229921.7784,231361.1367,232734.8265,234322.5203,236291.6789,238575.5391,240419.5199,241835.8013,243056.2212,245132.7594,247487.4441,249961.2498,251414.93,252518.0086,252675.0816,252723.8098,252485.7083,252638.6604,252782.275,253346.3281,254418.9861,256432.1829,258395.706,259937.8228,260666.4164,261231.1135,261681.1413,262046.5544,262599.8279,263414.8063,264284.9845,265075.1717,265660.8462,267016.1792,268679.7985,270328.9214,271301.8203,271960.6419,272488.4377,272860.9763,273193.1156,273684.6023,274455.4886,275328.5357,276368.7176,277582.4475,278763.7071,279742.3535,280722.5824,281763.1601,283326.5472,284836.0421,286398.732,287978.0439,289601.7434,291198.8903,292454.6638,293647.3744,294836.9973,296436.7496,298289.1327,300386.4281,302387.2311,304663.6994,306688.1578,308520.3169,309940.8026,310849.474,311624.7571,311928.5742,312018.6273,311840.3609,311988.2717,312575.108,313411.779,314056.3628,314480.3746,314720.9359,315058.1934,315875.7458,316974.1703,318438.3192,320013.0806,321483.1817,322544.5804,322980.8239,323584.761,324466.9359,326578.8506,329604.9829,333039.9207,336343.1143,339435.4873,342992.5019,347254.0582,351940.6417,357132.6197,362886.9134,369313.6784,375667.7949,381609.7141,386822.4997,392313.9806,398585.7102,404849.0223,411592.7571,418411.4029,426010.6367,432949.03,438304.6395,442546.6789,445084.512,446125.8207,445007.4528,443537.8957,442232.0053,440960.9709,439032.7374,437460.6929,437594.2419,439245.2116
104007.2181,104957.5113,104599.4024,104399.3588,103957.6038,104518.4799,105676.5673,106726.3245,107834.6781,108758.4042,109706.2001,110540.0927,111628.9514,112240.6814,113289.0523,114139.7419,115183.5266,116158.7692,116978.4086,117755.7504,118167.6693,118212.9379,118848.314,119288.6683,119988.2197,119681.8784,119168.6575,118672.8971,118825.0521,119148.3382,119646.7454,120030.8989,120459.0761,121127.8801,121510.9504,121878.1191,121940.5301,122652.558,123884.9415,125333.1635,126375.9476,127081.7157,127557.4469,128388.8699,129308.5787,130560.9234,131624.9598,132611.7764,133389.9284,134238.0997,135178.9318,136100.8586,137073.2245,138359.3933,139846.0266,141659.9353,143512.7096,145457.5564,146840.1028,147703.1924,147847.5541,148149.3474,148670.9467,149755.7351,151695.2313,154280.753,157790.4633,161273.8886,164589.7759,167708.0874,170635.9564,173320.2213,175987.7286,178831.745,182069.55,185250.2552,188172.3619,190839.7771,193123.7467,195511.1953,197962.3087,200327.2338,201641.1741,202166.7444,201595.5456,201915.7584,202428.9004,203415.7812,203478.9981,203127.5937,202192.1315,200858.9676,199139.1105,198045.0247,196847.8265,195787.2095,194156.982,192824.7693,194514.4238,196861.0844,198746.4472,197155.5126,194331.3719,191514.3336,188398.7683,185190.2887,181766.8549,179213.5611,177564.101,176451.4941,174896.1251,173256.2157,171483.509,170380.4324,170061.7213,169836.3754,169291.8905,167409.6739,165990.0855,164510.9147,163635.437,162973.4185,162446.7758,161954.1715,161385.5465,160471.8886,158575.3566,156040.3938,153440.2947,151562.5892,150050.1408,148355.0551,146709.6134,145624.2325,144634.4043,143287.622,141130.0564,139221.756,137722.2497,136273.0052,134811.6842,133844.4538,133603.6846,134534.0557,135441.5574,135904.0445,135683.5496,135605.219,135719.0504,135830.2719,135671.2644,135183.0717,134917.9367,135325.7859,136202.2559,137361.5028,138606.243,139795.8618,140764.3246,141552.0874,142388.4212,143472.0754,144483.792,145976.2538,147492.0231,149199.2323,150352.193,151334.3273,152374.2587,153594.884,154759.5604,155776.5837,156988.4256,158133.6434,159304.5392,160261.7284,161408.5825,162296.7211,163048.1303,163700.2324,164663.5372,165504.8722,166094.2983,166264.3889,166445.294,166894.3982,167597.3246,168414.8167,169357.0981,170242.272,171071.3025,171691.8542,172521.6718,173773.6527,175053.5635,176270.7119,177168.1975,177944.6124,178519.6659,179284.0415,180780.329,182398.2306,183900.5603,184965.4506,186053.1524,187280.1384,188577.3528,190020.2799,191247.6984,192636.7679,193921.5289,195761.3691,197754.212,199768.8829,201409.4203,202741.9414,204204.1535,205563.7139,207223.3055,208693.5474,210432.2269,212009.1187,213941.4472,215834.3695,217993.5464,219817.0541,221315.5021,222274.2331,222929.803,223331.0689,223737.8613,224249.7955,225290.1475,226467.1054,227808.6188,229053.7981,230052.6213,230984.4761,232147.5964,233442.5593,234897.1035,236166.3024,237207.939,237882.8123,238231.7036,238880.2771,240023.8317,242048.9617,244822.8359,247890.5208,250899.4768,253675.895,256505.0921,259656.5887,263088.393,267080.3319,271748.1112,277368.0164,283162.6178,288788.8827,293721.5734,298792.7103,304691.2451,310881.6193,318011.1671,325280.6969,333361.0782,341336.4026,348734.5746,355504.7537,360086.466,362500.264,362545.1882,361647.702,360324.1913,357912.6314,354626.9552,351168.9322,349520.5945,349355.4959
101638.4911,101877.3538,102227.4147,102937.1046,103789.9703,104506.7595,105127.4858,105507.5623,105921.2749,106361.3864,106971.6728,107648.9561,108285.8449,108996.0668,109781.5913,110716.8491,111670.0857,112714.5778,113940.2246,115185.5375,116340.4448,117300.4013,118126.809,118970.5866,119811.2772,120830.629,121815.2194,122930.3755,124055.4487,125306.2139,126532.3614,127689.6834,128744.1209,129670.8798,130553.435,131596.0917,132911.3738,134404.3794,135862.2414,137314.544,138761.6095,140340.2284,141780.7307,143454.6597,145124.6265,146897.8712,148529.288,150284.0288,152197.3494,154150.3328,156087.5943,158259.4363,160971.8738,164242.2716,167560.5668,171068.6083,174740.5962,178225.582,181273.8108,183927.9703,187112.3398,191105.2848,196224.172,201818.3579,207803.0682,214046.028,220253.4859,225915.7729,230967.5712,235626.505,239290.2089,242428.5939,245537.1681,248861.1917,250268.3751,250717.4508,251567.2212,253561.2562,254964.3941,255240.7385,254589.571,253290.6199,251351.5027,248348.3868,244734.8269,241074.0065,237540.7804,233533.6221,227993.1105,222041.5826,217121.0504,212971.6592,209366.5931,205469.4987,201660.9982,197735.9184,193196.0727,189872.0871,187500.5503,186530.8908,184431.2814,181428.3935,177882.5178,173913.6461,169747.8557,165850.6141,163052.8329,161081.5307,159447.3148,157412.392,155529.0237,152887.7728,150427.9905,148014.967,146089.9683,144602.7073,143028.4017,141572.9066,140252.7392,139514.3776,139350.8773,139872.5372,140437.0169,141048.731,141291.0069,141236.8929,140701.8629,139736.471,138913.1578,138376.675,137642.6058,136647.4139,135286.973,133785.7382,132527.2905,131458.1969,130833.0742,130150.6459,129192.1003,128279.9126,127410.0363,127236.9212,127233.7374,127247.0614,126866.8915,126483.1036,126694.7548,127761.4944,129135.8313,130212.9155,131071.8797,131635.2832,132062.6089,132553.8874,133693.7294,135513.5847,137432.6586,139024.369,140630.859,142414.259,144447.3118,146338.6519,147880.5249,149108.9108,150089.2013,151133.5315,152437.5673,153954.3788,155546.7371,156744.7294,157886.1875,158765.5107,159953.3008,160931.9066,162073.5958,163053.1817,164030.4772,164964.1354,166229.6156,167858.6929,169787.7227,171274.948,172428.6096,173497.4968,175181.3202,177307.2032,179691.0093,182236.025,184713.9117,187249.9701,189495.2392,191407.8507,192717.033,193688.6294,194598.9948,195848.4931,197211.2724,198689.103,200012.4297,201598.9603,203487.1721,205255.4279,206703.4253,207652.3512,208527.0866,209333.9779,210350.5376,211547.4521,212661.4934,213836.5186,214960.7593,216262.8685,217561.5674,218896.5216,220525.4391,222093.3344,223563.0137,224703.7812,225673.6838,226317.4085,226686.4381,227031.8993,228294.2088,229971.1365,231750.3888,232802.5422,233636.5913,234500.4464,235400.6979,236283.8945,236852.5289,237163.1655,237199.5673,237278.0062,237575.7662,238251.2736,239037.2526,239920.0831,241145.2547,242669.4668,244289.729,245658.3975,246666.1236,247158.5736,246749.158,246486.0603,247229.2016,249645.9955,253257.5152,257305.5588,261754.1053,266169.5522,270694.7111,275261.4715,280065.4894,285234.6007,291482.2162,299343.3778,307862.0366,315473.4144,321786.6161,328207.5177,335232.6419,342148.0605,350182.6458,359656.6027,371329.8664,383328.7543,394247.9335,403088.4255,408117.2894,409215.31,407473.0447,405445.6244,403957.8452,401677.6787,398309.6532,394381.2777,391935.9692,390418.5068
65407.616,65540.58589,65696.73204,66024.61322,66447.85179,66948.10825,67557.24927,68163.55693,68888.57733,69564.17366,70163.5629,70756.84158,71194.29541,71690.74049,72135.9019,72864.53776,73656.21856,74388.90018,74972.97974,75580.25658,76114.77841,76619.89622,77088.68887,77747.34887,78339.02065,78812.6819,79158.20844,79597.50971,80219.60982,80858.62983,81526.69288,82169.68824,82840.15353,83491.43698,84074.05418,84621.79416,85111.23895,85580.20255,86078.42952,86794.17359,87509.41627,88357.1238,89162.91633,90191.82212,91225.98811,92298.71818,93317.38154,94294.3646,94980.45045,95564.63502,96189.25613,97230.16211,98643.50462,100138.6108,101776.2032,103388.5128,105179.6004,106973.0655,108850.3864,110822.3569,112555.6343,114307.2905,116343.7212,119027.9332,121898.9507,124988.3649,128356.7176,132216.8157,136268.3168,140096.8396,143319.747,146094.5464,147898.8557,149194.1903,150704.2335,153100.6578,155870.527,157619.0532,158225.6856,157984.0881,157781.6412,157523.2221,156378.8729,154717.2516,152861.7687,151655.5761,149992.6518,148326.746,146214.1429,144279.7585,142159.8272,140284.5136,138323.403,135836.9651,133698.7066,131982.4672,130579.2325,129333.567,127295.421,124652.6736,121201.8354,117620.1863,114518.3442,111330.3261,108541.5165,105919.1488,103376.9084,100636.5709,97879.73182,95442.87979,93642.72278,91992.07835,90532.42434,89202.72238,87956.80845,86324.97797,84549.91102,83060.04082,82141.95469,81162.66707,80500.53499,80086.29728,80091.97893,79923.71084,79799.3953,79624.19164,79487.2552,79079.64522,78189.94902,77030.28956,75789.58739,74792.15124,73704.19447,72388.42362,70977.37384,69551.33209,68228.78295,66758.00287,65177.45074,63830.22118,62604.28488,61587.78819,60544.66776,59867.29,59471.80903,59154.41733,58595.34992,58249.8167,58078.99974,58163.75759,57968.93715,57539.03159,57109.33596,56864.37989,56944.97843,57213.59938,57669.62886,58386.38253,59305.41092,60271.95806,61244.27656,61887.64472,62373.195,62646.46834,63039.21647,63516.75639,64131.07991,64869.60646,65618.98083,66313.3936,66905.63302,67434.68358,67777.49611,67859.82291,67834.26125,67898.52093,68160.99956,68416.22329,68839.54855,69324.27957,69837.347,70101.15801,70322.11965,70642.57337,71095.95587,71583.59924,72195.64543,72784.5194,73577.7247,74522.71284,75669.96484,76995.19492,78225.51966,79534.5194,80610.61317,81847.43607,83014.81459,84349.64236,85490.71975,86754.25748,87956.4018,89377.11272,90831.20254,92257.16086,93635.27738,94943.92037,96122.07483,97409.17084,98664.52014,100332.5319,101951.2693,103848.9818,105668.1043,107543.9081,109400.2477,111119.9296,112903.4008,114814.7234,116900.529,118612.4133,119968.9826,121260.2138,122863.098,124552.7097,126161.6507,127360.9051,128475.7232,129542.6774,131080.3857,132724.5373,134225.0335,135223.8832,135885.6783,136774.7096,137793.2767,139079.0205,140171.7167,141227.0128,142378.584,143626.1266,145276.7307,146548.8846,147557.1296,148104.2867,148391.2176,148827.9529,149673.9331,151343.1805,153560.7537,155975.6285,158658.2555,161382.0504,164233.3082,167141.2727,170250.1921,173435.2186,176596.8258,179989.5338,183277.9518,186526.011,189540.5576,192782.0379,196608.9933,200610.062,205723.6198,211238.126,217218.9835,222670.4394,227347.2271,231880.9132,235407.2524,237764.4832,238355.4091,237811.036,236929.5537,235723.2078,235034.9604,233875.2198,232781.569,231354.8214
240091.3556,240939.3096,241922.8566,244047.8696,246302.3936,248538.9318,250920.5591,253285.6329,255782.8119,258029.5027,260356.5128,262535.5659,265124.9993,267999.3398,271119.5318,273844.0852,274391.917,274118.8179,273752.6216,275226.3987,277366.441,279450.1925,281519.2362,283414.536,285414.4375,287509.5485,289898.1244,292286.6075,294836.6945,297246.0303,299854.8621,302173.342,304473.764,306380.0303,307978.3523,309214.3821,310525.535,312273.0367,314154.3826,315992.2215,317628.7274,319430.6126,321411.074,323347.7459,325233.0884,327180.5668,329383.6801,331730.4754,334248.9846,336918.1872,339954.7967,343244.2335,347285.1121,351011.015,355192.6178,358848.9653,363223.9265,367473.8571,371563.0207,375198.8047,378727.3963,382789.7023,387406.7785,392730.3799,398518.3939,404588.2923,410510.1231,416420.673,422736.3626,430008.6663,437878.6835,445240.0241,450884.4059,454792.4142,458290.191,462665.4658,467888.1098,472856.6315,476819.0255,480432.635,483519.9028,486053.5822,487537.2487,489100.6176,490363.491,491798.6738,492651.7941,493342.4847,493468.362,491544.1635,488083.8877,483190.7677,478905.9387,474285.4349,468806.4524,463637.6185,458363.8883,452876.374,445660.2933,437258.7012,429538.3184,423926.7994,420196.6572,417280.677,413157.0423,408490.2793,403112.4967,397489.2862,391787.829,386294.2525,381609.3911,377176.689,373720.656,370489.8181,368981.8206,367015.368,364592.7691,360155.2991,355950.7416,354082.2405,353364.2002,352951.2953,351727.0756,350858.8594,349357.4063,347675.3449,345485.3101,343321.0542,340821.649,339194.1558,336997.0546,334268.5109,330964.4217,329077.6414,328246.6387,327038.9737,325721.1933,323712.978,322086.5809,320745.0738,319165.6258,317516.5043,316569.5526,317188.665,318433.2137,319377.3075,320190.6239,321898.879,324093.0216,326623.2161,328376.7935,329715.3393,330617.7975,331241.5416,331954.2091,332853.4515,335166.7995,337675.5988,340443.5425,343095.8343,346905.8659,350873.0519,354671.1239,357820.7097,361197.3183,364452.3317,366853.5572,368888.583,371509.5029,375129.6721,379213.1813,382712.3293,386399.8839,389199.3136,391266.4781,392526.9883,394045.3959,395744.1778,397780.5099,399768.2132,402377.9362,404510.6373,406458.0822,407900.0241,409157.8107,410387.042,411191.0795,412393.027,413962.6347,416137.8727,417518.1967,417588.2987,417347.322,417813.1838,419104.0095,420823.0206,422528.8047,424328.401,425863.7323,427216.815,428936.1761,430040.4705,429977.2394,428340.3411,427518.4221,428699.4757,431882.434,435920.0125,439235.2169,442264.4816,444321.7845,446664.6839,449077.915,452179.4707,455168.304,457621.4415,459468.9888,461672.9328,464919.3256,468363.3145,471547.9682,474289.9414,477821.3395,481052.2071,483642.24,485439.8515,487969.6725,491263.8778,492900.7314,492660.395,490303.8931,488672.5071,487599.6703,487982.3248,488739.6354,490094.2527,491689.0432,493516.6551,495190.7475,496649.5744,498860.0025,501880.3531,505235.0945,507773.2135,508862.1948,508982.7494,509179.1334,511028.5869,515241.0323,522048.55,531639.7689,542065.1099,553597.9846,564829.2266,576118.3287,587785.7183,601324.8182,617780.557,635069.6942,650407.6337,663948.9804,676817.7197,690543.739,704493.788,719568.7613,735044.0111,753246.0957,772123.7809,791973.6696,807118.9967,814704.6979,813608.6977,808726.2875,805743.6291,806196.2078,806127.6028,806713.8789,806548.6581,808403.4976,809024.8527
97246.06742,97347.00217,97546.50516,97800.18365,98183.96404,98557.53524,99105.17616,99835.73788,100544.946,101175.7665,101699.781,102236.6914,102822.248,103330.5849,104083.7591,104919.3338,105755.6039,106591.929,107619.2752,108751.7756,109909.9121,110967.2922,111861.2253,112578.7624,113276.7866,113997.8872,114749.2767,115509.4062,116410.7952,117231.6555,117885.1475,118548.9232,119226.0027,120039.2228,120775.6623,121426.268,122021.6509,122671.4275,123536.8095,124356.6581,125140.1837,125899.2206,126816.5419,127905.2734,128794.0703,129784.3354,130463.2712,131300.7976,132007.7912,132992.8305,134072.2967,135235.2001,136712.1398,138674.7693,140998.8792,143460.7257,145876.7298,148063.3849,150175.8882,152010.4138,153883.9911,155782.2687,157737.26,160012.7241,162545.0598,165468.6619,168794.5296,171586.6178,174560.0285,177412.7365,180889.2754,184284.0524,187576.866,190991.688,194798.5824,199166.4126,203012.9235,206738.6321,208988.2218,211145.1202,212355.0565,213012.0885,212742.1946,211149.8123,209894.4833,208778.3255,208962.5487,209370.0234,209683.1695,208527.0354,206350.4776,203912.7294,200992.3867,197805.1244,194834.4872,192676.556,190325.189,187000.4839,183430.2298,180428.7422,177889.7406,175872.2975,173671.479,171642.4714,169331.2921,166444.1316,162437.3672,158372.2884,155304.1009,152939.5382,150762.3458,148158.9339,145669.8231,142787.6763,140433.1668,138118.267,136421.453,134769.0675,133435.8825,132090.8991,131160.411,130609.6323,130170.3858,129297.6539,128656.1873,128054.9971,127264.8538,126245.1111,124734.5692,123384.2388,121619.8788,120276.6597,119221.1363,118236.6765,117255.7292,115722.353,114172.3272,112509.1946,111201.625,110208.7039,109852.1587,110224.7483,111103.2473,111735.5767,111441.7081,111125.7347,111159.5275,112049.7007,112889.9691,113752.5618,114729.2923,115898.2661,117194.4546,118448.4455,119853.1468,121419.0383,123095.4716,124365.2673,125418.135,126396.9946,127662.6302,129195.2388,130896.8324,132626.8384,134068.6041,135332.3284,136664.7435,138219.3318,139442.1813,140582.8334,141535.9156,142671.7234,143823.1077,144550.0456,145096.8062,145049.301,145179.6269,145248.5471,145833.8784,146757.4537,147970.2472,149288.578,150325.408,151276.6768,151954.461,152567.8338,153491.8677,154605.9831,156007.385,157345.7321,158938.8265,160577.754,161665.3366,162315.284,162547.2268,163253.9603,164012.2174,164918.4722,165851.2602,167202.2389,168845.4932,170542.0717,172090.3772,173358.6242,174547.5932,175840.6804,177415.7286,178999.2307,180406.8958,182195.3591,184161.8099,186047.2537,187377.5999,188274.6988,189330.4694,190647.5343,192381.772,194312.5677,196361.3449,198250.012,199590.7026,200448.6972,201358.7254,202273.8359,203406.4993,204304.9824,205260.6466,206369.6988,207464.6645,208385.3507,208656.5683,208950.4591,209419.2784,210267.4964,210991.7155,211841.7152,212555.5131,213468.5877,214516.3204,215938.6917,217989.7518,220078.9036,221948.4317,223035.248,223493.7345,223899.7613,224831.8999,226657.3437,229088.0092,231664.3456,234551.0271,237746.1827,241574.7359,245792.3533,250277.4352,254781.0997,259462.5317,264568.5352,268853.1093,271967.1388,273848.6611,276278.4103,279692.5751,284079.1751,290300.622,297816.0469,306091.3582,313630.5351,320030.6168,325590.5196,329280.4666,330849.3312,330220.4808,328749.423,326846.4252,324444.6912,322187.2132,320985.3512,321400.4894,322723.2466
83306.91901,83664.46412,84043.59479,84876.74684,85972.36075,87052.119,87970.90248,88628.15737,89149.141,89777.56104,90592.51991,91589.23471,92441.18856,93136.83917,93929.26357,94776.49875,95735.70435,96538.62218,97537.29098,98439.62921,99386.38977,100282.3181,101080.1747,101706.2688,102179.0578,103038.813,104414.0153,105889.4445,107088.4113,107820.4552,108682.6631,109361.8767,110092.4851,110601.7333,111245.031,111899.336,112614.2239,113466.8348,114557.0366,115728.0354,116766.5198,117520.7195,118274.6996,119211.7925,120513.1011,122118.0677,123491.6876,124774.7642,125773.2257,127514.4284,129600.7645,131912.2074,133678.8113,135243.1764,137173.5513,139663.309,142342.2237,144842.2588,147262.4092,149775.703,152293.1413,154618.6962,157139.3595,159826.5122,162901.282,165998.4644,169248.3931,172923.4331,176686.5839,180349.5413,183189.5766,185721.6174,187977.7499,190080.4617,192135.7758,193863.3034,195185.0757,195510.5306,195730.1157,195593.4734,195453.1006,195085.0825,195182.8846,195985.6875,197006.5407,197868.7626,198676.0112,199219.6929,198702.2116,197261.9418,195701.663,194692.1788,192959.284,190836.0422,189200.0854,188140.3841,187385.3631,185914.1225,184213.8224,181887.6551,179010.685,176264.5407,173614.7845,170506.8892,167335.1144,164213.9762,161887.2905,159749.2399,157805.3523,156416.2041,155178.9327,153602.0712,151799.4055,149788.2504,147949.3748,146012.101,144197.1394,142504.3895,141210.1145,140255.7944,139529.3998,138930.959,138356.0471,137608.694,136816.4136,136048.8493,135617.619,134971.4437,134117.1854,132917.34,131760.138,130450.3224,129340.8565,128624.6555,128083.1963,127573.1884,127038.0916,126744.1894,126623.1063,126323.7008,126058.051,125774.2534,125495.75,125189.0071,125029.5652,125017.1005,124979.3649,125088.7728,125234.1921,125506.9694,125722.4658,125707.3556,125763.3232,125825.8731,126209.6519,126646.2982,126901.7711,127051.107,127041.2845,127174.6509,127552.5969,128187.8891,128916.3023,129711.4602,130215.0907,130561.6567,130551.0494,130939.526,131605.0876,132527.7414,133281.979,134013.1865,135019.4248,135910.9099,136572.9369,136755.2825,136857.9988,136827.9081,136856.3809,136980.2536,136827.6767,136470.1302,136196.964,136498.7658,137635.3481,139047.7537,140466.714,141573.1254,142684.0266,143920.0471,144905.1058,145422.9686,145732.3741,145909.7735,146347.8854,147053.6494,148104.3148,148975.0561,149623.167,150418.7466,151510.5201,152822.887,153748.3009,154420.7564,154778.467,155117.3011,155611.3278,156394.9221,157366.8223,158451.1056,159358.7487,160273.0371,161121.4403,162276.1895,163576.7096,164813.948,166029.9868,167292.0881,168881.1673,170217.3619,171364.6195,172147.5357,173019.7805,173758.6968,174622.5424,175378.8461,176335.2046,177296.9453,178085.5192,178807.1545,179434.4396,180248.9358,180927.4204,181801.643,182632.6681,183845.3102,184987.1013,186183.9937,187335.0298,188612.1153,190009.0069,191536.7621,193131.1936,194655.2315,195697.6555,196660.3223,197995.9952,199931.3368,202471.9749,205253.6452,208539.2075,211559.7474,214262.4937,216581.3039,219006.9795,221707.8477,225128.4134,229604.0188,234107.2978,237998.8609,240842.2676,243270.0852,245421.7301,247153.4692,250178.9313,254494.8953,260133.8058,266167.7859,271530.7776,276597.0334,279894.9812,281895.8545,282237.3203,282360.8416,282073.9996,281640.0178,280853.741,281533.5111,283309.3353,285822.5616
103020.8032,103373.8297,105620.994,108671.0166,111330.2417,112006.8381,112520.5138,113724.6161,114657.4949,115534.767,116742.7731,119017.7038,121882.1982,124414.0721,125181.8051,125045.9351,125253.3319,125924.2025,126369.7889,126028.9683,126778.1696,126166.7764,123823.3651,120289.8496,117840.8159,116500.3269,114464.694,113731.4277,113189.3411,114631.2001,116270.4321,119701.7638,122595.6684,125163.4461,127022.7832,129452.8565,131481.2375,133004.46,134284.5752,135832.861,138560.8444,141253.9913,142626.223,142504.6506,141790.6587,141810.1931,142488.057,143264.4841,144719.9642,146726.3938,149055.3817,151284.3657,152061.4972,152306.9373,152395.8549,153618.9174,156060.2873,157885.0441,160142.1156,162504.8723,165967.2133,168287.7842,169286.7946,171272.7011,176086.9282,181473.008,186293.3715,189045.7795,192709.1477,196183.8458,198471.4442,199850.4106,201676.546,207301.7094,216824.9285,224952.5611,230820.6221,234350.1418,238910.7251,240945.9859,240682.1539,240219.9499,243065.6531,244038.7235,244587.3952,244435.8754,247296.5304,250052.1454,252253.8085,253162.0554,252324.7532,250329.5761,245794.6771,240611.5343,233357.8097,230048.9934,228851.8185,229541.0261,230127.103,228521.6854,223659.2002,214521.4813,203730.3477,197419.468,195265.1657,196233.7869,196334.1832,193618.0923,187245.9301,182270.0615,179499.0408,178113.4473,173444.6954,167715.508,163585.6428,159139.3005,153908.3687,149510.0054,147204.6543,145025.2723,142566.1983,138292.0226,134737.2643,131164.8706,128519.1994,125901.4178,124085.5442,122292.9802,120072.0872,116654.3425,112600.7143,108723.7083,105530.02,104725.4992,104434.1167,105152.8084,107753.6454,110205.9592,111353.3896,109492.5708,108349.4925,107679.8451,108572.9949,110061.3738,111646.9612,111258.5322,109318.4624,106683.8104,104305.5323,103065.846,102593.7045,102283.4386,101726.7264,100556.9168,99883.48262,100171.9168,101287.9726,102551.6613,102910.7241,103066.3238,103289.4114,104165.4083,105656.8771,107426.9582,108973.8937,110437.5991,112482.8426,115457.5316,118914.0005,121402.1181,122538.0675,123174.5168,124539.9529,126999.9669,130058.8822,133252.1833,135786.9661,137044.21,138272.3006,140319.8843,143185.6641,144814.2575,145313.6356,145341.0174,146596.2303,148976.8215,152347.6503,155774.0695,158688.7786,161211.5195,163925.3873,166922.2322,169751.9336,171602.8853,172789.4945,173536.8121,174322.2399,175651.4328,177130.8819,178825.9051,179862.412,181016.8385,181503.5286,182460.419,183383.3923,185097.8507,186479.7674,187461.4735,187593.7306,187374.6273,187131.7234,187832.0151,189460.1871,191528.3153,192943.2629,193013.8648,192254.5354,191858.4844,192140.0674,191864.9959,191343.3156,190722.1297,191095.5107,191697.9034,192135.1256,192568.7922,192954.9962,193487.5298,194395.6799,195640.9006,197260.3315,198427.9925,198657.0535,198834.4774,199324.6261,200760.1971,201694.0621,202535.935,202867.1817,203512.3677,204266.88,204683.6029,204363.1842,203409.7265,201598.897,199273.1078,196837.8112,195907.0604,196561.8904,197944.0945,199279.5141,200715.0832,202553.1943,205030.4585,207333.0585,209697.7709,212849.3651,218693.5555,226309.3942,234126.2319,240738.0103,246895.7467,253111.2634,258471.0499,262952.9078,267261.9769,271936.5291,277300.0287,282934.0372,288436.0695,292407.4493,294519.2328,295336.7155,295851.1177,295885.5867,294956.2058,296131.4565,298223.3867,301278.6769,302755.4417
102901.9072,103157.5444,103469.5893,104098.3086,104675.5412,104982.4793,105334.7539,105721.1834,106386.0348,106941.5453,107529.5419,108080.793,108667.5514,109255.8928,109738.4069,110153.3716,110571.7436,111226.0083,111913.6949,112612.8232,113160.0813,113780.208,114350.1546,115032.8479,115743.4084,116619.2488,117650.125,118861.0515,119996.6144,120912.5711,121785.4393,122756.9351,123777.2874,124740.1414,125734.8615,126813.7875,127934.2911,128945.6562,130054.651,131360.9331,133032.7283,134696.3423,136364.1099,137889.8897,139517.4572,140942.1781,142300.205,143619.9265,145231.2951,147088.7149,149242.7125,151642.8077,154144.6972,157328.0202,160736.7755,165308.1692,169562.9106,173392.3209,176579.2128,179851.592,183455.3824,186729.9812,190602.3843,194613.9115,199314.8153,204501.6622,210320.0721,216309.4869,221389.0556,226517.8289,230869.1811,234582.7777,237458.6328,240278.6276,243592.9795,247175.9387,250570.9623,252583.6973,252287.5966,250658.4842,248502.1571,245997.3012,243266.4912,240055.3623,237415.4994,234632.8323,231860.357,228457.0178,224760.5458,220824.5146,216681.9019,212686.994,209211.8265,206060.7094,202233.9218,197208.364,192899.0519,188950.1288,186139.3136,183636.4008,181492.7046,179699.1042,177706.2646,175758.5799,172914.5351,169953.188,167342.5375,165331.7438,162995.5435,159877.9025,156713.1996,153617.8194,151080.7919,148840.3208,146441.6751,144398.6786,142785.0972,141954.1752,141945.6909,141985.7779,142894.3948,143828.5113,144560.9142,144730.3697,144858.2941,144732.0007,143931.207,142227.2733,141152.5033,140148.5433,138851.0628,137160.752,135356.9614,134582.986,133726.8719,133001.8671,131673.9345,130562.0194,129585.9359,128781.262,128122.6175,127663.4727,127252.994,126930.4622,126279.2507,125744.7453,124984.0253,124675.4598,124355.2349,123974.8191,123838.2728,123933.863,124398.9816,124879.5947,125453.8601,126193.1836,127044.3543,128097.879,129325.2453,130476.2562,131557.0492,132777.452,134144.9401,135885.9769,137374.7619,138961.0167,140073.697,141177.7843,142267.9013,143792.0092,145583.5175,147326.2944,149009.5007,150408.0602,151989.7943,153127.1843,154251.4735,155155.5951,156254.1306,157280.0951,158312.6757,159665.8562,161144.0438,162330.845,163014.9934,163810.4868,165290.1923,167376.5766,169638.1878,171725.4329,173412.042,174761.5519,175816.9893,177011.7796,178420.3694,179983.8401,181432.7244,182720.3437,184127.8064,185806.729,187784.9535,189927.3552,191937.825,193701.1924,195194.5052,196849.2985,198835.1365,200808.7113,202440.3002,204050.1083,205776.5624,207837.2758,209607.3806,211285.9665,212931.5113,214986.6824,217006.1893,218862.3404,220439.2264,221771.6756,223058.3622,224346.0476,226150.1548,227870.955,229047.4858,229738.3728,230450.4547,231578.5102,232668.2825,233386.8349,233993.2851,234573.9987,235118.1029,235590.8898,235988.6913,236248.0614,236299.0797,236485.1628,237414.2197,238741.0132,240389.0976,241851.9393,243173.6142,244157.0268,244642.1334,245260.2195,246325.4698,248156.7437,250481.3485,253147.2727,256365.0324,259990.5143,263685.1902,267209.467,270584.6403,274161.4764,278167.2963,282844.0222,287528.7356,291934.4715,295746.4443,299505.9021,303681.7004,308171.1617,314477.2908,322055.2222,330388.4684,338133.5322,344970.6447,351113.3647,355401.325,357588.1211,357850.4703,357124.8738,356179.3602,354675.5532,353508.8266,352667.4097,352829.7622,353437.4561
153444.2064,152272.0824,151493.4475,150496.5377,150097.732,150013.7472,149979.4981,151126.8188,152360.7418,153751.5891,153873.3682,154031.4319,154428.6383,155687.794,157655.8676,159186.641,160136.054,160116.1055,160006.7415,160502.0755,161150.4575,162006.827,161830.2949,161718.7037,161887.3765,161761.4907,162402.3174,162283.6497,163004.9322,163331.1822,163871.5776,164961.9692,165918.4799,167324.6669,167623.7807,167778.2116,167950.4339,168808.3565,170003.6372,171619.5705,172475.5339,172980.6551,173189.546,175005.7462,176964.5079,179301.9744,180930.1428,183196.9416,185098.8327,187777.6302,190735.8628,194010.8477,197575.5839,201249.4057,205630.5064,210755.6606,216945.5086,223502.0293,229136.5657,233698.3717,237634.2425,242975.6406,251036.1781,259213.1795,265828.1661,272006.3713,280292.1122,289844.1221,297720.5397,304548.455,308714.2694,312830.2846,316194.0908,321776.5161,327023.4724,330592.624,331891.7977,330451.4385,327982.7692,325719.9687,323778.6056,321527.2865,317701.206,313586.0172,311139.4166,309303.928,307769.5774,305357.1928,303054.7633,300082.9351,296044.3606,292374.8016,289402.898,286618.4257,283838.846,281968.6853,279657.0413,278325.5182,276151.7254,274324.4106,270492.7394,266602.8182,262784.335,259540.754,255566.2231,251660.9228,247567.5799,244668.3829,243209.6231,241446.1044,239284.7173,236272.1188,234960.6595,234397.7204,234303.6206,233704.6719,232618.7976,231914.5393,231951.1375,230875.9622,229563.5809,229494.9454,232176.0096,234847.8953,235817.6834,234802.1102,233198.7782,231912.9199,231082.6041,229808.4643,227903.4052,226029.7346,225349.4175,224778.6902,223430.3034,221499.5497,219658.6794,218577.3944,218064.3627,217883.9295,217494.9438,217103.196,216306.6295,216387.0592,216907.5659,217246.4198,217072.9007,216615.0975,216552.1761,216720.2832,216735.0851,217001.0274,217788.7602,218981.06,220554.0449,222106.5189,223828.4711,225257.1417,226767.7269,228651.9836,231191.1928,233340.1084,234886.4629,235872.7339,237339.7219,238107.8719,238560.9221,238555.6675,239350.974,240387.7605,241669.7431,242850.1115,243667.8606,243806.1245,243699.9105,243621.3643,243920.9651,243874.4075,244278.9225,244892.4791,245959.3436,247230.2471,248654.3091,250274.2189,251868.6432,253454.773,254946.9861,256196.1793,257424.5587,258239.2231,258994.141,259504.939,260376.4518,260846.4994,260986.1124,261127.7459,261868.3841,263055.1809,263778.2489,264055.8201,264668.4033,265770.6084,267056.1841,267733.7981,268370.1053,269578.5026,271565.5518,274068.1546,275823.0072,277367.5459,278255.8244,279192.336,280169.6668,281325.8261,282844.4847,284370.8243,286082.6925,287281.924,288275.3061,289106.7497,290199.1745,291166.8436,292535.5002,293786.7384,295164.2615,296036.5936,297532.5432,298874.5738,299845.7048,300281.0107,301153.8389,302401.1124,303944.1588,305696.2736,307553.4363,309378.3321,310744.3908,312229.0478,314061.1645,316137.8822,318531.5536,320790.9814,322824.8038,324760.2997,326301.9917,327927.4234,329548.4377,331854.6794,334972.7595,338567.3047,342648.673,346676.2742,350811.9407,355008.7757,359299.8071,363558.9407,368204.8427,373496.4627,378048.6545,381896.896,384550.1409,388028.6387,392282.405,397269.1707,403378.1199,409872.8175,417156.6226,424541.8905,431578.5967,436770.1728,439217.507,438899.2462,437480.4191,436650.7903,436167.4571,435565.0072,434934.4884,434950.2258,436227.909,437262.4915
123706.2135,123792.8555,123886.0411,123983.9512,124071.8636,124314.9673,124801.2804,125478.8242,126247.1293,126945.7301,127467.8353,127862.6869,128315.8828,129007.5957,129882.3536,130823.0398,131636.5037,132448.4046,133064.0355,133599.6398,133805.4869,134107.0034,134625.6181,135451.9232,136040.8141,136593.0522,137054.456,137691.8285,138221.7733,138713.0466,139459.4731,140296.9577,141270.8693,142193.8347,143156.5822,144035.1306,144964.0657,145959.6469,147066.2711,148217.4989,149271.3016,150265.1035,151210.8175,152130.9701,153046.3352,153976.7243,155117.0519,156479.2515,157784.2879,158877.9374,159804.6131,160994.5678,162604.6581,164531.9882,166627.0823,169166.0647,171855.912,174454.8729,176470.9911,178442.141,180796.0581,183588.0194,187032.4012,191482.4527,196556.3744,202228.2578,208484.1062,214513.591,220364.4929,226187.7048,232148.2156,237598.0328,241742.0419,245302.9095,249706.5825,254102.1864,257903.8078,259765.1152,260537.4884,260944.4189,260464.6843,259442.0941,258158.9722,257029.1974,256372.3033,256119.5909,256264.1378,256602.5006,256794.8321,256457.1184,254692.6046,252786.0003,251087.6112,249401.0921,247378.2896,244330.1544,241132.6364,237747.4892,233761.8618,230131.7305,225699.0408,222317.8142,219341.1568,216347.908,213086.4986,209185.7657,204145.6431,199183.7403,193526.3922,189217.6146,185640.4712,182338.9994,179507.2268,176366.2228,173685.4346,170578.1437,167311.6189,164542.4607,163346.7536,163144.1697,162818.1508,161779.1693,160597.3718,159542.042,158438.0061,157228.8969,156844.6293,156992.4107,157156.8164,157020.0073,156401.7765,155003.4673,153384.3086,151661.3984,149885.7454,148031.6062,146454.521,145638.7167,144377.8734,143024.2618,141319.7154,140693.532,140459.8683,140750.1267,140852.6311,141113.499,141641.9907,142229.9705,142798.6199,143330.3478,143928.2892,144362.7474,144762.3691,145106.5609,145753.8264,146860.8476,148242.9167,149631.8337,150699.3731,151904.247,153449.918,155360.1863,157177.0516,158915.2953,160631.2983,162285.6886,163420.3739,164513.7017,165916.2924,167943.2389,169822.8554,171324.2736,172630.9069,173579.8726,174489.9925,175038.6155,175679.7239,176018.0576,176286.9316,176641.1616,177319.9176,178151.6092,179001.6806,179794.656,181065.3085,182467.7797,184146.9108,185542.603,186921.458,188254.7177,189175.238,189963.5205,190834.8448,192239.8677,193444.566,194480.4947,195402.4938,196459.0969,197502.4603,198926.4221,200829.2145,202652.3494,203744.033,204543.5357,205418.855,206902.3614,208655.572,210930.1832,213139.6909,215418.2082,217319.2148,219319.6476,221416.382,223466.2608,225005.149,226287.1769,227327.9185,228728.5169,230309.0626,232199.289,234225.0055,235990.3236,237846.3019,239810.4095,242041.776,244026.1865,245522.9067,246790.5161,247755.7065,248728.5908,249249.4642,249747.506,250236.5068,251021.8435,252157.9582,253276.0273,254389.2439,255390.7129,256570.621,257946.317,259764.9145,261679.5542,263670.7162,265310.6556,266329.8242,266672.4697,267154.4058,268434.7649,270742.4735,273184.3787,275885.2022,278440.3468,281267.3883,284343.2679,287849.03,291793.0523,296527.9653,302296.2643,308242.706,313545.763,318116.5936,322631.1032,327680.4052,333101.4422,339801.1417,347649.3449,356292.6224,364878.1606,372373.9635,378885.5076,382910.896,384417.9897,383797.1866,382619.9468,381592.1776,380087.244,378688.4935,378198.0129,379086.9617,380131.4391
120919.905,121427.7529,121931.3775,123129.1106,124379.2845,125522.9029,126480.557,127258.2651,128230.7295,129140.1779,130190.803,131160.6788,132262.944,133453.2786,134779.8793,136108.2955,137430.3799,138629.5862,139722.281,140741.7313,141942.4525,143032.6891,144112.4094,145017.2149,146230.675,147531.6432,148806.0354,150140.5121,151651.3458,153176.5501,154594.0921,155906.6886,157321.0508,158726.9108,160072.1947,161257.5191,162458.0621,163554.0346,164855.1909,166120.2702,167443.8161,168505.3193,169387.9772,170122.2003,170853.091,172076.6095,173466.8285,174970.8609,176037.1662,177080.0795,178253.1979,179870.3353,181875.09,184433.3476,187224.748,190253.392,193332.1942,195959.833,198561.966,200809.6794,203299.5698,206021.7661,209086.826,212790.6581,216635.0273,220836.5311,225454.084,229558.2979,234129.0478,238370.5549,243363.6373,248250.3083,252996.8536,257612.8432,262568.6329,268316.0066,273792.1394,278843.5853,282216.746,285839.1123,288090.8476,289269.2202,288891.4027,287206.0421,286267.9504,285314.3365,286077.0486,287306.9843,288600.0332,287714.4038,285115.0888,281404.4706,277071.2839,272374.2485,268503.2705,265383.0193,261497.1772,255605.5199,248817.3518,243145.4675,238582.3035,235040.9783,230847.8357,226778.1831,222478.8341,218245.8022,213034.697,208071.0189,203672.6733,200116.0914,196988.14,193898.7727,190887.308,187604.927,185021.6267,182118.483,179318.2611,176609.6606,175236.0495,174403.4358,174356.0991,174554.8628,175186.7894,175497.6572,175939.58,176291.1861,175823.0108,175079.8975,173544.9712,172248.926,170399.8359,169061.2216,167183.5219,164888.9374,162253.4008,159666.9525,157655.1859,156009.6089,154849.7273,153896.9077,153296.5917,153375.0095,153476.0089,153253.321,152429.6746,152530.7122,153445.2221,155212.395,156614.4572,157855.1654,158994.5722,160234.3939,161500.022,163091.0964,164923.4097,167046.9001,169099.4255,171152.0757,173226.2274,175132.6715,177073.6665,178794.218,180761.3098,182767.7053,184724.9182,186651.5928,188516.4796,190600.9348,192327.7815,193966.7603,195150.3482,195908.3936,196467.4865,196746.2673,197451.0188,198008.9589,199181.0203,200437.6764,202054.8186,203570.129,205257.8326,206887.6495,208354.3501,209363.9075,210214.2991,211116.621,212558.2427,214319.7312,216341.6454,218280.7505,220316.7333,222495.9183,225070.6974,227654.8866,229688.1921,231070.2316,231876.8613,232866.5551,234112.8445,235806.2044,237894.2666,239863.1799,241677.7494,243332.09,245290.3409,247492.6248,249740.8274,251746.6864,253353.6417,254747.5752,255981.3424,257207.2445,258530.1856,259811.0168,261326.7961,263216.7757,265357.1788,267279.6392,268673.6703,269748.9293,270461.0946,270967.6107,272047.9193,273455.6613,275054.9943,276105.1544,277308.6875,278655.7881,279942.9314,281019.5962,281585.3755,282161.3735,282548.2753,283311.8855,284190.4517,285328.1168,286447.3949,287711.8162,289183.0056,290909.0937,292944.1905,294728.255,296290.7305,297415.4222,298365.3486,299263.7815,300686.2531,303090.6147,306594.4941,310353.1615,314568.4828,318957.9769,324121.0583,329483.9978,334802.0629,339868.0266,344880.0986,350074.9436,354513.1692,358014.5181,360778.1731,364133.7412,368830.0151,374515.8412,382168.3903,390753.9432,399978.4045,408078.1561,414857.3832,420381.421,424040.1273,425314.7842,423891.5,421252.1892,418343.4481,415666.842,413319.1024,411771.8743,411736.9367,413087.7525
172144.9699,171918.4319,172512.0555,173410.2553,174641.9954,175305.5516,176477.2524,178343.7915,180568.9045,182251.9514,183650.7515,185166.1887,187420.6131,190219.2773,193116.6757,195414.1601,197023.873,198970.6488,200254.4804,201844.2588,202541.6252,203130.5742,203157.9935,203531.875,204080.8885,204385.1869,204490.3135,204856.8179,205751.6951,206660.4024,208487.9426,210109.4136,211432.7021,212497.1444,214206.1993,216213.998,218229.8963,220176.728,222426.5548,224926.5235,227285.5829,229782.7711,232163.9854,235147.1628,238759.8384,242326.9619,245601.4524,248582.358,251505.7576,254113.6283,256984.8448,260115.0324,263989.4181,267692.3902,271695.0876,275684.0497,279884.1209,283521.2143,286859.3582,289933.1484,293638.691,298571.1136,304360.7422,310987.7737,317425.1746,324501.5471,331958.993,339655.1207,347644.4429,354645.9697,360980.9349,366654.5339,372400.2372,377975.2525,384516.5368,392032.9276,399879.5047,406332.0711,410537.91,414052.3753,416680.5808,418764.7666,418422.4573,416042.0672,413417.8693,411698.1415,411556.1891,412551.9033,413504.8888,412032.6249,408174.9869,403092.6331,397451.4225,390914.6356,385756.7426,382252.8495,378929.7846,374317.0845,368581.8438,362935.7715,357210.8142,351763.4876,347129.6339,342519.4547,338153.041,333228.3615,327284.4949,321166.2917,316283.6101,312767.524,310219.698,307010.3546,303626.9969,300053.6385,297464.9822,295032.5122,292853.8536,290528.5664,289638.8875,288778.4086,289011.1974,288683.2972,289203.506,289098.1726,289685.2518,290181.8794,289913.2739,289398.1165,287698.6094,285959.165,283864.0443,282327.8773,280907.9897,278463.5109,275891.945,273225.543,271302.9166,269901.8657,268230.7298,266636.6425,265096.312,265247.4075,265783.276,266163.997,265706.3932,266324.619,268002.076,270473.7118,272608.714,274442.2409,276257.5638,278080.3642,279672.2449,281181.532,282813.1525,285111.8547,288020.8968,290922.7664,293379.0855,295612.482,298131.1595,300838.0863,303358.7088,305722.2062,308201.5133,310483.8032,312616.7145,315003.2528,317824.3102,320912.5387,323423.3814,325230.3103,326537.0436,327404.0363,328243.0133,328669.4756,329425.2237,330007.3772,331279.0961,332727.563,335110.6388,337489.016,339711.5827,341161.2849,342262.9575,342778.4771,343444.4687,344293.5462,346337.3529,348688.9615,351360.9337,353656.8556,355865.0949,357535.7795,358246.9057,358896.7884,359538.7612,360585.8678,361479.6076,362274.2193,363170.1296,364771.5857,367052.2797,369636.9635,371900.7303,374485.6948,377232.3658,379818.4174,381279.04,382493.4176,383620.4808,384971.7282,386469.0232,387783.1175,389239.5847,390825.5736,392614.0894,394232.936,395557.2015,396615.1462,397489.821,398003.8374,399189.207,400428.2813,401983.8908,403078.2408,404447.3465,406335.3457,408205.3514,410255.0106,411304.9885,411619.7538,410785.798,410308.7631,410406.0375,411000.9563,411667.9599,412815.2479,414862.8687,417314.8098,420263.9639,422850.0078,425186.0162,426565.7149,427380.3486,427965.4643,429272.5994,432325.4297,437383.876,443778.469,450984.2095,458565.8099,466203.8376,474028.7558,481802.6004,490344.2005,500019.0426,511048.1583,522582.4729,533430.0299,543035.7202,552288.9255,562269.942,572880.89,585352.3709,599000.1014,614926.2895,631174.3245,646825.191,660079.1257,668268.4326,670496.562,667607.8556,663929.985,660565.8224,657154.5879,652849.0111,650002.5053,649964.4858,652101.7737
114724.8343,115230.0245,115506.0988,116132.7987,116575.3586,117081.4652,117618.7336,118191.5254,118840.5724,119499.7395,120331.3804,121138.3287,121884.026,122493.4664,123112.0856,123831.6861,124430.043,124982.9233,125550.0819,126234.5623,127069.49,127865.6663,128567.9634,129069.4403,129697.9228,130458.5296,131390.122,132335.2412,133571.9303,134751.7228,135807.1046,136396.4508,136917.7344,137518.4071,138278.0583,139106.5124,139944.3621,140925.384,141958.4108,142912.8942,143761.5325,144701.8208,145883.4185,147260.9757,148476.8412,149861.0251,151156.266,152712.3994,153977.2188,155268.8824,156531.7183,158126.9422,160159.8425,162544.8726,164983.6143,167284.6211,169628.553,171807.3257,174005.1668,175855.3954,177608.4072,179636.676,182051.7427,184991.9924,187949.2891,191108.4688,194913.5049,198458.585,202807.0338,206827.6625,211267.4411,215222.4762,218931.8739,222784.1849,227000.3426,231852.5326,236287.1586,240449.0862,243240.1804,246258.3345,248115.5681,249118.882,248662.1886,246597.7,245159.2206,243847.298,244253.6855,244848.6805,245393.9696,243764.2769,240583.6643,236822.2111,232993.5291,228928.4285,225263.4099,222268.3876,218694.9279,213910.6219,208880.1335,204855.0388,201317.3799,198356.8484,195289.0733,192488.2222,189285.4379,185557.4827,180691.0476,175963.1,172032.2527,168995.2618,165974.3793,162583.5262,159647.2485,156697.0111,154387.491,152073.3245,150397.5099,149169.8057,148459.6817,147688.2287,146958.3644,146083.9676,145218.959,144268.4771,143773.5214,143679.8114,142944.9408,141595.2031,139284.408,137348.0786,135188.7123,133588.1358,131529.4952,129385.5822,127185.3004,125048.0688,123110.2237,121218.3942,119667.7521,118360.3688,117687.7981,117487.8601,118056.5463,118508.1171,118432.6962,118003.8839,117600.7327,117836.2159,118079.4979,118372.997,119012.9463,119677.6355,120304.5124,120792.0123,121413.4338,122368.5043,123568.4408,125074.4363,127047.6456,129353.872,132115.7311,134820.2935,137384.0181,139605.6263,141519.4649,143423.7175,145060.4094,146377.9298,147295.2522,148302.3836,149321.7946,150206.2301,150996.0418,151762.84,152886.1677,153802.2707,154832.0319,155532.3893,156310.5119,157055.2336,157848.8251,158843.7245,159984.0125,161100.4145,161978.8274,162770.9725,163947.7948,165501.2629,167306.9146,168965.3177,170522.9657,171929.1922,173684.6772,175497.3485,177014.8141,178039.2945,178607.1992,179116.8506,179728.5782,180686.9842,182248.2031,183959.1948,185714.0745,187143.5845,188587.0212,190022.4193,191714.5038,193380.0022,194781.6601,196114.0291,197432.9005,198958.3675,200394.7113,201656.5264,203049.0878,204552.6322,206405.5492,208251.5753,210039.2706,211341.1072,212259.6303,212812.1659,213625.2261,214503.8702,215475.1705,216116.9279,216612.7274,217186.1244,218090.4835,219204.8854,220068.6023,220862.0259,221583.4444,222533.6355,223316.9492,224129.9372,224838.0344,225852.5185,227146.0877,228961.0241,230859.8255,232439.1059,233535.4489,234333.3971,235151.6486,236245.0392,237631.1915,239526.7588,241910.2517,244690.1185,247962.1848,251556.0914,255425.4319,259454.4733,263549.7237,267902.3495,272353.3879,277148.3339,281295.3228,285131.0564,288587.2662,292720.4372,297559.4537,302927.186,309865.1235,317983.4693,326927.4047,335202.9305,341937.9374,347298.7492,350741.6506,352183.5319,351374.1464,349390.5571,346896.5149,344186.6415,341479.3392,339283.4531,338313.9657,338291.4274
90436.57552,90466.89908,90802.25472,91392.52937,92210.48846,92802.14745,93558.33257,93944.87632,94137.92973,93752.11419,93678.74976,93798.02086,94423.99178,95369.1208,96050.368,96636.36648,96626.27517,96790.03581,96752.63656,96902.19321,97117.84304,97177.49564,97556.64921,98150.95559,98978.01721,99497.76538,99464.52597,99413.53085,99570.52513,100366.2384,101437.2459,102247.9981,103338.5522,104130.7148,104946.5203,104869.3475,104542.0386,104053.0532,104308.3781,105043.0233,105754.7422,105731.1788,105430.7307,105149.4608,104991.2507,104616.8093,103813.5291,103780.7633,104249.0612,105656.0728,106773.1465,107692.9634,108773.9913,110166.3668,111707.9963,113018.0109,113671.9404,114407.4456,115450.7432,117078.4182,118583.5119,119722.8188,121053.4998,123711.4679,126613.4093,128812.2529,130007.5559,131529.1933,133685.8632,136134.8221,138609.5722,141625.1225,144807.3166,147999.3078,150628.7855,152931.7516,155002.8891,157734.4748,159810.062,161670.2015,162522.7649,163730.3674,164915.7731,166390.4724,167346.8606,168130.566,168449.3861,168961.8641,168863.7062,167407.9527,165710.7763,163934.5108,162916.4666,161448.735,159777.7268,157852.1923,155759.6466,153281.3685,150854.5961,149373.9921,148439.5762,147343.478,145737.8226,143580.2844,141683.8961,140593.1107,140047.8058,138975.7926,137724.444,136816.4318,136596.823,135589.1023,135124.9078,135181.4473,134530.6334,134022.4886,132326.504,131108.0177,128719.6399,126339.1134,125321.4793,124079.7582,122840.9631,120260.9008,118773.8653,118759.4277,119285.1829,118588.0462,117358.2785,115421.4449,114479.4047,112867.1266,111816.9133,109709.8872,108297.0417,107506.7153,108073.3525,108699.7616,108774.9185,108050.8437,106715.0449,105430.8862,103932.2006,102919.61,102176.7806,102469.2191,102808.5887,102969.3228,102567.8128,102199.1914,101686.3525,101123.5982,101055.1946,101276.3501,101685.1874,101956.4698,102292.1104,103503.2282,104681.8521,106320.4969,107307.4831,108874.0743,110508.1932,112464.979,113879.6381,114464.3204,113711.6647,112475.797,111461.7376,111859.6286,112665.345,113407.3167,113893.8927,114099.4689,115007.0456,115896.5759,117345.9809,118365.5705,119317.1796,120407.6976,121058.6511,121291.1734,121027.6443,121695.8026,123056.3646,124141.8806,124757.5583,125025.6308,125536.2248,126572.1908,128000.0246,129923.4746,131427.6812,132858.2462,133905.9094,134818.7502,135249.3807,135635.2199,135400.6967,135613.4495,136165.6588,137688.2073,139189.2979,140262.2355,140970.9324,141723.9884,142577.2031,143449.6677,143610.3932,143301.689,143464.6602,144207.3639,145884.6658,147780.8747,150165.6893,152350.8896,153844.2417,155420.3668,157813.7005,160507.1073,162409.2782,162948.9435,163318.9389,164022.2678,164836.435,166164.0023,168141.8709,171026.5468,173266.301,175210.3384,176664.1901,178198.9451,179342.4447,180604.4039,182083.6374,183961.6913,185665.1151,187513.6924,189596.5502,192335.1585,195553.5127,197625.4401,198217.6891,197235.1497,196102.2799,194877.9831,194823.0269,195933.0992,198643.4866,201033.9442,202755.7114,203984.9688,204917.5497,205774.5222,205639.2498,205598.4525,206261.0964,208972.7004,213560.9157,219316.1666,225003.0764,230427.7213,235685.2195,240904.6102,245981.3118,250759.668,254928.7149,259683.8152,265260.5206,271984.2003,277146.5732,280078.5404,280904.0467,280863.8659,279868.5214,277648.8642,275823.869,275651.6511,276874.9295,277399.6993
74754.64507,74951.63099,75077.435,75501.35951,75889.5973,76214.02811,76320.60306,76684.53715,77479.90494,78559.52367,79702.64686,80550.71807,81200.5099,81393.90845,81815.1188,82327.5302,82815.11851,83011.41253,83248.90129,83530.2486,83870.87599,84139.86824,84440.20676,85076.71899,85844.83588,86673.72285,87020.76378,87439.15842,88103.70234,88476.57014,88280.55451,87768.98076,87814.38983,88077.47886,88532.80714,88830.42083,89229.61616,89592.34905,90408.82965,91444.84213,92665.68067,93821.11219,95250.85834,96840.78551,98268.43196,99380.23753,100129.4123,101000.2242,101744.7913,102760.3642,103709.1524,104926.5611,106170.0692,107283.8439,108251.842,109286.4894,110604.3145,111932.9088,113209.3336,114312.454,115373.2849,116355.7879,117433.7907,118884.4582,120760.4378,122805.4027,125226.533,127328.8662,130177.9331,132704.6355,135331.4305,137701.1342,140039.9313,142779.947,145760.8837,149221.4938,152375.4146,155346.4986,157110.904,159037.1217,160119.1,161079.7476,161709.3327,161633.4377,162024.4027,162137.3694,163147.144,164130.7842,165370.589,165470.0495,165009.1171,163937.0939,162402.3624,160487.2339,158557.9469,156557.7831,153881.4435,150184.3958,146953.1541,144213.2048,141791.4645,139443.8055,136968.0401,134353.4695,131539.443,128905.719,125843.2818,122580.1409,119203.3706,115829.9476,112442.8633,108634.4342,105253.2045,101568.3978,98038.77137,94711.08952,91904.78032,89647.96993,87868.15854,86619.94513,85990.49336,85242.44357,83613.7486,81877.60986,79852.65482,78413.05772,76945.47411,76374.5661,75981.98567,74962.80522,72639.30113,70113.18358,67944.81702,66573.19291,65712.26635,64889.44672,63904.72553,62553.82557,61069.09588,59687.36355,58719.53119,58726.43609,58991.91369,59189.75284,58895.34127,58600.12918,58112.14118,57649.6605,57369.99082,57492.69195,57768.70794,57738.48749,57737.21577,57996.22449,58787.7923,59552.55127,59989.48178,60223.58194,60785.25935,61686.6986,62808.2309,63924.15128,65002.01454,65976.7793,66746.69016,67528.70863,68391.42575,69225.59361,69835.12823,70187.96811,70627.13741,71356.20376,72606.165,73662.12171,74276.96177,74462.69526,74756.07836,75272.59306,76052.35085,77102.70398,78156.16086,79151.23468,79723.51402,80512.80001,81321.85105,82407.12329,83687.19978,84553.15279,85546.71008,86493.98988,87976.23358,89055.70804,90120.15449,91606.2877,93565.16855,95325.42865,96526.2953,97733.33918,99388.10695,101604.6829,104066.6244,106172.5203,108162.6208,109306.2791,109770.2412,110054.7877,110968.0549,112650.2558,114492.4242,116835.5143,119683.1007,122369.3956,124318.7793,125584.0789,127041.987,129063.7347,131137.1926,133236.1665,135533.4254,138089.6666,140534.623,142600.577,144162.306,145595.7838,146679.3327,147589.6515,148643.6538,149928.0622,151667.24,152874.9796,153777.3234,154555.1617,155835.6774,157515.3428,159187.0225,160738.884,161982.7659,163429.2864,165110.5527,167180.5372,169547.8664,171772.1257,173832.9954,175465.1801,176570.2067,177328.078,178195.9184,179869.7801,182058.5698,184446.7264,186985.1116,190073.6924,193757.3808,197829.0518,201895.8415,205802.5437,209558.9405,213725.1708,217358.8312,220317.004,222147.8148,224444.3309,227536.6758,231455.3775,237228.2222,244342.1269,252412.7165,259577.2845,265520.8803,270958.7835,275336.8212,277963.3402,278343.6844,277518.1551,276233.3835,274673.5548,273264.1616,272325.1712,272353.1454,272695.9404
145367.9178,145968.4012,146574.3063,147630.5075,148518.3426,149310.8638,150089.5837,150918.4505,151771.4653,152545.4206,153311.5917,153975.2449,154704.3716,155439.9148,156188.0632,157069.274,158170.4331,159654.5958,161337.3308,163085.5544,164761.8901,166305.3421,167926.3847,169701.5234,171627.8419,173326.1775,174848.8746,176541.588,178343.3408,180397.1304,182698.6497,185398.5189,188109.0949,190823.3476,193275.2083,196267.8044,199584.4076,203393.7449,207107.0144,210631.9484,213859.6201,216977.5187,219828.8452,222732.6099,225629.5934,228524.2349,231276.9822,233677.9859,236182.749,238805.4864,241935.402,245362.1709,249551.4578,253977.6202,258497.6367,262950.1646,267477.0459,272536.274,277734.8236,283406.4682,288817.3274,294098.8998,299055.4645,303814.8436,309823.0903,317155.543,325253.6114,333337.577,341844.8857,349611.475,355825.9628,360886.541,366365.0374,371373.0976,377412.7327,384047.4986,391161.357,396445.0619,401011.5416,404763.9265,407670.9598,409365.0701,411474.8102,413628.9077,414815.5615,415696.7897,415401.4518,415780.3566,415431.8034,414727.868,413333.4863,411717.1315,408545.6933,405439.4874,400784.9836,397427.396,389765.3604,380526.5555,369340.0748,359516.1592,350404.3771,341725.6589,333038.6937,323166.3221,313485.3797,303966.4362,295955.3698,286621.49,277070.1651,267754.8174,259103.9613,251735.9542,244919.3433,239746.735,234414.0904,230136.0441,226358.9405,223542.222,220605.859,217822.2762,215884.2888,215198.3304,215760.3621,217136.9043,218311.6443,217867.5663,216931.739,215094.7766,213314.0395,210524.3555,207944.4873,205435.095,203132.6768,201130.2505,199921.518,198895.0874,197568.0769,196089.0891,194978.6065,193876.3022,192644.9211,191931.5447,191388.7494,191189.2498,191811.4503,192706.3809,193407.4601,193409.022,193555.7459,194900.4203,196725.4267,198602.7211,200044.037,200683.0381,201461.0427,202480.3949,204113.7211,206178.6153,208715.4804,212183.5257,215861.6779,219788.3159,223730.4276,227794.0468,231301.1434,234302.8023,236649.4064,239084.8805,240923.2986,242731.0172,244290.5578,246123.5887,247657.2761,248977.2443,250640.7393,253126.8962,256111.4181,259277.717,262272.1484,265133.1576,267450.523,269408.6557,271253.2786,273918.9335,277207.4521,280614.9867,283765.7241,286626.3064,289468.2129,292027.5907,294797.231,297510.3515,300473.0322,303059.8553,305771.675,308391.1516,311102.4963,313894.12,316546.4472,319024.8869,321186.1082,323620.3306,326113.9145,328504.6558,330357.7698,332381.8151,334615.3804,336936.9222,338744.0528,340031.4848,340928.9315,341951.2034,343582.7346,345893.4803,348516.0526,351254.4332,353368.3414,354892.9631,355742.8503,356853.7088,358337.0504,359861.4265,361088.3544,362299.2023,363734.4948,365659.5362,367780.7826,369900.6284,371105.3519,372203.518,372626.324,373214.6103,373008.6276,373161.1161,373472.5864,374032.1734,374864.2322,376193.0452,378701.6305,381627.1158,385263.3071,389090.0149,393166.5004,396263.0848,397382.3635,397316.992,397480.252,399667.5397,403423.9361,408318.243,414058.6488,419958.2918,426067.6307,431893.9131,437799.367,443569.3961,449723.7973,456573.2652,462154.2398,465703.5192,467259.8706,468579.2895,471209.9466,475202.4973,483779.6349,495785.6201,510341.8495,523611.6234,534824.5953,544390.4594,551591.2237,555995.1649,557265.5422,557604.803,557556.2621,557012.5952,556591.8486,557167.1835,559708.5735,563551.0068
87044.44512,87098.42085,87291.85194,87645.17115,88107.09232,88487.86313,88816.45286,89117.98789,89438.3927,89858.48297,90186.58252,90559.06862,90877.60914,91373.35792,91696.38106,92144.51442,92637.0008,93484.29035,94419.79318,95412.51787,96309.62269,97048.00563,97773.79932,98413.70991,98898.29954,99292.30585,99748.12629,100565.0456,101497.5213,102448.5562,103197.7229,103848.9535,104501.3816,105198.18,106055.6189,106899.8932,107890.9818,108765.1842,109842.9495,111015.4358,112452.1899,114208.6436,116186.4411,118090.296,119615.676,121014.2036,122530.2758,124238.9448,125657.6518,126980.4715,128623.8884,130709.0695,132971.7334,135093.3125,137277.9415,140073.8049,142820.0364,145691.7734,148200.047,151086.1562,153975.3915,156999.1433,159653.7341,162813.6651,166447.2141,170688.4848,174644.2703,178565.8945,182587.4798,186682.2094,190738.911,194232.0393,196949.1519,199165.271,201575.4699,204176.1361,206148.6038,207492.6572,208327.0295,208240.637,207103.5786,205838.0153,204841.6562,203439.4758,201739.5544,200258.9135,199327.8979,197830.2747,195440.5468,192621.1928,189905.5796,187149.7649,184334.9892,180946.8204,177325.3045,173920.4526,170592.1297,167717.101,164308.5775,162129.4661,160233.1672,158754.7472,156617.2319,153972.1247,151350.013,148988.3313,146315.6786,143686.6286,142134.7148,141606.7654,141713.6638,140462.2777,138310.1829,135865.8276,133813.0466,132335.3033,130624.1006,128755.922,127336.2892,126006.8447,124627.0907,123049.7245,122197.8517,121478.4636,121116.8907,120061.1244,118893.3111,117102.2988,115108.3353,113313.3069,112187.3739,111376.1441,110441.4297,109239.7055,107695.8753,105889.3201,103580.0899,101967.3356,100639.8927,99997.71316,99556.86164,99156.98226,98162.0513,96802.12768,95358.37503,94526.08419,94212.42738,94753.48725,95861.93376,96862.29093,97608.71111,98103.5054,98848.41313,100038.1321,101534.5615,103058.464,104153.1597,104948.1726,106073.7359,107499.8293,109457.0031,110989.8833,112416.7001,113637.948,115043.66,116758.5765,118400.7196,120226.1161,121826.6327,123326.2953,124652.8127,125977.0211,127420.9617,128637.3979,129423.784,129839.7392,130199.0072,131029.3726,132467.4896,134179.9083,135391.876,136120.6702,136831.0455,137731.8252,138754.5932,139491.4635,140530.3338,141902.5631,143574.5973,145194.0574,146490.0974,147578.926,148646.6718,149565.2285,150677.9355,151871.9964,153254.215,154308.664,155116.3887,156176.1248,157785.4023,159527.0694,161110.9563,162480.8359,163665.7988,164566.9749,165192.4402,166055.2116,167382.582,169212.5987,171142.2098,172979.2921,174903.807,177019.4819,179069.8356,180932.1048,182723.2856,184605.9834,186414.197,187768.8348,188761.8125,189445.904,190337.8265,191225.488,192229.4498,193006.4068,193723.8838,194517.1848,195504.6154,196392.3739,197081.1311,197704.7754,198393.7717,199323.7723,200495.9296,201795.0437,203053.2814,204348.3025,205807.9739,207332.3924,208916.1384,210434.6772,211773.411,212856.4946,213363.4409,213975.881,214843.3147,216628.1727,219061.2733,221578.3788,224490.5417,227508.5387,230981.0734,234411.5884,237804.881,241451.1399,245487.8453,250140.4998,254677.1449,258465.5307,261136.0228,263051.7317,265005.5089,267310.3177,271314.0121,276799.4041,283246.8458,289336.4997,294972.125,300189.0973,304233.7289,306611.8647,307209.6417,307015.6097,306240.9136,304877.8129,302843.9024,301057.2684,299982.968,299866.3948
125804.7666,125453.5737,125511.2795,125471.702,125244.773,125077.5815,125009.5071,126039.9585,126938.8531,128057.0533,128755.7142,129641.7949,130619.5743,131689.7805,133052.8912,134279.0302,136153.3726,138060.9397,140793.2701,142940.3356,145189.3319,146759.8755,148330.3553,149115.5631,150136.6005,150209.5391,150196.0216,150697.9524,152298.0736,153187.1122,152878.3815,152458.0314,152969.0479,154753.3123,156447.6126,158772.8693,161391.1037,164504.4988,167572.9554,169153.41,170167.4533,171609.0046,174000.4691,176397.175,178072.6125,179961.5014,181580.5895,183596.1054,184433.1823,185832.7643,187223.9993,189546.3285,191826.1142,194223.894,196391.6412,198555.124,200527.3715,202383.1457,205162.5735,208614.0911,211574.1225,214282.2272,217303.2198,221334.8058,225675.4557,230209.519,236598.6814,243122.09,250300.2626,255746.1344,261357.3684,266637.2771,272159.2641,277633.7556,282783.7971,288627.7483,293968.1484,300272.5724,305931.5339,311014.4347,313141.9369,312093.1637,310013.0092,306673.3235,303827.8516,301348.6039,300988.361,302982.6798,304888.3229,303660.1648,299002.9052,293016.8675,288078.1181,282999.0143,278960.1523,273915.6929,268325.5212,261402.9743,255710.3464,251783.6972,248391.9737,245268.9733,241797.9411,238433.083,234927.2252,231321.1623,225515.7288,219612.289,214325.2284,211402.7432,209263.5821,206590.8642,203157.0176,198908.9158,195904.9581,193888.6485,192939.7056,192116.0908,191740.8147,191364.3403,190954.0454,190458.6896,189877.0177,189608.6825,190189.2657,191090.2318,191281.3376,190698.3111,188962.9526,187283.0087,185156.8893,183868.2391,183006.5722,182357.6238,181260.8031,179149.9022,176527.029,173978.8661,171843.0276,170300.17,169968.3782,170578.4817,171304.5834,171343.2447,170336.7773,169743.1032,169494.0128,170154.1442,170985.8349,171847.4193,172785.9501,173461.1315,173770.0582,174127.1806,174665.7396,176122.8588,177840.066,179465.0736,180473.7854,181354.6361,182637.5028,184255.8852,185856.5901,187738.722,189545.2154,192133.1738,194536.0224,196920.7766,199089.1506,201273.3063,203089.9036,203649.7056,203447.9555,202984.28,203186.2424,203429.8513,203894.0474,204118.5812,205038.1884,206537.468,208937.4444,211404.08,213497.2607,214528.6886,215114.9122,215575.9355,216972.221,218387.6151,219614.0153,220429.4992,221343.5022,222494.2335,223686.7822,224864.8761,225487.2923,225519.8768,225128.8335,224787.7991,224840.4165,225233.0631,225835.6823,226424.2276,227274.7651,228029.6924,228689.4137,229222.2794,229806.2176,230308.4103,230457.5036,231107.1094,231918.7314,232984.3042,233677.797,234188.8457,234859.5409,235733.2917,236560.0513,237167.7309,237976.9384,238904.2366,239564.0751,239683.9107,240018.9394,240588.6083,241667.7096,242556.8381,243518.2044,244448.0124,245455.8277,246499.7541,247080.9844,247401.0301,247583.7681,247891.3453,248193.6618,248340.4932,248418.8292,248914.7188,249826.8291,251129.6586,252900.8252,254528.203,255743.2388,256136.4548,256161.3998,256254.1734,256791.0233,258345.3635,260722.9291,263415.1009,266025.468,268796.9504,271696.0213,275142.2758,279215.8963,283965.5399,289253.7183,294911.6062,301075.8494,307380.1813,313884.5755,320467.3698,327739.429,335104.3085,343628.7105,352994.5445,363799.0895,375343.0032,386343.2529,395957.141,402481.1541,405710.0115,405870.5698,404018.2237,401130.5073,397197.7839,392927.6492,389272.6529,387035.2468,385708.5496
123294.0376,123466.2691,123664.0912,123830.7483,124257.7359,125085.9144,126455.6594,127682.4352,128664.5962,129763.9067,130613.2496,131293.9887,131423.1713,131866.0226,132447.8576,133249.8435,133736.0294,134254.7315,134740.1123,135493.9087,136267.665,137071.9368,137980.0711,139246.8357,140457.9588,141442.6715,142040.1233,142817.4094,143538.7965,144136.1432,144395.8116,144536.8371,144626.6947,144902.4116,145422.8615,145944.5953,146599.8176,147494.165,148555.3174,149379.6395,149825.2102,150067.6302,150373.8597,150858.6162,151440.6839,152190.964,153102.9411,154270.456,155358.6919,156304.938,157332.1885,158620.7989,160400.1981,162438.5351,164819.7747,167736.1289,170976.276,174025.119,176563.2011,178913.2251,181909.927,185344.0331,189697.2672,195065.454,201013.7191,207239.3551,213944.9165,220185.795,226596.0088,233208.4979,240460.5601,246798.4213,251894.4522,256029.9223,260888.2942,264994.5471,268406.6671,269944.9443,270610.497,270805.755,269795.6852,268276.0512,266760.4646,266243.1168,266013.4158,265798.0896,265078.3125,264795.8986,264304.5339,263528.8571,261102.9094,259129.1919,257422.104,255670.7428,253085.3143,249244.4969,245069.7117,240033.0477,233874.2955,227709.7659,221246.8379,216041.5935,211471.9605,206912.5505,202533.8439,198470.7392,194462.0983,190276.0433,184681.6509,179510.3433,174870.4058,170328.4686,166319.434,161334.7631,157064.2835,152290.1776,148351.9938,144076.6166,140725.2155,138944.09,138336.1826,138340.7058,138085.9678,137712.1663,136725.4481,135539.5429,135050.249,134910.0735,134793.6293,134246.7563,133078.9862,131332.3388,129623.4819,128230.3475,126591.8202,125005.9917,123776.1635,123613.4988,122527.0313,120626.3581,118044.9817,116963.9519,116829.4373,116636.8597,115922.266,115024.9683,114719.1533,114789.0766,115359.8261,116187.2045,116963.6085,117615.912,118270.6001,119123.8189,119963.6907,121246.2043,122707.5396,124709.3963,126868.0211,129677.487,133059.548,136676.7091,140047.4006,142940.7928,145527.5012,148004.0203,150188.9252,152411.895,154559.1839,156781.6583,158598.938,159971.7437,161112.1195,162186.1136,163274.5675,164196.3256,165130.0749,165915.3074,166848.9743,168013.6952,169570.163,171188.3104,172687.0247,173905.5201,175300.281,176798.0387,178898.7123,181266.7079,183705.8598,185655.2147,187229.2702,188817.5521,190537.1677,192141.3207,193405.0852,194653.6015,195648.9859,196826.1672,197934.4997,199539.3045,201247.1163,202826.948,204093.1014,205197.8096,206524.0995,207955.0966,209458.2268,211071.6768,212478.9083,214044.4769,215747.3452,217872.9914,219969.8891,221855.4957,223230.6683,224156.1817,225022.0397,226144.2677,227691.3241,229259.6111,230829.5664,232358.139,234055.1236,236213.3326,238506.2997,240140.246,241185.5543,242119.2189,243395.0844,244760.6961,245676.1958,246417.7427,246862.2496,247321.6589,248105.0375,249180.3232,250308.8689,250981.8649,251732.4844,252752.0515,254500.1718,256112.8406,257492.18,258435.298,258897.2013,259131.1777,259617.7994,261137.4314,263590.6382,266279.7503,269221.2291,272040.0619,275169.6967,278477.1633,282303.485,286310.5264,290547.1893,295493.3129,300857.492,306461.824,311963.7923,317668.7704,324019.2856,330732.6703,338492.566,346714.8208,355206.5614,363514.3607,371057.5181,377793.6521,381737.9406,382783.6308,381183.1682,378930.6971,376913.4579,374703.8324,372776.7904,371410.7777,371167.4719,371137.4426
99001.26214,99487.81264,99703.01028,100310.4191,100858.4606,101420.9006,101861.2392,102129.1715,102515.5641,102988.6114,103639.7737,104384.2083,105462.2693,106619.9417,107885.3833,108975.948,109965.3441,110978.2754,111973.2238,112967.4715,113786.1578,114456.0877,115077.3641,115580.5147,116229.131,116523.2285,116804.4597,116976.2276,117448.9723,118025.9034,118547.9674,119120.2822,119891.2836,120681.4806,121459.4495,121979.8153,122545.7086,123133.1086,123949.9026,124879.0811,125960.7952,126935.7741,127702.7356,128326.6887,128859.6393,129402.7533,129948.2683,130577.2167,131290.0374,132197.9617,133494.2967,134851.7178,136263.7421,137464.5612,139046.3503,140909.004,142948.336,145102.3709,147135.0125,149137.2697,151014.0206,153154.8969,155631.1216,158595.1493,161685.0475,164897.6092,168044.5274,171582.0964,175567.773,180084.629,184412.2882,188841.7809,192596.5113,195679.2705,197830.197,199790.1059,201050.1951,202782.3353,204191.7884,205854.7865,206410.1345,205932.958,204777.472,203562.8505,203104.9027,203236.5556,202786.5006,201464.3017,199730.0835,197891.362,195929.9374,193773.8963,191367.7579,189694.6765,187578.1087,185406.6167,182398.5676,179370.3868,177068.4959,175262.4341,174158.1786,172489.3271,170763.751,168609.0442,166387.8206,164234.23,162084.2172,160803.2015,159512.1872,158656.4847,157020.6452,154968.5535,152355.0676,149940.4004,148092.1852,147349.6869,146941.5411,146547.3791,145979.5796,145007.593,143589.6258,142170.572,141812.111,142082.0175,142241.1573,141933.2955,141214.648,139993.6453,138601.5193,137106.6806,135630.0428,134235.0116,133229.7731,132690.2966,132260.5918,131796.9233,131060.5234,129937.8541,128815.8823,127774.8572,127041.802,126361.5742,125665.5041,124634.0472,123494.2364,122417.2461,121574.3086,120985.16,120628.0405,120645.6744,120663.6892,120576.3642,120412.9968,120368.7421,120658.75,121146.6816,121896.3597,122403.6407,122859.3905,123032.7184,123567.4603,124311.2154,125025.8325,125593.8154,126145.3412,126739.3383,127244.9619,127522.1629,127969.596,128437.6272,128893.483,129184.53,129599.7691,130224.3436,131019.3912,131498.7392,131654.0368,131498.4274,131781.3078,132067.9906,132674.3212,133160.3516,133730.0495,134359.1381,135307.6661,136654.6506,138075.1505,139212.0747,140227.7213,141325.4616,142511.2898,143355.67,144253.1153,145272.5713,146345.3304,147312.2197,148099.0243,148992.3028,149735.8877,150475.6996,151406.2397,152479.7483,153613.7572,154451.1467,155291.9539,156037.513,156950.7223,157931.3826,159016.2457,160274.1202,161495.6791,162790.071,164107.9513,165447.4333,166753.7176,168042.9422,169609.3643,171304.4698,173194.3531,174867.5537,176263.4383,177234.6034,178181.9789,179121.1816,180039.8458,180736.9807,181390.3274,182265.381,183142.7901,183979.8813,184547.936,184965.0389,185236.4598,185551.9864,185864.3047,186414.729,187291.2838,188775.3026,190804.0515,192951.5544,194784.609,196338.3392,197627.0083,198626.3654,199032.128,199391.0865,200227.9461,202132.6335,205119.1874,208816.3083,213114.5026,217540.4662,221897.4829,226108.1276,230473.2013,235588.8251,241172.8716,247358.495,253034.5321,258131.1463,262227.2418,266457.2203,271013.8884,275779.6006,281601.0141,288109.4861,295308.8521,302253.6291,308870.2888,315171.335,319428.217,321393.4048,321149.1991,320782.9711,320442.9853,319804.6741,318687.257,317534.566,317003.8839,316329.7145
72612.74379,72841.75583,73017.56999,73368.62362,73641.52749,73949.46166,74302.46117,74633.0513,74962.87761,75231.68557,75549.84341,75888.89682,76304.46792,76788.11993,77276.10036,77790.4043,78335.5596,78937.40846,79581.84683,80272.90877,80998.834,81702.53727,82375.55745,83057.3701,83808.19059,84592.5279,85403.18242,86259.51587,87219.95665,88294.18169,89467.6169,90735.25696,91901.62312,92987.21625,93902.57747,95070.80723,96376.62053,97837.15154,99232.26124,100668.2746,101946.0775,103085.812,103982.7148,104970.4983,106186.3165,107491.3445,108786.3469,109815.2898,111035.5895,112228.9074,113682.5737,115038.5026,116729.0974,118530.9356,120585.2114,122768.2385,125007.2806,127337.7093,129615.6965,132094.1604,134555.6947,137034.8841,139349.0884,141643.6285,144499.3837,147976.9589,151771.7445,155576.481,159572.2722,163303.797,166372.1454,169018.8437,171766.3179,174432.681,177553.2526,181017.6106,184764.7503,187870.2235,190551.2382,192576.6726,194002.087,194830.2414,195761.2363,196756.3186,197148.4209,197411.1923,196938.1256,196790.7011,196238.547,195449.3929,194486.4285,193188.6768,191375.9015,189573.3749,187326.5923,185603.4797,182057.1912,178048.8069,173241.2803,169232.0498,165315.6462,161412.8285,157029.9853,151929.711,146227.0475,140419.4213,135623.7743,131230.7353,126455.3028,121415.5469,116299.1572,112122.7187,108749.9572,106659.7725,104721.1662,102622.886,100039.5241,97575.22163,95047.23795,92870.63514,91611.87216,90856.02126,90153.35935,89208.07887,88106.4285,86359.20404,84488.15815,82685.36933,81595.48864,80324.16318,79127.9059,78243.78545,77443.16565,76517.72828,75737.6849,75356.09858,75036.90833,74315.84902,73574.92167,73314.54722,73395.07004,73681.67888,73887.62428,73966.43477,73704.69666,73157.47182,72347.3692,71869.41964,71674.44128,72061.18605,72766.77658,73524.98185,74349.26527,75227.75545,76291.13516,77357.24554,78534.24584,80026.26234,82057.43882,84415.46793,86647.51754,88517.85901,90121.14064,91507.45768,92580.63144,93420.36547,94461.01496,95813.85941,97221.42046,98584.89275,99815.86451,101269.2421,102762.9546,104104.4304,105455.5662,106870.0936,108506.401,110084.6635,111383.4163,112443.3314,113256.3299,114241.0091,115383.0496,116486.2255,117325.4476,118013.725,118790.8315,119930.6923,121338.8612,123165.642,125027.5947,126865.6972,128510.031,129971.9176,131252.4272,132449.5714,133402.9651,134579.1839,135515.361,136765.9896,138181.8569,139963.9871,141627.9674,142553.3653,143376.3572,144687.7023,146692.8161,149041.0417,151319.6966,153872.0597,156332.0151,158754.6489,160675.3244,162370.6356,163810.3859,165423.4584,167200.2863,169104.9552,171120.3139,172853.0607,174603.4774,176284.4009,178263.8144,179911.02,181205.9247,182319.5978,183597.071,184870.7518,185601.4621,186180.5113,186246.3649,186018.1585,185366.5188,185163.2538,185437.2583,185834.6876,186257.6562,187085.7355,188913.9489,191319.7197,194193.3342,196932.0069,199195.7069,200208.9924,199981.6251,199408.5755,199360.8847,199859.0314,201232.2474,203019.1614,205488.3066,207692.7752,209727.3723,211786.1212,214201.7867,218033.8433,223320.2305,229750.3001,236501.2012,243228.4084,250007.0286,256087.7301,261855.6606,267466.9405,274581.7799,282382.8521,291118.4878,298755.318,305114.9137,310814.9718,316152.2388,320951.3913,324874.5264,327704.4016,330947.3368,332392.8197,333194.2186,333776.5725,335839.8416,338518.1666
99865.85275,100266.5454,100361.4027,100724.0491,100795.7385,100861.7523,100872.0963,101000.6257,101306.9092,101755.4713,102356.5009,102896.074,103334.1205,103591.7521,103939.5,104300.8013,104645.4903,105020.7299,105549.7498,106303.844,107128.5911,107821.8949,108320.2727,108699.9332,109157.9906,109788.7735,110528.2136,111474.1107,112287.4466,113090.7613,113673.8965,114553.2751,115430.1903,116184.6115,116567.0685,116883.2679,117403.9023,118163.3515,119023.4912,119855.6788,120712.7409,121598.8591,122626.8863,123669.9191,124820.9616,126240.0516,127607.1679,128799.0461,129630.2201,130671.3185,132008.794,133622.585,135364.9165,137160.3286,139212.9111,141484.1958,143874.6932,146129.2633,148531.4036,151015.9556,153621.0024,156418.0781,159513.5927,163283.7932,167169.7145,171318.7281,175733.8687,179872.2948,184564.514,188561.1964,192604.4804,196030.1452,199394.3293,202643.3911,205934.9003,209620.9977,212839.909,215307.8615,216067.5761,216872.9237,216817.4503,215996.0028,213906.4408,210582.9038,207787.4224,205033.1128,203368.5441,201460.0602,198695.4389,195080.2619,191156.9255,187868.5494,184440.476,181212.1068,178707.5624,176499.1476,173297.7587,168799.6642,164726.9078,161622.9049,158929.3752,156133.7684,153451.3411,150979.6207,148455.2171,145514.765,141759.5141,138130.1805,135253.0331,133359.1309,131562.1787,129637.5484,128057.0477,126511.284,125087.545,123554.9209,122385.5163,121762.6645,121863.9292,122075.6155,122490.1492,122720.2449,123100.4782,123264.7209,123735.9223,124224.8056,124234.1547,123703.9983,122597.6992,121518.5765,120229.1756,119166.9024,117863.0987,116394.885,114823.7178,113465.1235,112224.2815,111136.2102,110050.805,109109.3104,108468.3711,108370.1588,108557.1937,108681.463,108365.1219,108471.0679,108958.9713,110033.8629,111089.5194,111877.3584,112751.836,113443.1075,114108.2253,114506.0663,114981.5553,116015.6974,117451.0979,118763.7501,119825.5252,120724.5945,121950.0505,123277.942,124850.5459,126485.8167,128206.3351,129849.1489,131133.3962,132397.4036,133697.8016,135523.8448,137205.3483,138505.1835,139696.0667,140940.7915,142709.3251,144262.0976,145691.7185,146733.8887,147763.9361,148823.5367,149968.314,151053.0968,151999.7928,152902.8742,153758.7951,154672.4795,155901.2316,157341.5611,158993.1056,160639.7042,162676.5363,164842.635,166815.7041,168540.5431,169834.3222,171017.632,171853.028,172605.179,173424.4842,174470.4696,176064.9888,177710.8865,179321.0425,180433.9439,181202.8658,181806.6568,182475.9544,183142.3566,183551.3284,184195.1186,185036.3326,186061.4095,186920.8053,187796.5736,188873.6792,190061.5684,191262.0326,192526.6708,193855.2798,195004.1661,195730.5996,196133.1244,196845.8611,197451.17,198134.4203,198586.0934,199399.5577,200390.0303,201368.5794,202189.0817,202632.1821,203016.7369,203133.952,203475.0181,203836.6091,204485.9804,204984.1361,205601.7394,206403.9687,207434.4865,208787.7876,209932.9523,210794.9531,211106.399,211233.5258,211707.0079,212662.3402,214305.8666,216560.6271,219110.2742,221954.1065,224493.8533,227017.268,229574.8892,232551.5442,236204.1691,240652.3915,246002.7122,251607.8683,257098.5567,262286.3481,267595.5186,273341.7492,279631.8711,286704.7931,294226.1422,302480.1966,311003.8237,319227.4926,326044.449,330755.7271,332884.6658,333038.3014,331940.9138,330455.9387,328304.063,325958.2998,323811.5833,322484.0678,321503.3543
148770.0034,149253.1682,148679.8811,149170.5735,149435.0335,150384.5441,150962.3841,151488.2086,152875.2021,153996.4797,155763.3871,157030.517,158273.1983,159203.8663,160617.2628,162427.71,164842.4761,166790.7648,168502.3983,169573.697,170896.6759,171998.5483,173068.5281,173421.1736,173594.5688,173738.6554,174242.8207,175109.2846,176198.2834,177581.6397,179181.1189,180642.0568,181952.0364,182935.3544,184084.5505,185558.1858,187278.8128,189217.7365,191395.2361,193595.3118,195840.337,198124.8068,200681.9327,202983.0667,205081.5553,206950.5415,209084.6073,210896.5217,212597.796,214170.4298,216371.0743,218851.5117,221671.0439,224182.1485,227158.1032,230070.0991,233019.6586,235896.0702,238951.1642,242324.4851,245517.5573,248816.667,253418.4257,259493.4658,266216.5385,273414.3556,280599.9949,288011.8457,295326.293,301611.3924,308431.7122,314517.0665,321105.4264,325310.316,328974.3073,334112.0117,340555.6496,346607.9502,349412.8416,350904.5566,349772.2725,346659.2638,342232.0973,337953.7265,333439.4852,328516.7688,323441.016,318808.353,314252.4952,309923.151,305656.2196,301169.3265,296057.6649,290806.9767,284460.7758,277696.6325,270580.3445,264793.1486,260500.3122,256343.0874,252064.168,247100.4873,242817.2497,238370.7323,233878.9881,227983.1137,223577.6666,219552.0923,217149.0659,214210.8694,211067.1067,208082.0737,203853.3437,199473.6123,195125.3145,192485.4952,191198.3753,191386.4931,191590.5864,191902.986,192034.9619,192611.3374,193179.166,192388.8528,191105.3305,189705.1089,188724.7685,187384.0552,185647.1147,183940.4966,181717.8253,180276.9401,178916.8916,177792.4725,175794.8236,174009.2903,173052.7239,172487.9418,171639.0192,170787.6081,170517.3428,170876.4363,171567.4443,171860.2435,172622.6877,174094.7422,176273.2797,178484.5025,180276.1571,181745.0133,182876.2435,184213.3941,185487.2707,186937.9893,188105.5626,189727.8714,191796.2676,194422.875,197200.9937,199892.7571,202862.5586,205978.0424,209310.3009,212311.9743,215054.3364,217760.0168,220015.996,222227.4599,223967.5422,225909.8909,227861.1355,229489.6423,231147.1659,233022.1952,235430.6562,237734.5183,239897.4313,241855.6134,243591.2511,245061.1582,246175.1996,247219.6608,248032.7251,248942.5483,250253.7793,251821.5368,253790.4158,255705.075,257805.2546,259834.4223,261938.7369,263829.0104,265553.7463,266713.664,267394.1532,267959.2221,268758.6344,270018.335,271416.6694,272684.8208,273841.6429,274736.7199,275514.98,276240.7231,277104.8932,278279.2225,279360.8939,280219.8493,280757.8115,281333.6056,282130.513,282988.3054,283909.9583,284889.727,286083.2981,287208.3565,288214.413,289114.0998,290377.3121,291672.603,293179.065,294613.9639,296520.9724,298737.386,301117.1593,303425.4142,305652.8843,308069.2354,310080.3689,311781.9333,312721.1424,313277.6979,313230.8203,313365.3747,313723.4109,314324.9986,314883.3863,315732.6763,317021.0244,318491.6955,320259.9731,321786.153,323127.8435,323606.6024,323423.127,323357.075,323968.0702,325817.7291,328598.242,332102.0448,336266.6541,340487.9807,345074.6111,349935.2519,355579.7142,361550.6698,367970.3096,375260.9667,382807.8241,390682.0867,398169.0438,406202.1462,414851.3795,423611.5514,434061.9599,445799.5763,460569.936,476055.7913,491651.1801,504510.843,512663.6268,515352.1156,513011.1895,509438.5403,505428.725,501658.7169,497656.813,494436.9699,492395.316,490921.9243
243350.1449,244316.3349,245007.3065,246760.1622,248453.6347,250648.8009,252692.9736,254413.4973,255710.2342,256853.1125,258228.3648,259784.25,261460.6922,263172.8501,264691.5599,266386.0276,268652.1581,271692.7759,275282.4195,279269.2069,283433.7586,287550.2823,291368.199,295124.0566,298447.4833,301584.3488,304765.5333,308405.0575,312366.2155,317084.6771,322491.0213,328652.8424,334097.7513,338970.9921,342963.3878,347913.1161,353606.2612,359650.1813,365206.3249,370424.4911,375359.7037,379627.2379,383039.9892,386102.4676,389587.2066,393669.4253,398106.5502,401944.2468,406074.9728,410009.4069,414716.6168,419367.157,425358.375,432049.8666,439503.4336,447445.8589,455556.8022,463515.4712,471222.2635,479406.0553,487676.2147,495904.1118,503818.4797,511887.3413,521708.2289,533695.2213,546389.7972,558410.3311,570407.1377,581785.5895,591700.0055,600248.8087,609109.6117,617276.8437,626891.7956,636934.0249,646789.3541,653442.5946,658591.632,661862.0518,663775.7332,664342.4328,666329.0,667775.302,666500.3318,664439.3104,660643.6751,657720.8662,653394.9167,647403.2116,640383.8141,631753.0154,622543.1617,614295.4306,605675.8431,599389.9557,588015.137,574084.3865,556661.1227,541477.363,527673.8045,515622.9909,503622.107,491892.1178,479690.375,466592.3983,454079.196,441091.9969,429039.3163,418542.5756,408719.812,400607.4825,393286.4221,389060.6297,385544.6356,382998.8446,380213.0995,379616.2333,378693.287,377928.177,377189.5679,377972.6432,380657.4309,383706.3904,385820.9556,385404.8842,383002.6343,380002.0029,377668.1446,375142.5898,372744.5437,371638.5349,371094.9947,370698.5164,369247.8333,367847.2619,366800.7681,366003.6543,366304.5387,366604.8888,367413.8511,368182.3179,369449.3413,369296.8465,370578.0311,371266.8484,372567.6349,372615.6581,372246.2219,372906.4791,373939.8346,376292.6095,379430.8021,381685.1233,384592.5902,388010.9016,393098.2154,398251.271,403360.1992,409092.0229,415132.79,420933.8245,425873.2148,430667.3528,435064.5142,438439.4293,440766.8108,443182.7384,445661.3708,448647.3874,451753.1233,455553.665,458704.1216,460961.1874,462765.8832,464436.5941,466264.9277,467502.022,469471.5162,472136.3198,475685.011,479720.671,483913.9245,488319.993,492260.1892,495556.5057,498766.681,501742.1337,505348.5869,508578.429,511887.4338,514431.059,516455.6929,517645.4686,518262.0316,518981.2996,520363.5457,522768.9166,525726.9932,527951.7747,529014.9289,530458.9659,532130.285,533387.0605,533342.1551,533403.963,534783.4896,536864.8537,538593.3351,540071.2237,542084.0931,544046.5418,546133.32,548034.0033,550815.5301,554265.254,556192.8847,557159.7303,557072.4162,558306.3159,560667.5407,562814.4341,565152.2668,566647.4142,568098.5138,569331.2175,570721.7022,571927.9928,572620.4749,574147.4572,576297.4699,578183.3456,578506.6506,578684.2105,578626.496,578689.5025,578105.7208,578618.6616,580504.9502,583606.5712,586705.5183,590463.6931,594301.1446,597983.9615,599161.9816,599070.0089,599291.6641,602790.8107,608784.5937,617225.5391,626805.8517,637538.5092,648144.4598,658832.3395,669889.5312,682058.0595,695327.0461,708843.2624,720582.9623,730026.4665,738198.0229,746785.4516,757021.9368,768677.1942,788209.2798,813322.9327,843200.3211,870200.3972,893594.5139,914261.3552,929274.9557,937770.1932,939282.7001,939500.0898,940753.9656,941884.1018,940136.6679,937155.1953,935437.9765,937632.8422
80541.14936,80835.88455,80993.92973,81132.6404,81257.27628,81438.30592,81827.46468,82117.85285,82373.71326,82659.61964,82958.26586,83323.25771,83716.33239,84083.08284,84365.07343,84711.68307,85071.49244,85438.48767,85664.66654,85656.95984,85570.19328,85615.45154,86003.58926,86766.46745,87412.0978,87828.08725,87868.58076,87727.53104,87676.70133,87861.72724,88358.00957,89089.08273,89612.84574,90031.3157,90316.11022,90967.7798,91618.92508,92394.539,93077.37471,93920.33588,94835.09524,95779.59872,96517.15446,96944.77221,97394.32991,98112.87213,99087.10135,99938.18951,100613.6553,101145.2603,101752.9925,102426.5957,103138.1497,103968.5513,104880.2482,106075.9452,107368.4634,108573.8972,109762.0218,110679.4278,111860.27,113043.7527,114427.6199,116035.5146,117828.1428,120371.7812,123197.4343,126319.0339,129163.4815,132026.1474,135184.7797,138018.2026,139623.4396,140386.0918,141855.0698,145934.6437,150912.7559,155609.289,158241.404,159991.2873,160783.4742,160665.9686,160029.1889,159419.2924,159987.3199,161180.1614,162345.5766,162775.5757,162361.5316,161603.603,160540.6826,159419.8574,158113.619,156523.1129,154124.1431,151786.6786,150217.1103,149350.4864,148766.3927,147737.51,146245.1434,143807.6865,141081.8923,138280.1871,136120.3577,134435.7326,132996.8173,130833.7889,128168.4637,125661.2451,123712.887,121761.7122,120144.2555,118286.2646,116746.9913,115104.901,113727.4313,112169.8787,111047.4868,110272.1124,110023.5779,109776.8149,109389.7052,108829.345,107923.3856,106844.2327,105903.5183,105183.4969,104756.8742,104177.9996,103112.5901,101942.92,100227.7797,98742.77267,96713.37699,94946.38004,93372.17482,92281.69914,91268.37756,90121.21393,89352.72766,88740.33506,88277.96255,87622.62111,87358.03132,87684.33191,88829.85692,90295.86572,91659.38597,92630.05361,93256.61434,93522.10853,93596.61334,93877.36007,94478.8273,95336.8425,96191.36645,96735.94537,97406.67187,98296.81483,99699.80712,101133.9201,102695.2513,104329.0015,105987.4975,107499.2168,109008.908,110522.6637,112049.2377,113316.0867,114411.3473,115218.1573,116051.4835,116850.7554,117821.3895,118672.4995,119238.1386,119627.3304,120381.776,121487.6665,122630.6533,123384.6422,124189.0687,125172.5615,126416.2181,127681.9476,128945.7959,130129.1301,131122.7398,132205.6418,133412.6214,134949.5477,136344.1734,137592.6646,138418.6726,139227.3534,139764.3112,140439.962,141088.9641,142117.3807,143245.4503,144666.6349,146151.7845,147917.6758,149502.5484,150830.9354,151959.272,153058.7776,154066.49,155338.3187,156809.8489,158598.6546,160003.577,161204.7605,162293.3232,163486.2143,164622.0469,165887.4545,167309.3729,168771.6138,170109.4178,171464.2932,173009.1968,174341.6525,175408.0519,176522.1186,177934.4108,179617.184,180925.2282,181956.4492,182588.1103,183043.0737,183413.174,184023.3274,185020.021,186184.9738,187188.1651,188316.9373,189543.0558,190917.9828,192174.8747,193467.977,194621.4461,195471.4618,196066.0366,196949.7734,198583.8195,201051.8306,204153.2365,207164.7903,210023.22,212538.0326,215258.4925,218303.8403,221701.8971,225147.6694,228834.7018,233297.8974,237618.3353,241438.8446,244332.2347,247723.7548,252030.5514,256810.2242,262885.6347,269845.9015,277553.906,284786.8232,290910.48,296560.5643,300676.3419,303196.4007,303632.6972,303171.5986,302098.9905,300405.7778,298436.4423,296750.115,295923.9268,295458.5843
71440.81367,71587.29301,71778.00782,72188.5997,72705.21722,73300.22309,73835.2909,74346.74294,74877.43073,75420.26487,75875.87325,76271.81712,76636.2083,76971.73565,77367.33083,77779.53128,78236.99442,78711.36513,79113.04121,79695.34992,80222.99396,80834.80609,81417.48411,81965.20001,82537.24486,82952.46825,83241.61491,83601.36672,84042.25089,84621.33742,85188.95831,85917.33924,86660.60595,87504.11584,88290.29528,88974.42598,89385.81269,89615.55594,89990.66372,90680.04589,91397.66766,92114.50516,92728.04495,93409.19344,93977.85254,94451.49786,95119.43058,95917.01672,96883.26233,97836.98877,98876.41359,100069.2794,101436.623,103106.7242,104764.5564,106551.7482,108167.1538,109827.7099,111112.1544,112490.5636,113939.7649,116008.4698,118159.3544,120678.4449,123377.3749,126457.0317,129584.1395,132362.7567,135017.8902,137523.6479,140247.1566,143338.4923,146544.0594,149992.9808,153478.0265,157417.0997,161509.1383,165276.0834,168270.3885,170344.7923,171726.8165,173416.0529,174544.7191,175768.1627,175793.8501,176424.4209,176745.9545,177427.0141,177715.7551,177391.4122,176726.8412,175097.9875,173459.4551,171344.6416,169866.7562,167968.734,165939.1331,162789.7357,159763.5322,157020.5546,154599.004,152188.2233,149505.308,146824.4166,143641.8997,140162.4123,134960.583,129317.2793,123198.0585,117599.1414,113167.42,108925.8161,105615.7299,101375.2154,97944.42793,94960.71413,91737.20006,88619.86312,85649.24047,84409.87714,81992.67164,79903.78246,77886.37597,76744.15595,75583.16372,74302.41271,73437.35657,72842.06463,71945.30214,71393.60672,70630.61001,69724.79156,67579.73921,65375.39725,62902.50276,61564.64352,60348.05827,59851.62603,59336.51196,59094.51863,59015.63802,58887.64329,58742.9972,58651.0179,58939.62192,59229.54137,59080.99092,58816.83174,58825.96187,59666.98772,60852.80387,62006.78527,63112.38773,63667.42656,64071.59652,64352.49272,63996.37088,62930.36959,61660.0469,61516.29041,62556.82441,63877.03087,65216.24104,66449.01734,67804.49982,69469.272,71185.9697,73019.58951,74859.5719,76680.16135,78344.5077,79838.62193,81159.15898,82256.61715,83130.9716,83791.5228,84539.92081,85229.95882,86353.47563,87624.66835,88876.87204,90121.48177,91421.48815,93009.50167,94594.15961,96226.59457,97986.83781,100070.7943,102506.0904,104928.7562,106557.6818,107213.9369,107536.7821,108248.3759,109352.5569,110761.479,112090.5848,113611.9474,114907.9172,116419.0224,118222.3404,120261.6792,121931.804,122864.3407,123800.0152,124968.9673,126584.86,128385.2299,130522.0144,132854.6145,134979.6148,136665.6538,138178.603,139828.8249,141775.2865,143477.1991,145409.3443,147419.6094,149878.5487,152052.0773,154062.675,155468.3452,156386.1639,156939.9883,157587.8245,158583.667,160496.9328,162843.7924,166138.219,169329.1987,172404.842,173857.3637,174513.881,174292.1488,173984.3681,173389.2772,173005.1021,173097.4038,173968.8614,175431.7669,178325.2701,181844.8851,185617.9446,187967.0178,188940.2956,189398.83,190273.7853,192034.7252,194191.2167,196878.4484,199861.4677,202824.8497,206573.8893,210803.0216,215457.5784,218853.77,221518.0127,224118.8109,225263.3392,224879.3639,223430.1296,223426.1616,225528.1075,228403.7922,234608.5388,243111.1731,253540.0966,261789.6158,267207.4569,270870.527,273306.262,274734.6921,275347.1285,275555.6134,275850.1211,275464.4197,274911.2956,274680.7975,275711.2943,277076.0331
67610.74745,67685.82552,67555.84712,67161.80854,66458.37333,65870.00102,65196.248,64669.26518,64420.38871,63976.45642,63557.43943,62519.38136,61897.87182,61356.65779,61286.82984,60892.37886,60439.69067,60207.70989,60774.08667,61216.74658,61518.23867,61724.45385,62770.25085,63706.51386,64744.84919,64844.09204,65006.62521,65090.16413,65675.34145,66181.81247,66314.47817,66563.6693,66472.45522,66555.59401,66559.15397,67366.09585,68607.48449,69870.72432,70679.70192,71209.9284,71586.29418,71871.88131,72264.48841,72733.52327,73246.86088,73509.18767,73109.33863,72974.86205,72712.98282,72881.5108,72876.79514,73244.11148,73597.18067,74217.92176,74660.02154,75754.28193,78041.42106,80700.28672,82773.03943,83693.02997,84968.66123,86682.36893,88230.55147,89581.66677,91290.685,93298.87769,95509.41802,97761.22598,99625.56705,102401.9263,104899.4381,107867.9347,108820.7862,109094.5456,110109.2094,112589.5453,116113.6824,118484.8756,119968.9456,120299.5192,120627.8058,120317.6099,119060.4835,116703.9215,114624.239,114041.3025,114705.754,115288.0017,115163.4614,114153.7247,113140.8864,112107.4536,110937.5715,109305.8278,107990.5597,107458.709,106880.6762,106266.3445,105142.6681,104259.2046,104313.6291,105150.1696,105719.2112,105233.592,104078.6365,103431.1478,102823.159,102444.0222,102093.0832,101789.4949,101547.2496,101488.8729,101209.6717,100532.2223,99268.87272,98017.27686,96910.39338,95910.09582,94936.96228,94078.54933,93772.73706,94587.78373,95003.27969,95389.14619,94423.5969,94257.49837,93719.12315,93681.80608,93651.56049,93473.00549,93237.69537,92057.47866,90563.94329,88323.53788,85837.67168,83939.04423,82313.0443,81166.20785,79905.97931,78970.51382,78446.16819,77559.19879,77457.23898,77459.90986,78777.89686,80386.37142,82320.91409,83375.12586,83722.64491,83750.97742,83455.80379,82865.65925,82244.23462,82313.40875,83036.83963,84022.41542,84768.03819,85305.05379,86072.27565,87105.24859,88123.20655,88880.93196,89260.55221,89278.87047,89063.81792,89137.49414,89224.48887,89523.67472,90010.34404,90810.70952,91280.50938,91090.11285,90655.41126,90597.39153,91355.03943,92101.81698,92261.7043,91827.13393,91567.19314,91969.13753,92726.00742,93344.9854,93965.31938,94583.97052,95493.63482,96398.3811,97405.77301,98129.29982,98906.36147,99208.98456,99453.83534,99653.50327,100422.0599,101519.4302,102578.7882,103670.5262,104885.8845,105908.9067,106604.7985,107032.1024,107416.1939,107928.5821,107990.3466,107895.3502,108177.9442,109401.1016,111216.6185,112868.8209,114261.1074,115207.4746,116159.6661,117309.008,118570.1567,119597.491,120314.1022,121477.2323,122248.1527,122507.261,122544.3092,122669.8957,123305.4681,123549.0326,124315.3723,125411.0126,126887.662,128287.7411,129447.915,130216.9733,130507.6402,130512.1538,130627.588,131127.9697,132500.2882,134685.3218,137284.1322,139857.9162,141714.7125,143369.454,144864.0241,146794.3347,148973.6614,151156.2235,152877.1619,154250.5946,154832.9993,155365.197,156349.2832,158160.4397,160831.8623,163912.1461,167290.1079,170482.6667,173404.8841,176072.9486,178848.0076,181726.5408,184938.9843,189138.0563,192228.6972,194317.9801,195207.4368,196930.9845,199976.2412,203044.9836,208432.41,214988.8666,222345.5968,228215.8744,232471.3429,236544.651,239334.6867,240822.9349,240644.0273,239994.9392,239715.5029,239349.1853,238936.5119,238394.7634,238144.2252,238089.3898
89432.65667,89728.2369,89979.53433,90478.67942,90900.68975,91339.87153,91816.59116,92340.13528,92928.33177,93467.31901,94017.1553,94612.66101,95222.84851,95796.53892,96254.86808,96750.99274,97365.67011,98032.44081,98784.87068,99592.20584,100528.4749,101465.2122,102416.2536,103355.7457,104352.9205,105373.6853,106379.3099,107411.0924,108402.8786,109457.9161,110641.5294,111961.8183,113223.1494,114368.9963,115445.4574,116906.6818,118569.5028,120349.8991,122024.5706,123672.3786,125138.3097,126472.0945,127636.5644,128960.9184,130413.5071,131862.6844,133291.2521,134462.0954,135922.4014,137334.7078,139048.9558,140617.7384,142488.3446,144487.5959,146747.8914,149097.8969,151443.634,153861.2591,156266.6423,158953.6427,161586.687,164207.7402,166726.5957,169251.2118,172533.3047,176458.9035,180797.4512,185065.3163,189585.7619,193894.1547,197689.8179,200983.1592,204414.2722,207639.9906,211792.701,216547.1014,221692.8188,225613.542,228934.318,231512.0177,233506.8557,234882.077,236369.9699,237959.6377,238790.611,239495.7301,239338.7072,239483.6337,239188.8012,238959.0917,238501.5571,237744.7508,236030.3542,234427.7513,232166.8257,230755.7303,227075.0064,222512.4196,216887.827,212057.0774,207913.0302,203900.0703,199608.2966,194213.5431,187403.9624,181097.2284,175316.4141,170665.5866,164858.8991,158234.0678,151488.4409,145661.7133,141446.3914,138404.4141,135580.6014,133206.7439,130426.6251,128203.4195,126403.1938,124758.5385,123506.1984,122359.015,122013.9368,121814.2666,121229.7387,120065.4702,119329.9781,118219.2873,117455.6615,116099.4049,115217.3837,114150.3939,113512.2257,113196.8789,113594.9911,113937.485,114138.4712,114170.6261,114180.3784,114135.3072,113229.5271,112167.7547,111548.9118,111523.4869,112058.1597,112475.944,112803.8136,113280.9023,113801.4825,114861.849,115505.797,116420.4434,117490.7377,118906.9796,120379.6767,121939.2101,123355.7234,124860.8174,126268.5567,127672.6282,128817.5322,129779.7499,130880.1953,132299.0643,133955.5849,135987.5111,137800.4171,139428.3936,140711.9513,142204.2557,143790.7796,145785.2397,148037.1537,150119.7944,151869.9444,153362.5245,155412.4883,157647.7168,159712.172,161509.1259,163102.2838,164708.3658,166181.4504,167913.9779,170045.6658,172150.8032,174117.6939,175858.8098,177856.4586,180187.461,182761.1798,185572.8182,188045.7265,190482.2763,192674.2787,195135.9161,197328.7792,199428.7614,201291.7473,203148.878,205218.1163,207215.8043,208755.4096,209913.8827,210924.6081,212344.806,213822.1732,215721.1879,217651.7067,219817.6485,221996.2761,224367.7506,226833.2921,228978.809,230911.6992,232806.1199,234783.8255,236760.038,238434.5171,240154.0663,241704.7324,242995.4869,244357.1362,245772.6006,247631.5106,249093.398,250394.6436,251600.939,252198.5236,252735.4666,252526.4222,252726.1887,252581.3651,252710.7484,252790.7103,253088.5667,253767.9287,255046.8785,257104.1861,259403.5369,262253.0647,264674.7035,266713.8526,267677.8383,267960.1824,267937.8987,268052.2478,268904.6574,270811.1994,273378.9671,276554.5607,279512.8118,282101.0073,284496.6069,286796.6446,290162.834,294450.9308,300139.1908,305692.1383,310854.2434,315349.1431,319478.5417,323770.7368,327836.3186,333511.0282,340493.0422,349210.6781,357229.4652,363689.8917,368882.0139,373466.4472,377275.8679,380178.5664,381980.1878,383833.8922,384697.4929,386390.1489,388340.3704,391212.3442,393581.1083
181985.5989,182409.0551,183380.5036,184731.1861,186335.6665,187982.1866,189945.8396,191711.4414,193195.8834,194508.1064,195760.0734,197040.7641,198638.2942,200656.7475,202732.9899,205487.357,208423.7584,212328.4518,216480.3978,221413.6054,226125.528,230752.0736,235238.3685,239417.1003,242837.1296,245838.251,248343.9843,250970.2269,254058.9104,257653.3144,261642.3077,265139.7919,267920.3031,270638.4221,272654.0257,275768.4366,279149.4956,283240.8056,287719.6084,292352.5282,297424.533,302423.0543,306768.077,311066.3441,315570.3216,320900.5288,326224.9506,330466.4051,334631.4142,338599.425,343567.6669,348422.0742,354357.3441,360812.3247,368836.0898,377467.3186,386376.7777,394983.6938,403454.7127,412887.2308,422210.5197,431514.858,439662.1677,447051.1277,457059.4169,469085.1055,482906.3924,496334.4979,511074.7717,524834.4303,536126.1608,545483.5241,556021.6371,566138.3717,577804.196,589638.7395,600681.5241,609403.7512,615657.6159,620453.7365,622765.9708,623749.8533,625414.8181,627494.9147,626604.263,626448.8354,623185.2751,621819.7583,617931.6172,614083.5482,608856.7683,602805.8406,595452.551,588601.921,580739.3762,573462.9008,560954.0657,546278.5199,527016.8556,510636.5034,493729.002,479771.4458,465161.8968,451100.1216,437656.9005,425168.6232,413417.6136,401269.6017,388121.9846,375786.7724,363908.3958,354034.4599,347150.0976,343686.9183,341333.4183,339086.1154,335624.686,333657.4385,330358.9761,327584.6757,324775.1687,324335.1375,325543.0414,326404.8409,327062.4275,325839.2463,324054.1003,321278.362,318347.6456,314691.5785,312065.9386,311411.1605,311985.5817,312531.5254,312865.5564,313445.5984,313797.1282,313028.2193,311951.3082,310673.5114,310327.3932,310624.3081,311364.5572,310973.0466,312218.3023,314141.7285,317511.3591,319804.0422,321268.9398,322708.7849,324680.7216,327657.7111,331454.0686,335437.0928,341119.0811,347445.3691,353706.802,358397.5373,362610.3596,367857.0349,373913.5711,380807.3658,388044.3637,395993.9537,403472.2387,409922.059,415531.7305,420438.1575,423441.3198,424860.6446,425898.2827,428705.6553,432020.039,435658.2168,439030.3251,443000.9922,447670.7717,452782.6483,457794.816,462121.0242,465682.251,469170.1754,473173.9541,477819.1108,482563.988,486911.2381,492304.7924,498397.4599,506082.0997,512253.0558,518336.1422,521807.0934,524085.8521,524920.7746,526282.105,528377.3953,530208.1733,531094.9039,531859.1644,531419.8285,531651.6488,532040.1208,532672.565,531503.3834,529110.5376,528420.5198,529911.1546,532518.4072,534330.8012,535492.3542,535827.4078,535740.1226,535894.3663,536612.0521,538942.7884,541967.6499,544706.6843,545423.998,544973.4843,544906.7566,546119.3863,547688.2638,549886.4853,551690.2817,552706.4222,553562.4629,554805.1086,557537.6431,558459.9097,558977.9064,558830.3576,558509.1632,556471.0546,553489.6012,552126.6673,552192.3118,552641.2368,553632.6424,555437.1974,558742.231,563985.5998,571901.2893,580105.3977,585728.7113,586025.196,583824.0749,582027.3938,583730.9012,588841.8021,595954.3507,604843.2497,614691.7544,625750.9982,638583.3385,652352.6647,668222.0433,684231.8825,701239.2484,714355.8509,724128.2883,730763.3743,738821.674,751310.0385,767217.5477,795151.8528,830534.8019,872259.6819,909201.9316,940326.6315,965981.5957,983915.192,991103.7152,987775.6004,982023.1262,980682.9099,982188.2996,982409.893,982015.9478,983013.8082,983657.5213
97209.38555,97446.48744,97614.47877,97823.41722,97915.06308,98163.00749,98657.98503,99351.18053,99987.19126,100480.6654,100859.8281,101150.092,101413.76,101686.3295,102257.9733,102991.0518,103752.9894,104124.9477,104329.8999,104525.8845,104829.1415,105270.1716,105746.0686,106312.4991,106662.745,106956.7765,107199.7933,107602.8236,107952.3047,108331.076,108727.3504,109101.8563,109441.0325,109854.8163,110360.8523,110898.1444,111463.215,112078.5133,112729.607,113404.0401,114229.8262,115176.4453,116193.2853,117048.0119,117746.9156,118264.9794,119030.3129,120062.9223,121229.4294,122114.2066,122830.8468,123755.4378,124954.0095,126392.244,127957.4851,130060.8512,132467.1255,134916.8254,136829.7958,138608.3454,140538.6734,142798.5808,145547.5656,149069.0134,152932.4188,157353.0024,162166.6422,166655.4585,170791.7024,174869.0811,179147.6778,182981.6501,185899.4105,188515.8415,191987.0207,195336.8189,198305.8,199732.967,200731.3295,201620.6877,201766.8189,201217.1508,200551.2748,200286.2103,200407.1786,200414.1363,200368.3824,200507.5597,200640.9608,200655.9553,199443.7007,198048.3915,196634.7557,195322.7194,193705.1384,191506.1073,189013.376,186235.1669,182619.9169,179420.988,175726.3264,172929.3744,170279.0447,167964.9528,165432.8635,162842.022,159952.1381,157538.7008,154281.8256,151263.8695,148596.801,146357.9922,144603.4285,142566.9365,140471.8807,137823.7225,134877.2842,132356.6733,130745.4721,129758.6727,128834.679,127906.0712,126989.5518,125984.5359,124862.2942,123690.1526,123171.8677,122938.9054,123053.7325,122681.9921,121760.7665,119925.844,118280.4916,116890.3949,115680.8504,114197.3112,112587.1349,111579.8215,110476.7391,109428.8899,107745.7216,106917.5304,106318.2508,106266.6522,105866.7491,105756.457,105766.3319,106287.1308,107098.1851,108079.0328,108762.3067,109037.4915,109060.7439,109386.4804,110058.8181,111328.2578,112585.811,113948.702,115253.0652,116862.7052,118509.6247,119922.9148,120949.3699,121950.8053,122897.196,123785.7182,124323.1128,124908.9531,125838.3318,127200.5158,128373.3006,129138.5957,129674.7254,130287.4171,131144.5457,131966.8952,132843.3622,133358.8646,133858.3784,134449.1307,135342.6686,136217.6404,136930.8968,137559.8849,138264.9815,139208.8723,140411.2249,141883.2634,143466.4961,145052.2719,146540.7031,147986.8531,149409.6171,150722.674,151578.1347,152285.6545,153017.2936,153863.2625,154830.5212,156090.7566,157953.2916,159754.5146,161351.8187,162752.3439,164177.5166,165539.1742,166801.3463,168223.1989,169730.4058,171311.3508,172854.3125,174424.4507,176183.001,177773.3204,179200.1879,180283.982,181326.8413,182365.83,183644.2292,184998.9961,186416.4141,187451.734,188777.6521,190226.0366,191883.411,193125.1226,194071.2662,194998.9062,195938.3831,196826.0239,197424.8433,198006.301,198641.7696,199266.8462,200008.4385,200826.5876,202033.1571,203013.725,203938.8435,204618.3931,205776.9816,207077.3057,208688.296,210039.2976,211088.6659,211799.854,212620.9708,214067.6475,216250.2355,218721.0429,221328.2674,223555.3549,225796.0131,228041.5962,230761.3448,233923.6694,237729.245,242417.118,247451.8613,252392.9931,257021.7381,261588.2554,266518.9402,271619.2064,277486.1586,283815.6549,290344.7546,296869.5815,302557.1191,307604.23,310823.4607,312319.0461,312069.5052,311313.7614,310583.5195,309443.0383,308138.5482,307722.9444,308441.1492,309342.2458
138971.4096,139334.2177,139710.2144,140856.4825,141989.8823,143126.2641,143932.0026,144709.9803,145459.0123,146143.0806,147055.8182,147970.6884,148916.186,149605.8074,150309.0244,151133.3695,152082.7263,153090.7422,154072.234,155025.3794,156023.216,157010.087,158004.9236,158912.8005,159877.6666,160892.5763,162112.27,163387.6679,164796.9066,166264.82,167605.6903,168800.2878,169744.1935,170720.5705,171624.3442,172502.9362,173291.6711,174169.6907,175097.2923,176153.9765,177273.8103,178371.7917,179559.3383,180745.1412,182043.6391,183461.6055,184752.313,186075.949,187168.6593,188609.0318,190284.6458,192434.1922,194833.699,197484.8531,200205.4632,202910.6491,205623.7992,207950.6961,210303.3942,212513.7999,214962.3506,217739.7215,220850.7915,224592.2548,228675.4731,233318.8794,239021.5879,244454.131,250311.85,255322.0588,260451.5684,265478.9918,270824.2176,276651.8923,283015.3546,289769.8633,295732.241,300756.2503,303847.3145,307159.5319,309412.0071,310722.7339,310665.4332,308706.3642,306981.9335,305096.5793,304971.0289,305050.7229,304951.9404,302435.9902,298378.4308,293443.1309,288181.2579,282893.1317,278449.6118,274954.0491,270807.1987,264746.4198,258036.745,252341.8204,247676.7252,244055.9146,240201.6576,236811.6544,233401.5623,230217.9656,225297.3007,220105.0803,215413.0329,211900.5212,209076.923,205625.4234,202440.7004,198987.9178,196899.5629,195002.7461,193398.2449,191445.5369,190408.1919,189606.4518,189459.6402,189162.6259,189424.5245,189510.3026,190317.634,190920.2225,190653.643,189777.6053,188223.9799,187067.8721,185684.9819,184659.3469,183690.1344,182382.7297,181070.778,179453.8655,177923.207,176401.3339,174936.4172,173587.3144,172544.6812,172230.8326,172583.1141,172724.8214,171992.6713,171473.7825,171668.8614,173154.9629,174235.0265,174827.1185,175459.3998,176372.8944,177826.6118,179446.0503,181269.3571,183093.4699,184657.7246,186417.3235,188156.5638,189964.5333,191923.2686,194012.6042,196585.0481,199013.5009,201407.7289,203511.6506,205496.6079,207486.6731,209235.8737,211108.1362,212619.7602,214131.3675,215614.1558,216985.0936,218541.5427,219570.8102,220714.5842,221465.6392,222554.9968,223906.3795,225368.7142,226947.7769,228394.0076,229972.7661,231535.3125,233150.8627,234878.2858,236531.666,238299.8868,240007.4274,242025.4471,244433.6979,247152.9858,249889.6325,251788.2087,253193.8445,254238.1577,255656.0486,256918.225,258107.9818,259269.9396,260797.5911,262340.5481,264075.7518,265858.407,268202.937,270763.3799,273264.6552,274982.7027,276139.0511,277229.4194,278673.5786,280320.0982,281569.1598,282748.8897,284361.5773,286350.6684,288140.8592,289125.3397,289762.3743,290425.9153,291453.6202,293088.9726,294939.5002,296444.638,297283.453,297865.105,298870.2806,299995.3756,300958.3777,301256.2457,301442.1717,301641.1636,302303.5364,303022.1323,304027.6506,305028.8688,306405.2806,307975.1595,309729.0194,311679.8245,313576.3799,315486.107,316836.6721,317688.8385,318387.3202,319591.3414,321861.8945,324924.3613,328384.9904,332385.3641,336698.5018,341871.1876,347475.1501,353222.7245,358557.5097,363309.0035,367829.0901,371448.9656,374233.5097,376295.0524,379017.8266,382983.0834,387781.4846,395131.9216,404064.5019,414226.4068,422779.7501,429575.4124,434843.0705,438490.1242,440174.6283,439705.8049,438267.3308,436424.7716,434409.3015,432197.5408,430359.5883,429807.022,430432.5735
123553.7873,123585.0365,123700.5273,123867.4581,124127.4838,124446.8987,124858.3986,125275.5023,125754.9053,126337.9975,127030.7466,127571.0946,128154.7005,128808.3427,128947.5137,128686.668,127995.1713,127933.0472,128178.2677,128650.8935,129151.6208,129644.9752,130192.968,130719.8627,131467.5525,132269.1761,133091.6171,133545.6137,134090.3543,134685.0428,135423.0918,136023.3415,136575.471,137202.1513,137954.1535,138762.7671,139470.0036,140067.1981,140795.7857,141822.1137,143114.291,144497.3571,145983.0438,147788.9135,149693.8803,151177.1718,152127.9145,152978.6214,154188.7122,155600.7071,157415.059,159456.1829,162013.9243,164663.9158,167811.9944,171261.7792,174374.7893,176692.3238,178517.4184,180833.0586,184041.0558,187406.4808,190701.4924,194755.9469,199130.3045,204540.3696,210059.9553,215980.8695,221342.0938,225624.6921,229201.857,232446.0588,235674.884,238331.2419,240636.9473,242368.2914,244701.9575,246607.2793,247893.8059,248147.6791,248011.4636,248007.1889,247211.8011,245684.6076,243434.7728,241889.4923,241042.984,240704.1224,239845.1261,238425.9529,236441.7073,234693.6591,233560.6853,233335.6798,233553.2571,232418.3255,230835.8956,228801.7957,227535.4721,225511.5616,224218.1175,222851.681,222077.1435,220255.7917,217694.5262,215071.1198,212399.9956,211136.6753,209635.391,208436.5776,207455.4495,206554.8513,205163.6368,202586.977,199847.8504,197301.2816,195177.1968,194014.927,193907.9404,193856.2334,192958.5944,191110.1268,188841.1424,187593.5684,186933.9848,187246.1897,186797.2364,186370.7444,185253.0143,184301.3768,183197.9743,182507.5352,182055.5461,181770.9382,181187.8182,180048.0386,178042.9516,175594.4038,173303.5937,171158.828,169643.6856,168189.0567,167427.0975,166635.3972,165446.9825,164503.6874,164079.6547,164731.955,165015.228,164967.587,164723.1573,164433.8312,164420.4774,164450.3203,164969.8647,165536.7926,166434.1172,167997.7177,169945.4729,172030.2456,173497.1587,174484.2203,175038.3775,175312.7138,175447.3954,175385.741,175338.7687,175606.3012,176791.584,178905.2778,181448.8324,183423.9399,184677.9947,185241.444,185698.8905,186039.4055,186289.2717,185959.7626,185718.5068,185811.9514,186294.3853,186989.6588,187619.3308,188447.124,189058.396,189843.2351,190921.3322,192166.2832,193178.8472,193641.8855,194127.3165,194876.539,195846.8581,196582.1759,197118.9837,197964.8292,198983.1577,200035.2749,200907.9803,202010.1543,203334.2845,204208.7886,204396.9654,203802.916,202979.0855,202416.2932,202609.6511,203911.3913,205728.9142,207558.2914,209061.4574,210666.821,212199.3597,213391.035,213902.4582,214254.697,213992.499,213677.1839,213456.3268,214281.4312,215339.2403,216346.2957,217488.9753,218558.497,219642.3446,220438.2708,221264.537,221623.7744,220397.7217,217790.7099,214394.347,211953.7851,210895.0568,211200.7015,211947.9572,212903.7774,213860.0166,215182.9488,217042.7983,219598.9232,223388.7819,227736.2277,232141.0145,235265.2827,237011.5089,238112.9309,239140.6722,240652.9041,242487.4212,244833.1591,247318.633,249714.9315,252486.6562,255637.7265,258870.9657,261757.4791,264778.5795,267935.5462,270868.7602,273322.2119,275925.8182,278712.1288,281937.0492,284860.3525,289043.6723,294098.9092,300143.8065,305603.9613,310216.6492,314084.4031,316771.5671,318244.3237,319001.0245,319951.8451,320835.8029,320782.5782,321276.8472,322629.469,324805.5985,325638.0334
83844.78623,83945.87586,84197.64863,84528.80128,84885.28774,85160.08669,85540.27913,86005.26485,86583.09957,87145.50933,87700.58733,88092.30716,88335.18127,88524.75416,88853.36851,89466.14122,90153.70833,90596.63942,90997.50683,91381.71737,91915.71485,92508.33693,93143.75255,93809.01341,94142.77271,94447.10019,94858.16308,95445.9985,96085.21954,96855.13371,97749.85649,98657.19276,99396.0245,100010.1884,100485.9017,100890.5015,101449.8356,102181.2187,102809.4743,103286.9194,103699.7605,104596.3303,105729.131,106818.9137,107636.3502,108485.8393,109579.7476,110742.6712,111686.4119,112483.7657,113604.6643,115187.9269,116944.21,118643.9013,120470.2853,122932.9109,125300.9188,127614.2493,129539.0372,131929.9339,134418.6239,137096.7404,139271.1789,141796.0088,144682.8865,148127.6578,151595.9224,155251.8674,159306.5996,163355.482,167641.5816,171695.0692,175027.0882,177703.1243,180668.5782,184450.0991,188047.0225,191476.8233,194130.5023,196621.7297,197974.0702,198739.7809,198520.8406,197400.525,196244.6238,195319.4262,195164.5509,194931.4873,194011.3695,192503.9426,190452.6107,188223.4541,185901.4325,183354.5742,180572.3331,178157.5285,175631.8933,172913.2885,168801.6473,165634.2958,162948.4494,160398.718,156941.5436,153315.0685,150318.8419,147745.0393,144322.3723,140837.4075,137782.725,136254.2421,135104.0239,132638.2469,129397.9836,125860.4318,123187.5905,120893.2088,118477.7575,116070.7321,113915.1399,112236.5511,110876.6188,109110.9834,107797.101,106114.8206,105030.6247,103437.1171,102206.9867,100393.9742,98076.27479,95577.43842,94015.0799,92958.49459,91562.17623,89552.06366,87273.63264,85049.21826,82961.75855,81540.61645,80430.50799,79455.45355,78812.58985,78489.82079,78085.36001,77288.76124,76392.39879,75900.00317,75752.8706,76016.18325,76337.74303,76385.7815,76431.52755,76598.70985,77203.08905,77757.41082,78465.08156,79287.51039,80079.18844,80912.82132,81952.70014,83456.79487,85118.56092,86543.89577,87653.52898,88670.40053,89736.61081,90793.33727,91493.08588,92016.63914,92726.26118,93882.92135,95345.51199,97154.08348,99132.8555,100800.6807,101984.86,102784.5975,103568.3999,104255.8655,105024.4192,105895.8316,106623.3207,107313.8438,108056.0723,109112.8083,110334.3902,111685.1019,113303.9714,115111.8839,117088.9108,119118.3052,120726.2121,122029.4496,123078.7409,124374.626,125982.4903,127909.4063,129909.4589,131759.5406,133239.583,134723.3493,136322.2346,138277.014,140362.8502,142469.8842,144211.7735,145671.874,146877.2365,148470.1476,150377.3362,152673.8988,154975.7542,157327.3318,159668.8112,161945.2356,164029.7382,165863.3594,167675.2919,169435.1876,171095.0392,172335.5292,173438.9178,174582.3429,176026.259,177613.3308,179298.0624,180850.9646,182305.6647,183825.3264,185595.6026,187154.0453,188307.9214,188925.2049,189412.0195,190056.1136,190936.9185,192050.5541,193016.4766,194205.1166,195456.3765,196764.4565,198251.0733,199713.9492,201009.1217,201626.6902,201744.4981,202087.881,202957.0566,204427.1217,206296.2247,208331.5644,211020.0354,213907.84,217112.0871,220107.8094,222984.8946,225713.7667,228559.5785,232059.5189,235751.7481,239192.7388,242112.7853,244749.1228,247548.7836,250450.4838,254745.8756,260231.8608,266361.4894,271913.8177,276771.8805,281427.5703,285249.2935,287411.7014,287972.991,287701.4985,287259.9583,286164.2778,284585.3242,283078.0091,282283.1262,282994.3162
134519.7354,135152.449,135581.7291,136492.0863,137299.3158,138052.5238,139103.092,140218.2829,141563.3754,142802.7917,144050.4182,145294.3944,146456.6316,147423.6827,148277.8594,148810.5,149476.4179,150014.6491,151223.0623,152477.9951,153698.7073,154267.6331,154838.1805,155641.0477,156886.4782,158338.7547,160241.8527,162194.9026,163869.1854,165361.4538,166743.0032,168180.2598,169413.0176,170738.6112,172003.3725,173184.0826,174065.2488,175408.4275,177530.3293,180247.0817,183167.3613,185654.8966,187739.5234,189510.5963,191405.7635,193972.85,196864.4383,199714.1387,202145.0973,204387.6375,206545.3516,209263.4775,212712.1297,217211.5725,222710.401,228121.7496,233482.8966,237617.3725,241595.9971,245152.6666,248574.3006,252649.8877,256782.3601,262055.8791,267470.7149,273792.2227,280721.3577,287659.0768,294794.9437,300761.1675,306209.038,311087.5689,316571.8988,322215.7962,327933.9119,333526.3608,337996.994,341799.0249,343705.9628,345975.1609,347418.4465,347687.4317,346343.3143,342890.6662,340276.497,337879.9839,337266.2097,337150.1175,336649.532,333206.3894,327913.6871,321755.8915,315848.4405,309989.7091,305174.0629,301569.3322,296334.4715,289049.8489,281453.1173,275776.4873,271232.529,266874.1286,262056.8646,257628.1875,253409.358,249029.3587,242346.598,235605.2943,229829.7468,226070.1826,222533.9379,218748.1762,215050.3748,211278.5566,207990.3925,205113.8378,203025.52,201480.5628,200000.0455,198104.826,196632.1609,195611.1886,195128.2419,194071.8534,193786.14,193623.3924,193109.3552,191958.2901,189928.1373,188014.3915,186054.4078,184857.7214,184659.7065,184293.1464,184020.9251,182338.7068,180716.2432,179023.7402,177967.469,177079.9465,176840.9699,177433.6471,178553.4781,179429.9668,179464.0082,179851.2801,180731.5514,182347.8982,183632.6973,184737.9169,185940.8118,187372.6698,188604.5115,189936.7267,191738.8745,194332.2213,196878.7712,199192.7109,201137.1442,203431.041,206193.1092,209798.3252,214050.7351,218480.6425,222717.7052,226815.4503,230793.7723,234284.6321,236305.6181,237498.4516,238281.7787,238968.8576,239435.5807,239795.5173,240651.5392,241467.8531,242385.6802,243120.8639,244473.6255,246112.3144,247817.2883,248892.7118,249262.351,248775.3883,248066.5026,247411.5048,247666.941,248356.7959,249225.9319,250492.3412,252070.9552,253895.425,255251.846,256381.4394,257186.3377,258006.4449,258754.5339,259242.3638,259898.1671,260389.6273,261316.5334,262400.7028,263719.0545,264925.4377,266057.5477,267689.1543,269124.9517,270608.2608,271352.6855,272433.0919,273109.0567,273695.2854,274243.3421,274879.6098,275885.4444,277121.6409,278492.2602,279800.3061,281031.1914,282031.4528,282694.8226,282907.2937,283616.5057,284718.721,286272.1169,287257.9079,288008.7732,288848.5628,290404.4711,292456.9703,294223.2971,295694.7462,296509.4908,297080.0263,297154.2868,297019.456,296897.1208,297015.517,297767.6703,299091.6983,301346.3786,303759.566,306115.475,307746.5024,308719.1609,309211.5682,309665.4092,311168.8723,313897.9623,317741.6119,322230.85,326820.8228,331833.4805,337194.8805,343415.4598,350218.0814,358133.0582,366710.4142,375561.3604,383897.6,391989.4374,399929.1138,408011.0506,416386.5639,426284.1216,437581.0639,450558.7954,463903.4122,476395.1869,486554.1354,492998.7724,495768.4696,494981.0477,492960.1358,490108.6625,486542.095,482287.8414,478690.6681,477067.1919,476464.1466
133415.6907,133887.2509,134203.3784,134896.9083,135528.5504,136305.6647,137173.4235,137931.2579,138632.2172,139199.8851,139834.056,140589.8137,141373.7041,142170.2216,142911.3622,143778.5809,144768.4374,145796.3526,147005.5661,148417.0256,150020.6471,151615.7999,153166.4482,154736.3021,156265.0221,157836.6205,159457.8294,161295.7935,163194.5878,165214.6026,167396.7131,169933.2168,172402.5458,174713.5908,176619.9037,179040.0615,181799.1548,184866.8416,187755.3708,190762.1304,193726.1649,196540.0478,198940.2257,201275.9274,203788.9469,206266.886,208653.3367,210569.7318,212686.9172,214817.3278,217329.7697,219711.4236,222458.5523,225399.4464,228785.7633,232436.6903,236182.3605,240153.574,244141.7478,248504.0252,252646.5758,256619.3478,260428.0158,264187.9288,269244.7464,275306.3828,281933.5279,288253.6795,294926.2532,301109.4316,306362.7951,310715.8955,315476.4807,319833.0608,325026.4999,330727.3072,336735.3668,341031.1683,344318.4895,346840.6046,348764.7958,349827.9108,351032.5771,352250.5102,352484.5116,352542.5349,351411.0503,350759.7693,349315.8123,348049.4592,346415.2142,344288.9878,340724.4663,337410.0669,333386.1562,330607.5171,324494.0397,317386.7592,308722.8189,301273.9357,294109.2146,287238.3249,280167.5205,272588.3203,264695.4145,256859.3497,249651.446,241705.1248,233440.0724,225651.02,218978.6338,214011.8832,209693.9671,206719.1487,203285.2103,200518.1499,197800.7595,196067.665,194420.6998,192599.3736,192146.8992,192148.9113,192903.0076,193009.2572,192882.7769,191969.8331,190763.332,189037.1,187270.2292,184880.051,183006.3881,182139.4704,180639.2049,179030.1301,177214.961,176302.2031,175380.8555,174368.7129,173668.9012,173084.6015,172696.4207,172968.8639,173583.9653,173782.19,174434.5448,174756.1589,174794.5568,174098.8064,173531.5121,174069.1787,175281.3455,176809.6299,178384.0784,179845.2615,182130.413,184867.3345,188069.1186,191307.1875,194491.6201,197577.2132,200015.444,202232.6172,204531.1157,207567.1315,210876.3775,213565.2041,215274.1228,216436.9961,217473.1991,218882.3419,220487.7455,222795.8969,225339.0513,228015.8211,230655.8475,232965.7533,234966.1231,236503.6676,237903.7998,239381.0621,240477.1129,241769.9783,242944.1578,244817.879,246788.2801,248629.8779,250359.6934,252144.5491,254320.9237,256730.9352,259604.6316,262469.1708,264859.174,266523.7242,268104.9128,270083.414,272111.028,274072.6443,276066.4674,278001.2219,279997.481,281744.3939,283498.137,285018.8215,286299.7629,287661.7431,289302.697,291229.3994,293709.5647,296094.1709,298259.0803,299582.337,300464.2182,301557.4574,302768.6979,304497.0189,306626.1302,309242.1013,312023.9207,314336.937,316191.2421,317711.319,319183.46,320699.4602,322235.464,323749.4096,325273.8652,326571.8562,326644.0933,326150.4091,324900.0495,324127.079,323131.4733,322649.1057,322388.678,322472.3939,322795.8368,323591.8654,324863.8369,326552.6401,328400.4469,330782.4462,333511.513,336027.8798,337141.5327,337226.9829,337165.5043,338257.0863,340345.7774,343080.9293,346396.4851,350145.3974,354343.2552,358849.2492,363566.723,368570.6862,373869.3481,379575.0822,384300.5649,388087.2132,391404.9583,395362.5843,400223.0698,405773.3975,413435.5123,422280.3249,431840.6174,440184.3703,447011.4328,452833.4073,457746.2904,461609.7895,463633.3547,464541.7774,464618.8058,463043.6984,460867.2804,459075.5488,459355.8029,460945.4936
136691.4887,136697.747,137024.1353,137448.398,138136.8088,138566.2674,139211.3741,139725.8786,140251.8275,140624.4539,141190.9941,141945.5522,142872.4922,143792.5202,144965.4028,146004.2778,147007.7656,147676.5312,148494.4947,149164.3186,149795.5151,150381.4291,150710.5931,150921.5189,150723.5413,150792.0402,151102.8433,151974.7613,153195.4837,155001.461,156833.2703,158584.9978,159824.1867,161074.5409,162188.2902,163556.8278,164759.315,165955.5227,166563.6937,166815.7574,167199.966,168721.664,170866.0469,172991.1346,174122.017,175275.6829,176654.5732,178383.5073,180039.1308,181523.6349,183532.6393,186053.2764,189023.8404,191680.8076,194390.522,197835.6951,201368.7438,204662.6443,207432.6878,210272.0993,213193.5441,216181.4158,218992.0702,222479.5671,226554.6901,231421.0047,235989.2678,240407.4799,245137.9047,250132.255,255931.0812,261576.6866,266596.1504,270735.7882,275156.5222,280254.6636,284716.0064,289247.1461,293186.4193,297145.8986,299385.3316,301333.9954,302410.5307,302037.7058,300556.4765,299042.2535,298719.257,298502.3405,297638.1064,295480.2494,292440.7295,289274.6718,286417.5871,283072.9547,278519.0516,274183.4167,270041.5711,265917.2504,260234.8471,255290.31,250853.3611,246911.3966,242195.0727,237452.2215,233612.7195,230123.3384,225687.5992,221403.8798,217676.0088,215588.9515,213720.6686,210548.4115,207124.3501,203389.3774,200364.9229,197194.2236,193395.5547,190037.1662,187657.6763,186056.751,184567.0334,182708.0806,181467.072,180272.9008,179151.3154,177382.8901,175827.8127,173853.6429,171489.7635,168755.6753,167336.1606,166346.2736,164907.2333,162543.3652,159660.6322,157073.8969,154106.7136,152045.8951,150742.9793,150296.7945,150465.2619,150826.1315,150720.5799,149820.8169,148796.7332,148272.9839,148339.8627,148685.8491,149255.1654,149787.438,150198.8115,150644.6334,151256.157,152155.9843,153112.3462,154450.2522,155824.0931,157483.1082,159449.5739,161793.7032,164395.7078,166747.29,168812.6801,170690.86,172642.5306,174631.294,176347.2585,177798.7927,179016.1892,180325.3087,181657.4238,183080.4351,184554.7994,185581.7892,186401.6215,187075.6354,187971.0623,188968.1859,190018.9145,191122.1345,192084.1932,193221.06,194653.1805,196145.3746,197607.3518,198657.3193,199817.094,201036.3533,202618.8996,204388.5134,205894.3684,207082.1548,208346.0356,209864.3761,211792.6842,213777.3086,215767.5174,217307.9093,218484.8684,219528.4106,221026.8864,222705.4744,224353.1741,225816.564,227152.5912,228453.6408,229716.8915,231233.3844,232706.6792,234261.2523,235547.5508,236894.6872,238239.6494,239984.4744,241860.5716,243833.5371,245819.4449,247627.7163,249329.8943,250620.4336,251924.734,253218.7589,254753.4878,256463.8787,258101.8896,259658.9703,260729.039,261896.045,262839.7581,263790.2805,264534.3434,265183.8023,265899.3089,266736.4964,267352.2542,267817.6934,267900.2873,268433.1182,269491.4214,271061.6067,273217.2088,275475.9613,277737.4908,279255.3016,280093.8956,280761.4674,281781.5991,283801.4472,286627.456,289845.0156,293409.4183,296883.5681,300499.4279,303931.1912,307385.5549,310964.8651,314814.1485,319075.8152,323131.0401,326603.9111,329643.6857,332710.8478,336356.3619,340127.6418,345839.2954,352927.1024,360976.1409,368140.1832,374130.3186,379350.9293,382952.5546,384734.9679,384588.5803,383894.4121,383020.4106,381915.3017,380338.4221,379075.4679,378430.0389,378815.0775
132208.113,132315.0795,132510.485,132981.215,133714.6505,134450.5996,134978.2865,135451.1195,135963.0886,136611.956,137162.39,137565.1055,137656.3216,137693.8144,137817.6066,138436.0825,138935.94,139480.0251,139916.8766,140445.5588,141499.1101,142726.5382,143930.948,144709.1235,145424.3638,146307.9653,147134.8652,147981.4817,149077.1013,150256.4742,151383.4897,152261.3787,152995.1163,153736.018,154634.7202,155936.6396,156936.083,158105.3574,159205.7618,160676.4161,162024.3562,163157.5394,164489.7104,166330.0559,168754.7601,171254.1622,173214.4725,175433.873,177827.2835,180420.8841,183473.499,186706.6223,190566.0929,194879.2548,200067.862,205799.938,211522.8518,217558.3539,222595.7069,228400.4264,233695.7365,239373.1679,243567.1894,248799.6163,255448.4764,262912.1381,270069.4969,278029.3395,284381.7963,289194.0214,290878.8598,293343.3579,295773.2289,299687.3437,303679.504,307397.5306,309832.1855,310516.0284,309748.0463,307481.8813,304573.7847,302104.4699,300155.1839,297514.2792,294192.4145,290176.6029,286597.5818,282836.4003,278941.0236,274422.4757,269032.7619,262841.1215,257185.1195,252276.5202,247562.9082,242667.5937,237098.8835,232760.3119,227940.1677,223937.4452,219177.0644,215203.5389,211100.135,207361.2284,203890.0571,200419.0526,196892.6382,193429.0242,190446.4711,187792.1503,185748.8866,183663.4603,181568.8169,179367.3256,177796.9941,176704.0044,175770.4085,174923.8448,174873.5578,174768.1332,174615.3912,173788.7501,172673.9228,172047.0405,171753.7443,171417.3011,169850.8455,167645.0389,165702.5046,164265.8246,163283.2272,162197.5817,161151.9468,159600.9784,158165.4326,156845.3397,155711.2686,155105.6904,154569.4152,154055.7489,153407.3037,153259.5152,153496.1383,153706.7273,153702.4976,153468.3098,153114.4958,153004.9646,153031.0328,153178.2662,153415.0753,153792.7805,154430.5794,155188.2419,156538.8772,158476.5654,160427.6997,162103.4327,163677.5614,165096.2128,166614.3631,167955.8989,169717.3843,171663.4538,173807.4296,175773.6522,177661.6347,179443.2237,181379.6645,183180.5875,184703.7719,185731.17,186723.7128,187533.4414,188535.2188,189444.8309,190250.6981,190606.1432,191039.0762,191780.9649,193200.8586,194731.5989,196393.692,197811.5597,199360.2202,201011.6895,203121.1066,205364.8394,207364.0564,209154.7191,211094.4872,213317.5075,215474.372,217044.7456,218437.8152,219802.5161,221508.2858,223048.7175,224659.2358,226250.777,227867.0986,229422.3687,230726.6876,232188.6985,233753.9173,235567.1036,237641.608,239824.5112,242063.4112,244339.7993,246683.1201,248871.3796,250781.8315,252279.3452,253777.8307,255557.3399,257433.5032,259220.3423,260955.7694,262487.8862,263739.6348,264353.7471,265411.2829,266596.8017,267863.8642,268502.4764,268855.0156,268952.4938,268863.6251,268978.8735,269111.5004,269375.7161,269263.7541,269219.4403,269264.3995,269685.4922,270380.889,271216.9367,272528.3565,273973.3173,275628.4426,277286.3434,279116.9648,280805.5554,281772.9074,282326.7437,283114.8563,284660.9756,286876.397,289557.3132,292963.3041,296743.5157,300830.4221,304911.5427,309485.7001,314743.0134,320591.85,326906.8556,333138.0795,339072.6562,344370.7754,349375.8546,354674.668,360446.6386,367219.0251,374890.6582,383292.55,391638.8214,399123.7876,405450.1792,409424.3394,410731.1036,409852.0367,408628.3179,407463.1278,405770.9519,403752.5089,402364.7545,402454.812,403498.8827
111959.8078,112191.1954,112638.9796,113370.7629,114253.7046,114988.2324,115613.9467,115903.0614,115829.342,115693.8792,115742.2997,116112.1686,116450.3186,116822.6629,116466.4623,116022.9459,115404.4434,115292.1959,115343.1424,115467.2788,115632.7047,115767.9992,115901.3346,116112.0351,116318.9845,116561.8412,116975.2411,117571.5895,118181.5545,118851.5887,119464.5565,120048.2008,120319.4986,120729.4906,121193.022,121862.6703,122136.3353,122360.0059,122768.8733,123424.8426,124066.9624,124403.2394,124778.2274,125365.1898,126094.2974,127004.4229,127893.6343,128842.2449,129642.8381,130363.1315,131485.8293,132574.8265,133874.2777,135199.1414,137121.6803,139333.1569,141677.5313,143929.6272,145800.5684,147415.4042,148820.7553,150553.5229,152288.8416,154794.2515,158087.6242,162578.7291,167689.3208,172682.169,176613.4322,179913.4447,183499.9632,187310.2447,189577.8745,190869.0232,192465.8324,195170.7106,197411.5225,198677.5999,198993.9302,198479.6855,197872.8034,197191.1259,196472.256,195281.8119,193963.5238,193072.8851,192271.8347,191731.5981,191320.4721,190324.3903,188883.9631,187151.5651,185580.4825,184055.7082,182291.4944,180576.4161,178106.6161,176489.7277,175085.7059,174292.1765,172678.2854,170733.891,169103.8136,167461.9832,166792.125,165676.0731,164734.1332,163453.6662,163255.5831,162511.3706,160704.4992,158338.6273,157686.6212,158198.9196,158430.9731,157813.5587,156857.2315,156501.5349,156201.6162,155573.3021,154420.7291,153940.5547,154617.5258,155463.6818,155606.3916,154881.4518,154172.3955,153593.1846,153068.2324,152248.5154,150942.6173,149852.172,149614.5894,149374.0674,148665.9436,147327.6454,145873.8217,144495.0563,143359.3283,142739.8675,142226.1897,140987.8715,140020.1379,139643.8213,139844.1233,139516.0673,138769.6593,138379.1512,138645.5933,139471.1133,140795.727,142521.051,144207.8223,146103.1963,147692.3461,149581.5144,150006.2702,149565.1471,148988.7881,149432.4987,150860.8388,152511.1732,154141.9947,155726.0739,156768.2296,157849.9907,158854.7274,160407.627,162319.2639,164730.0744,167256.3253,169416.4766,171383.0159,173150.3941,174888.2831,176412.9744,177597.6918,178576.6651,179057.1098,179151.3231,179352.3175,179744.6821,180503.0501,181178.5358,181857.2586,182543.1436,183325.191,184100.6333,184455.2559,184563.2768,184398.6021,184249.2894,184405.1179,184954.3154,185701.7376,186238.4317,186654.46,187058.6331,187330.7386,187611.1951,187979.2867,188733.1466,189547.3446,190265.8687,190874.9712,191671.9018,193018.9545,194650.0067,196102.4537,197306.9135,198089.4842,199004.5972,199881.282,201241.2307,202862.4528,204688.9705,206546.3403,208259.9887,209940.533,211295.157,212410.8596,213209.9691,214065.4332,214731.4995,215440.4145,215985.0833,216668.0557,217518.9272,218396.8497,219464.0115,220418.187,221356.3267,222266.0455,223207.1348,224020.2092,224652.5315,225495.2708,226766.4249,228491.8261,230193.1492,232513.5535,234877.6046,237193.3669,238644.6139,239586.1345,240468.2104,241552.4384,243171.9026,245345.9798,247920.2391,251147.4168,254647.7665,259119.8706,263600.3213,268122.2362,272067.605,275949.5599,280084.9068,284114.142,287893.8814,291164.4726,294201.7659,297553.0918,301439.7939,306709.6502,312643.0141,318784.4281,324447.5632,329353.6903,333688.2688,336170.7672,336940.3838,335892.2611,334729.8858,333789.8784,332731.2817,331514.8882,330499.9772,330447.9478,330507.5684
62568.78136,62950.73022,63287.01188,63884.53365,64287.04565,64634.33517,64945.27259,65400.12971,65914.07248,66592.58722,67204.26218,67911.63385,68553.60712,69245.4612,69757.88528,70225.75733,70640.01208,70963.72752,71090.79726,71283.93445,71592.09844,71989.5962,72218.2193,72426.38244,72739.35902,72974.91229,73109.22822,73234.37552,73574.09599,74200.96256,74659.55164,75108.00755,75493.06321,76209.70008,77045.69409,77848.0964,78491.26235,79224.90822,79913.05091,80809.14123,81458.83359,82033.49789,82497.52465,83119.64648,83992.13704,84905.88308,85703.57683,86276.60676,86732.80765,87314.07642,88074.33072,89049.87421,90004.84328,90979.0127,92020.21629,93191.57506,94292.93305,95099.60309,95776.17516,96502.90312,97294.52223,98533.87788,99711.29912,101384.6153,102809.6694,104560.0444,106515.8867,108460.0544,110698.4192,112640.0577,114743.2791,116917.4608,119157.791,121350.6258,123769.654,126557.114,129415.6509,131796.944,133294.5129,134988.7154,136272.0348,137351.0693,137764.0806,137634.6444,137753.6639,137997.5414,139033.9643,140034.9197,140920.0424,140626.6212,139750.006,138587.4519,137255.7383,135863.8824,134732.5379,133438.1346,131680.523,128909.0926,126446.3552,124288.1113,122443.9923,120824.7909,119384.4407,117856.9596,115780.3033,112896.4384,108847.102,104887.4275,100773.847,97429.89802,94281.17945,91537.90066,88506.99155,84957.03589,81384.52234,78540.34764,76481.5008,75354.80632,74337.07899,73078.655,71630.06632,70970.21467,70542.90777,69904.56704,68900.14661,68024.65822,67266.75991,66245.98089,65293.19469,63938.67959,61964.10841,59682.37783,58061.41438,57016.05984,56280.57376,55490.83235,54784.91594,53897.04691,52762.50744,51669.18089,50718.38945,50315.63457,50544.64825,51282.10713,51615.6031,51306.29373,50676.25816,50235.5774,50047.68844,50168.0344,50629.69121,51010.37429,51386.55692,51735.08931,52353.87522,53022.53883,53471.60693,53755.43124,54090.13283,54708.78371,55822.7559,57431.17323,59562.31319,61888.72302,64070.92868,65980.90258,67471.37702,68670.11308,69638.64651,70498.74747,71129.7368,71683.50875,72242.28272,72782.76776,73456.18717,74027.23446,74716.53901,75179.17005,75913.42733,76663.59306,77263.18266,77752.2669,78243.03777,79128.65379,80196.34822,81197.79169,82126.33726,82866.29846,84025.04712,85388.82035,86780.79838,87771.30064,88589.18174,90026.2238,91761.06616,93764.26237,95203.31285,96580.34434,98234.77031,100427.0587,103076.7443,105743.2455,108647.5905,111547.2077,113895.7971,115108.7468,115755.6937,116589.5121,118171.4503,120330.4966,122915.342,125473.9103,127559.6421,129004.471,130548.8913,132894.2306,135685.7085,138178.7715,140629.7864,142772.186,145133.8502,147229.5692,149457.9017,151682.8395,153431.6385,154795.913,155912.7857,157355.2515,159151.1792,160964.0121,162584.7096,164104.1212,165919.8445,167723.6895,169245.0667,170309.6496,171085.5295,172677.0023,174620.6553,177251.8607,180112.3009,183117.6296,185619.7669,187286.324,188397.0048,189145.2615,189885.5685,190760.1855,192341.4032,194753.4557,198063.9684,202234.9999,206985.5003,212168.3282,217114.5175,221383.5699,225563.9352,229843.9919,233453.1852,235557.7508,236731.5617,238720.6798,242336.643,247148.7975,253440.9535,260504.2459,267876.5609,274444.4046,280249.8893,285552.287,289400.2371,291650.3962,292342.1065,292461.0196,291919.479,290755.7469,289989.9984,289299.7776,289110.7688,288759.23
47934.58674,48073.18262,48161.79374,48392.04312,48671.80073,49066.983,49542.99792,49957.02014,50300.37468,50522.20083,50791.64735,51099.32927,51552.80211,52007.08,52491.80802,52959.89144,53411.4347,53926.02765,54475.79238,55039.1517,55510.72689,55858.48181,56155.23956,56418.15127,56746.25679,57247.54305,57790.91822,58368.83699,58875.76628,59479.64661,60103.25447,60634.41579,61073.08044,61415.40016,61792.66323,62125.50473,62529.14297,63006.86945,63520.20844,63978.47593,64395.56102,64897.9194,65478.72503,66220.44557,67069.99862,67936.87825,68621.08459,69194.57176,69820.63024,70780.05482,71847.57667,72948.70678,73810.64183,74825.05624,76069.67343,77638.74667,79187.41109,80611.76407,82039.11618,83561.24363,85207.64844,86671.80663,88094.6947,89588.79585,91410.68154,93513.68284,95759.59254,98290.49078,100763.1257,103136.1357,105068.5891,106901.684,108769.6685,110367.0397,111696.7234,112788.3171,113784.276,114565.3362,115105.2561,115484.4246,115754.8941,115856.486,115860.0331,115791.3497,115681.8141,115645.3091,115521.7124,115193.717,114359.2579,113192.4475,112459.8092,111548.4741,110603.0829,109049.8441,107598.1505,106168.1207,104660.4156,103230.1394,101700.2871,100014.6295,98152.08546,96407.59576,94675.82451,92726.76393,90707.01841,88956.82121,87729.48681,86664.88944,85661.86529,84819.64271,84027.28008,83134.32911,82187.74781,81155.66619,80135.55352,79003.79124,77961.79459,76914.90154,76129.0661,75477.63397,75032.43904,74602.66323,74229.27083,73844.20129,73480.63568,73114.88135,72779.44179,72324.35856,71779.04948,71083.91897,70476.66464,69841.4515,69221.85244,68567.95816,67871.13605,67239.013,66733.22331,66380.85025,66124.26664,65792.86724,65495.89047,65220.69736,65046.69088,64877.58775,64792.2272,64718.15669,64616.11009,64697.21697,65208.83175,66068.06628,66910.30042,67237.87766,67309.44287,67418.35736,67905.76826,68730.84326,69646.32029,70527.0769,71599.23127,72826.67999,74105.4371,75103.24298,75718.79304,76604.10246,77594.81271,78858.21464,79984.12057,81160.16289,82216.73104,82976.108,83702.464,84453.44554,85241.21104,85937.72376,86694.47068,87442.76411,88177.93271,88521.06795,89151.76103,89936.80028,91220.23432,92427.3528,93797.40674,94781.0313,95717.10512,96457.27812,97440.82213,98661.2948,100092.041,101715.4647,103265.4728,104907.1167,106595.9383,108222.0497,109630.1351,111133.6575,112572.1963,114179.6852,115640.6142,117318.6601,118903.5564,120548.9253,121738.5661,122629.8193,123572.8959,124915.6274,126368.7151,127731.751,129108.6069,130428.3375,131372.1867,132076.3297,132949.8027,134079.0761,135386.8941,136650.9726,138398.3038,139981.4572,141577.242,142494.6861,143119.8237,143634.6532,144550.9335,146191.5311,147971.4775,149620.5219,150632.5072,151590.7977,152659.9257,154175.8159,155604.2255,156540.1375,157186.2275,157832.6779,158679.0092,159530.8233,160267.5491,161407.0712,162806.5479,164296.7367,165388.8832,166627.9362,167894.9218,169162.6779,169697.6071,169895.7379,170361.1531,171739.2851,174070.8286,177033.3373,180112.0929,183055.746,185940.3196,188783.2496,191440.4072,193914.0206,196789.2782,200583.2278,204977.3562,209494.1124,213514.396,217161.5497,221135.746,225313.4045,230795.6361,236431.0911,242810.183,248728.4153,254679.4826,260213.2907,264999.4508,267968.2556,269236.2891,269882.0588,270336.5715,270334.7612,269647.8997,268030.2246,266649.2403,265133.822
134211.927,134462.9273,134924.3513,135786.793,136756.1947,137406.392,137868.8792,138138.777,138507.9177,138997.7364,139738.6973,140615.271,141502.0686,142150.669,142102.8637,141685.6363,141198.0393,141406.3984,141808.7972,142378.3838,142735.3805,143220.7346,143600.1926,144172.2687,144579.5492,144995.5398,145555.4182,146357.0905,147187.3476,147760.8708,148281.9954,148881.5378,149407.1065,150132.446,150896.9566,151870.935,152630.0003,153521.2176,154670.6152,155932.9072,157158.3324,158206.415,159254.1514,160430.235,161786.861,163258.9704,164873.7313,166460.1736,168062.7687,169398.5839,171167.3224,173111.4353,175218.3755,177572.2628,180861.1212,184969.6855,189229.4445,193490.5891,197651.7799,202084.0846,206296.7378,210637.6417,214774.5299,219562.1262,225396.4637,232424.6119,240189.4159,247201.8124,252490.4674,256352.1306,260393.6743,264169.939,265871.5353,266530.792,268341.4482,271796.0326,274537.1548,275345.9709,274496.0396,272454.4352,270306.1355,268510.8583,266768.9201,264807.2254,263027.7801,262192.011,261382.6788,260421.5758,259156.6318,257412.4303,254968.3369,252148.0278,249422.3045,247265.7005,245055.2015,242498.8232,238842.5972,235525.9912,232767.7983,230342.3099,227532.7696,224126.1033,221537.9328,218748.2194,217397.4888,215490.3631,213743.8478,211257.7476,210025.9452,208747.3363,206793.4,203926.3132,202286.9095,201515.2144,200594.3217,198746.1678,196766.9426,195504.5239,194597.7208,193752.8877,192329.9134,191291.6326,190842.3305,190687.5555,190393.7051,189623.0838,189015.0611,188488.6828,187720.3164,186592.7162,184553.8455,182530.3603,181478.4903,180787.633,179955.6157,178874.8097,178072.717,177472.5719,176809.7079,176291.5715,176113.4703,175103.1972,174385.9303,174018.6866,174120.453,173810.0834,173099.7145,172852.1383,173259.0149,174539.1454,176280.2748,178159.5747,179278.4245,179912.7391,180355.2348,181464.8601,183086.6367,184960.3298,187000.3926,189077.091,190949.9612,192828.5471,194632.4427,196849.9148,198704.8357,200284.8744,201195.5193,202112.4815,203451.9039,205133.4498,207077.6005,208580.9534,209994.9095,211023.7494,211783.2294,212267.0811,212324.5817,212290.4004,212690.1906,213970.7924,215872.2137,218039.8405,220001.2667,221470.04,222303.3628,222591.2042,223095.3543,223918.9368,224988.6132,226391.9142,227453.9655,228231.2752,228666.4547,229543.5364,230543.0635,231615.2007,232347.8009,233184.4788,233742.4699,234376.9107,234978.9872,236047.685,237258.5676,238541.4101,239473.6658,240604.2816,242506.2351,245311.5099,247818.0872,250071.676,251924.9139,254182.0243,256546.3051,259126.4631,261870.8365,264767.4777,266858.5563,268197.8746,269179.8842,270814.8703,272943.0976,275184.9993,277565.3308,279868.7558,282166.2674,284447.6986,286824.8402,289247.7537,290803.2024,291557.1172,292291.3826,293291.1756,294757.8553,295949.9978,296883.2314,298016.1912,299608.0389,302523.638,305895.6748,309006.4373,312381.353,315821.2974,319240.1143,321445.4813,322542.8203,323499.5997,325040.2869,327822.2104,331760.7922,336428.2457,342151.0988,348507.1739,355683.7177,362459.2018,368442.1787,374267.3951,381918.2671,390950.8805,399488.9429,405084.2758,408642.0581,411616.5495,415484.0807,420016.5902,426966.0922,435692.819,446091.9767,455588.5114,463914.4511,470903.2799,475375.175,477043.8322,475871.3479,474584.9032,473276.898,471411.6076,470243.777,470355.6134,472254.1106,473157.763
67498.33119,67555.40915,67433.69593,67268.60113,67295.30843,67534.70863,68058.45604,68671.93021,69641.08483,70361.91848,70836.79036,70985.48503,71054.42149,70853.25919,71009.77954,71336.55391,71617.03236,71320.30414,70917.948,70825.85129,70785.07727,70675.78485,70604.16229,70832.17378,71622.19164,72511.79334,73208.20007,73531.32458,73641.25612,73403.95349,73564.21971,74464.98331,76198.49597,78058.82781,79425.22883,80153.10913,80169.97363,80140.03044,80558.23879,81511.14864,82615.01474,83900.55969,85418.9676,87046.07767,88485.98673,89182.65523,89951.67616,91195.27383,92772.45327,94089.09542,94551.91651,95017.36871,95659.14379,96684.063,97422.2932,97945.59108,98527.64159,99780.53202,101065.4182,102762.7937,103843.071,105282.6201,106539.6576,108308.5717,110413.7018,112785.6502,115853.0938,118934.8494,122473.8124,125466.4068,128039.9342,130241.5207,132152.0894,133695.9186,135305.6692,137773.5857,140641.4504,143275.1987,144270.2744,144753.9113,145037.8723,146307.3472,146861.8181,147031.8456,146659.9945,146878.6615,146881.1231,147310.5668,147484.2581,147654.4683,146959.9515,146050.4092,144384.8661,142093.9416,140469.5186,139413.113,138247.6462,136924.5356,135655.3773,134737.7244,133091.3618,130456.9819,127496.3807,124224.8104,121784.4533,120015.611,118652.643,115970.444,113246.416,110774.9374,109620.5357,108394.0965,106761.6241,105678.3076,104707.3266,103618.732,101765.278,99902.81205,98696.15341,97967.72243,97954.92081,98064.49744,98094.4436,97649.51413,96815.65281,95746.68725,94342.31465,93225.98868,91923.28967,90387.85315,88808.669,87514.65816,86900.19465,85921.2068,85219.83798,84064.62236,83378.81478,82148.06348,81098.89536,80108.14363,79111.28031,78477.84566,77729.15333,77479.72764,77064.77551,76823.66615,76172.70298,75620.30768,74905.17271,74394.47288,73461.89427,72096.18734,70549.15463,69546.69169,69779.0805,71079.09055,72811.57096,74487.67528,75818.50813,76731.3774,77497.27955,77942.62465,78432.97662,78782.36605,79443.16458,80291.74457,81247.10839,82156.70796,83103.20477,84155.32692,84876.2713,85290.05913,85559.90008,85841.1598,86219.19307,86451.56608,86598.06502,86507.63172,86859.05018,87712.79374,88964.90786,90136.79619,91355.34419,92596.15951,93842.14725,94913.84596,95945.30697,96787.01352,98009.33769,99498.68323,101114.0578,102794.1928,104073.9264,105227.5463,105790.0235,106555.2191,107192.4195,108112.0663,109010.0731,110305.9429,111822.3374,113452.8424,114694.1479,115634.9812,116118.8288,116624.9762,116678.7357,117195.329,118151.9143,119701.8402,121664.5737,123442.9556,125318.7634,126630.0516,127940.9903,128674.3565,129311.1976,129991.0956,131250.2241,132802.3244,134601.3682,136346.3269,138085.8081,139673.496,141207.0959,142073.4321,142740.1511,143111.1987,143917.1285,144846.9283,146055.6629,147438.0071,148713.3542,150050.6213,151121.8062,151947.6872,152249.2445,152483.3667,152753.2234,153213.5648,154764.2388,156326.5232,158268.5082,159308.2964,160223.3109,161179.7221,162681.6326,164984.3808,167877.2462,170867.1956,173576.7534,175488.6616,176836.0037,178434.8627,180811.2035,184110.4234,187417.8519,191192.1959,194774.3766,198001.9108,200517.3215,203384.98,206970.6121,210213.954,213056.4759,216064.676,220131.223,225243.4274,230776.4414,236309.445,240021.2952,241588.8107,241773.4125,241802.1594,241993.104,241034.488,241202.8103,241602.1399,242725.124,242585.0163
130585.6268,131170.7942,131960.7927,133434.9366,134973.9861,136366.0993,137538.8567,138552.9502,139370.9551,140303.5273,141334.6491,142279.3862,143154.0232,143942.5221,145021.038,146017.2685,147011.0286,147847.1651,148692.2279,149953.399,151476.8733,153359.3183,154933.0807,156344.628,157682.7661,158983.9672,160138.1194,161042.4357,162011.9133,163253.1218,164402.8047,165681.5215,166628.9598,167724.2734,168600.8522,169883.2453,171291.0361,172905.2306,174753.4619,176913.8596,179043.5195,180797.1437,182144.7167,183190.8392,184004.3595,184940.9768,186326.3347,187815.8688,189076.1287,190289.8235,191228.295,192375.4593,193654.597,195676.8005,198108.0305,201108.9368,203916.6157,207011.7602,209730.9413,212489.2506,215215.658,218153.7649,221588.4463,225742.0429,230649.114,236552.0192,242505.9113,247983.3723,252757.5291,256667.0638,260739.5694,265061.147,269512.6665,274191.7025,279343.8731,285484.5107,291250.027,296066.0962,299304.9084,300804.7518,300916.467,301218.3549,301121.8084,300657.6641,298540.6803,297380.2292,295880.7057,294544.6408,292691.6668,290854.9722,288838.6871,286383.958,283744.0635,280592.2763,277574.4766,274185.7632,271772.7799,267640.8352,263461.9408,259157.935,255342.4899,251425.7449,247250.0537,244157.7022,242459.95,240198.8721,234077.862,225763.6404,216924.8614,210508.4099,207163.7397,204769.4722,204329.8125,202691.3473,201788.4993,200605.5785,198830.7412,196567.5726,196089.1729,197025.2371,196444.7929,194936.4012,193443.4665,193567.535,193298.2727,192712.467,192134.6335,190427.9552,188220.3368,186634.824,185614.7187,184891.498,184030.9709,183338.3256,181438.1288,179169.6465,177039.8157,175686.4379,174624.0867,174555.3095,175225.6201,175742.2826,175304.0298,174876.513,175349.4794,176086.4662,176668.1293,177260.772,178349.575,180012.8463,181533.8637,183073.68,184833.2854,187031.6441,189611.9508,192675.0431,195543.2047,197908.4152,199602.3471,201513.7184,203922.4264,206729.7461,209514.1592,212377.0969,215247.0303,218302.2487,220907.1645,223467.3428,225820.3939,228138.2874,229909.0536,230828.0985,231042.3137,230814.0782,230914.6672,231225.0115,232088.1522,232941.0848,234227.4411,235827.5511,237656.8175,239419.6272,240700.7246,242086.5027,243663.0385,245022.5419,245961.0455,246987.5693,248481.4985,250613.9402,252397.4344,253791.316,255122.9878,256917.9026,258709.8101,260523.1333,262116.0226,264068.8216,265091.3356,265680.0776,266302.5059,267892.308,269394.8991,270416.6824,271151.9337,272646.9669,274594.3971,277022.8181,279065.0868,281342.3811,283454.8129,285432.8231,287250.7563,288674.6537,289349.0216,289377.0254,289469.456,290431.5118,292136.905,293938.842,295791.6779,297241.5769,298512.3566,299698.7606,301281.2331,303256.2244,305497.074,307560.5571,309905.4428,312758.0793,315343.7116,316169.9904,315652.7621,315185.2655,315167.4494,315001.414,314794.4044,315034.1323,316435.8038,318478.0549,321460.1506,324329.4303,326485.3783,327370.2209,327249.228,326834.5847,326776.6844,327920.8235,330374.1917,333704.0188,337645.6925,341482.3258,345479.2987,349271.6926,353433.8861,357933.4461,363341.0208,368888.3484,373396.9917,376757.0289,379620.2047,383548.457,388705.9044,394819.0908,402365.618,410920.1885,420903.2964,431064.3158,440504.9625,448281.8734,452943.6285,455071.294,455483.1001,456713.1065,458166.1928,458821.2199,458775.9324,458640.691,459218.5156,458934.64
106397.1393,106332.8642,106390.1136,106542.8415,107434.7159,109070.6319,111123.4619,112759.548,114008.2874,115254.6308,116782.9526,118343.6497,119809.6822,121520.604,123523.1533,126071.1118,127410.1924,128261.5275,128659.3313,129794.2434,130990.034,132065.1645,133336.2944,134141.5252,134210.7368,133829.2879,134265.9073,135273.6694,136843.0571,138129.2749,139973.3687,141419.0243,142788.4832,143817.8777,144768.3339,146130.6188,146721.7842,147399.1274,147313.6083,147818.8018,147931.3603,148356.2599,148619.1468,149233.7294,149728.2291,150117.484,149970.1764,150162.55,150361.1233,151670.7759,153087.5244,154691.497,155698.315,156355.8864,157840.398,159658.7973,161817.3047,163862.2189,165936.942,168108.6552,169777.6153,171131.5682,172061.0716,173381.2857,175188.6918,178039.1083,180803.2013,183742.6422,186468.7952,189128.7898,191647.1685,194315.6825,196726.6736,199758.5358,202885.1291,206474.5566,209524.259,211953.7438,214629.1552,217192.3256,219843.3185,222234.6269,224264.9333,226170.8006,226627.8123,226648.3037,226272.4519,226255.7544,226011.1274,224429.0237,223223.2493,221917.3163,221144.9029,219860.3691,218520.727,217637.8841,217066.2225,216097.4131,215592.2344,213777.0252,211232.2469,207196.7025,203350.7328,199268.4356,195243.7214,191613.6659,188803.9674,186382.4856,184118.4357,182234.6638,180136.0323,177981.1414,175941.5346,173854.8898,171644.2597,169382.3622,167447.7453,165791.4286,164287.6939,163029.2883,162075.7901,161419.4839,160645.3925,159936.3755,159103.3752,158439.9802,157618.7423,156716.5192,155615.3565,154221.8951,152830.5033,151337.9733,150212.2668,149224.3924,148241.4511,147300.47,146549.3197,146121.9511,145731.1614,145228.7347,144797.6968,144461.1615,144337.5136,144349.1819,144416.4041,144392.2668,144190.9059,144188.061,144376.6142,145009.4658,145533.6085,145766.6912,145587.6105,145605.4069,145994.5603,147060.9124,148116.6785,148951.5871,149574.3081,150446.8268,151978.3509,153856.542,155757.1314,157392.179,158721.7748,160338.2277,161837.0481,163593.787,165209.875,167036.272,168497.2158,169355.4643,170131.7819,170981.5106,172000.1241,172567.4874,172811.6566,172868.9798,173181.9174,173895.9529,174897.8403,175893.0818,176738.9177,177517.5566,178497.2922,179666.6792,180858.2265,182007.695,183172.3517,184331.0298,185159.9008,185845.4562,186755.0584,187893.8028,188996.004,190036.4326,191038.0019,192011.0251,192753.643,193794.0407,195083.1961,196552.7852,197667.9355,198595.723,199416.9161,200537.8036,201957.9942,203548.8891,204972.8979,206216.4321,207209.9283,208404.4673,209878.9597,211842.2293,213704.3495,215421.1509,216591.2803,217607.1679,218737.6413,220192.211,221751.081,223027.7514,224431.8443,225980.0463,227670.3074,229188.2884,230231.4282,230979.5862,231526.0249,232459.0186,233787.2807,235499.376,237192.1198,238777.8796,240068.1847,241200.6148,242187.6674,243133.0161,244070.3711,245035.6531,246117.142,247346.6686,248651.8088,249685.6262,250074.5271,250107.7816,250634.9845,252124.3254,254575.9224,257188.4455,260090.5278,263037.8565,266483.2274,270116.3486,273738.905,277371.0165,281230.0874,285811.6118,291017.8665,296371.0784,301380.0302,306399.1232,311563.4075,316950.2373,323066.6087,330474.2317,339202.3525,348321.1783,357153.6015,364870.7717,370277.6372,372823.513,373097.162,372497.7696,371385.0768,369564.5324,367753.0831,366169.4414,365457.3332,364698.3736
55287.54831,55428.26597,55601.12204,55923.12227,56292.9586,56663.37618,57112.20729,57521.23101,57933.65211,58302.94996,58694.51356,59110.33961,59483.2731,59882.4186,60308.99771,60822.11297,61327.49648,61790.34176,62315.90219,62983.1896,63813.28803,64698.06321,65462.64766,66149.75823,66770.23083,67374.46788,67991.43914,68653.85176,69446.13167,70282.3171,71141.65152,72027.67765,72823.52976,73564.87197,74233.06757,75001.30256,75685.87718,76411.47005,77196.26546,78108.35769,79104.56574,80011.8761,80916.88297,81916.39444,82999.78929,84153.09916,85276.33072,86587.63003,88018.57299,89304.52999,90488.55679,91651.74997,92990.91456,94431.47108,96056.29882,97824.89578,99586.05921,101330.8314,103045.2321,104914.9862,106683.7981,108590.8182,110750.5489,113445.8261,116209.2343,119031.2983,122227.2828,125436.4373,128438.2088,130792.8209,133256.9187,135578.4459,138215.8036,140753.9249,143572.79,146761.7687,149990.9639,152838.8763,154550.9754,155646.6211,156345.1806,156790.4961,156915.5435,156737.4047,156430.1298,155902.6679,155048.1413,153728.2925,152200.698,150711.6342,148888.038,146959.3307,144987.217,143099.3122,141010.7639,138352.9683,135537.4143,133087.6848,130604.8,128199.8984,125637.8301,123047.0423,119986.6843,116683.9417,113173.5812,110198.5212,107076.0453,104704.2182,102143.8942,99952.43322,97130.18536,94038.55537,90743.93076,87764.02677,85448.61238,83099.37911,81209.44496,79481.06781,78315.90027,77226.78935,76342.9227,75598.40967,75238.35106,74925.16068,74476.83619,73802.20517,73029.70371,72286.07935,71484.63823,70515.35363,69511.18698,68444.68997,67326.55056,66227.86343,64956.48905,63768.15213,62638.24699,61686.76007,60705.92298,59814.29926,59268.39969,59096.62423,59099.20098,59084.34895,59303.24029,59424.69168,59366.37045,59141.35132,58962.83731,58838.41478,58636.78305,58481.84586,58645.31993,59138.01442,59868.75958,60964.42033,62254.82676,63505.30417,64703.27638,65871.70549,67484.15364,69130.45047,70868.68956,72485.16217,74179.79174,75921.94634,77421.18437,78719.03187,79839.98365,81109.76435,82567.56448,84097.6675,85882.7757,87547.48946,89259.50933,90637.41134,91704.49922,92604.32852,93696.54029,95002.27865,96089.1377,96993.4373,97925.62686,99299.94868,100721.9474,102240.4625,103947.7273,105804.8656,107589.5866,109147.7132,110798.091,112376.1782,113817.7463,115200.9066,116816.7114,118711.7956,120444.5636,122108.5374,123663.408,125399.3537,127054.5902,128665.8497,130304.1302,131804.4899,133210.2271,134689.661,136659.6823,138750.4953,140416.9385,141896.1486,143406.1776,145088.4277,146553.807,147961.2105,149370.1364,150666.4994,151810.1523,153059.7894,154622.8053,156106.3562,157279.2735,158304.3872,159733.1047,161271.9509,162488.2377,163252.281,164091.6177,165057.5936,166177.8795,167076.5979,167811.4879,168305.4015,168492.5234,168894.9142,169438.9432,170285.9109,170898.9613,171460.1213,172260.5645,173307.3741,174763.6294,176231.7974,177657.4184,178428.5234,178533.8591,178401.0798,178737.1621,179899.7524,181694.9268,183549.6998,185738.7879,187751.0863,189826.4515,191582.0375,193648.577,196183.5951,199261.902,203119.6052,207403.04,211764.4279,215740.9311,219149.9516,222633.3825,226566.3776,231340.3883,236662.8728,242293.7142,247972.3036,253402.6112,258487.1004,262401.1202,265056.5093,266519.1521,267361.597,267669.9995,267361.5992,268115.911,269784.1665,272771.9116,275496.7323
95720.51335,95727.3936,95846.19341,96328.86355,97151.55602,98210.38986,99102.40253,100022.3127,100987.6916,101973.7906,102838.6762,103505.2108,104096.7612,104856.0977,105546.2208,106352.7192,107016.6665,107851.2812,108689.1434,109542.5102,110447.1997,111434.3871,112541.367,113648.4029,114781.5209,115734.6801,116774.8016,117763.2364,118928.3902,120030.2264,121209.2938,122351.1457,123419.1206,124375.5617,125379.8228,126647.0517,127955.3899,129197.0558,130242.96,131302.9622,132437.0127,133502.6776,134760.676,135946.7381,137302.3319,138380.4227,139330.6711,140016.0203,140678.7441,141478.3572,142680.4623,144102.2094,145399.2396,146901.1845,148730.6514,151107.4802,153435.5514,155432.7905,156986.8484,158483.2214,160526.764,163025.6108,165777.3352,169126.7421,172527.7719,175988.8658,178939.3786,182286.6169,186110.5995,189744.1836,193230.1061,195998.7182,198450.1058,201236.3955,204729.5417,208408.2356,210510.3989,211788.5165,212695.347,213987.7263,214268.4926,213512.5545,212245.9352,210561.4188,209859.2893,209236.5235,208593.6267,207634.6932,206688.7566,205815.1798,203802.4695,200956.0264,198145.8864,195625.5895,193490.1522,189831.3658,186579.1103,183154.3897,181211.9441,178697.8117,176142.6449,173115.7432,170233.0109,167076.0998,164148.0286,161934.5915,159937.1092,158283.8094,156008.4818,153612.5793,151089.2009,148362.7965,146152.6353,144271.1328,142661.7603,141081.7303,139549.5711,138380.2721,137793.8109,137389.1772,137203.4655,137020.2662,136849.2016,136827.0065,136429.7924,135825.7876,134870.885,133797.9285,132530.4308,130746.5629,128832.0877,127461.2619,126108.1484,124368.0579,122282.0967,120801.7511,120104.1607,119288.9265,118129.5952,116921.9848,116105.5953,115987.5137,116003.0869,116004.3654,115727.2274,115820.1,116460.6333,117608.0431,118876.0696,119910.1308,120828.9795,121455.7482,122179.1985,123122.5632,124581.8781,126609.747,128408.3347,129838.0445,131112.989,132430.3246,134193.3963,135873.6939,137949.3204,140011.2101,141995.6514,144333.1265,146527.6268,148973.4158,151032.0331,152932.2076,154460.2438,155282.3252,156085.4268,156897.5141,157985.7551,159100.3644,160103.6326,161693.58,163763.9894,166397.2804,168309.2486,169634.1114,170582.6862,171715.7884,173262.8719,174760.5476,176807.1007,178732.3827,180778.6421,182749.8951,184759.6216,186873.2848,188528.6356,190029.4591,191384.2426,193236.5635,195091.2584,196919.4907,198377.9651,199952.8798,201910.4877,204006.4232,206150.3843,208153.4145,209873.3923,211266.1533,212399.7041,214065.7237,215757.2951,217952.203,220171.265,222783.7267,224872.5773,226909.1021,229014.7494,231190.9392,232751.121,234066.28,235759.7729,237740.5663,239426.3271,240568.7449,242197.2581,244030.9513,245958.896,247436.0462,248766.7238,250147.2709,252018.614,254391.4433,256441.7594,257899.5533,258711.3131,259758.7963,260609.1936,261315.7958,261713.7423,262529.7785,263898.1072,265547.6957,268050.942,270720.9368,273313.7101,274749.1126,275092.0905,275610.5803,276380.6762,278192.984,280718.3757,283921.8107,287822.9257,291333.7886,295301.5196,299656.5009,304663.7693,309684.6823,314809.4136,320422.1146,326096.0878,331128.7898,335619.1072,339835.0225,344687.543,349496.4039,355076.1101,360871.4313,367371.9557,374147.5719,380476.9026,386152.2589,389515.9607,390814.2278,390006.1652,388650.5832,386589.1215,383680.9835,382236.019,382266.3351,383971.907,384709.7132
133110.2479,133399.8965,133508.1561,134024.7158,134698.3116,135541.3916,136414.1761,136923.582,137455.7501,137788.6104,138333.8705,138770.6345,139326.0875,139900.7915,140728.0255,141721.992,142815.3897,143808.2514,144769.0909,145853.6446,147201.4613,148627.7767,150129.9747,151463.9881,152672.353,153702.8681,155241.2715,157228.0067,159511.6949,161761.9637,164013.7119,166092.2171,168162.6301,169782.4933,171780.0677,173419.4471,175502.7693,177405.0221,179645.7285,182158.5516,185017.2529,187999.0176,190717.2866,193775.24,196954.1797,200553.6519,203607.6943,206827.1309,209213.4229,211846.2464,214954.5136,219493.7588,223337.4688,226863.9706,229940.9954,234447.0132,239586.3717,245129.5291,249990.0543,254016.9841,257893.8267,262149.7188,267549.9698,274464.8001,282291.5374,289875.2098,296686.6229,302831.7883,306693.9531,310239.7002,313572.0216,318447.8356,321692.7183,324835.4977,327924.7209,331071.9233,333063.2328,334430.223,336287.149,338680.6182,340919.2709,341423.807,339718.3811,335666.9471,330702.359,325836.5555,320143.0748,313592.0048,305925.9152,299572.5704,294391.7772,289912.7546,285596.3362,281875.7405,278802.1472,274250.6914,268912.7648,263697.2038,261278.1397,259760.1248,259071.316,256377.1255,253422.5244,249000.9799,246359.7278,242120.1334,237729.5269,233247.7221,230743.1585,229537.6958,227745.2607,224419.6266,220247.6721,216508.6595,213630.6548,211083.6475,208116.0147,205162.214,202337.5584,199836.0199,199110.6941,199064.5036,198927.1899,198317.0071,197906.8385,197899.8367,197594.7036,196770.0738,195352.237,194634.6713,194765.7194,195161.3114,194397.1029,192243.3757,189347.2422,186287.5698,184439.5371,183233.5688,181902.139,179848.1257,178064.9652,177547.1907,177445.1936,177574.9137,177547.8664,178137.5452,179057.1415,179819.7966,180236.6827,180376.0899,180735.9601,180775.7005,181090.8975,181457.1376,181877.4349,182411.5243,182928.8651,183992.8182,185383.8337,187188.3085,189200.7292,191293.2506,193258.2285,195146.3862,196864.6121,198614.8687,200248.2703,202307.2899,204998.9873,208246.3705,211083.5164,213237.7995,214903.9171,216508.5791,218099.1322,219634.3037,220609.136,221089.3682,221852.985,223589.7601,225749.498,227438.5333,228609.2655,229931.251,231739.7314,233929.1037,236621.4949,239793.9952,242636.2755,245075.1341,247366.2083,250360.202,253808.8197,256925.0216,258960.2218,260972.7906,263309.6638,266222.3107,268254.7024,270054.4215,271983.021,274879.4607,278004.2666,281254.0085,284258.7082,287039.5258,289734.3249,291831.0118,293333.3056,294344.3092,295261.0562,296682.7982,298622.2465,300969.9239,303227.6692,305292.2571,307378.6597,309540.4805,311925.8564,314068.4046,315628.502,316689.34,317871.2397,319261.3427,320274.0347,320343.6857,320131.4856,320476.9483,320482.8629,320547.9874,319839.3433,320210.0952,320810.1166,322202.4814,323610.1285,325517.4155,327138.4059,328774.189,330482.8068,332607.6981,335250.3492,337721.2076,339811.6328,341372.2429,341658.6388,341765.8962,342270.1755,344675.6076,348643.5661,353377.6116,358354.3803,363139.0683,368385.855,373928.672,379747.0977,385925.1596,393084.44,401583.8157,409355.6318,414796.7384,417872.1966,421028.6169,425832.7844,432297.8338,441379.8092,452470.3264,464821.4791,476707.8448,487325.5643,495922.2124,500655.8878,501449.3495,499756.4149,498535.6723,498542.4624,498850.5231,498243.3312,497505.9138,498456.3007,500311.1355
167704.5928,167866.5631,168493.2704,169458.1921,170890.9852,172507.3387,174591.8546,176810.5928,178669.64,180340.8947,181744.3596,183341.1664,184955.4603,186649.3586,188200.702,190121.4606,191992.3738,193772.7651,195201.6456,196673.5366,198235.3405,199793.7518,201513.7047,203209.0135,204877.7804,206580.7894,208359.4716,210117.4929,211721.2367,213385.3357,215061.877,217156.5075,219434.9684,221785.3882,223752.0837,225573.5588,227525.9202,229533.9275,231873.5677,234493.4515,237197.2449,239459.3181,241331.8627,243364.85,245996.3585,248873.834,251888.5178,254196.4814,256576.2285,258795.762,261635.207,265040.3622,268949.1784,272869.4255,276501.6536,280285.3793,284232.8785,287818.5774,291267.5583,295026.8493,299216.8632,302988.5164,307226.4819,311787.8072,316612.6339,321781.893,327208.8538,333560.5795,340027.8646,346139.1773,351384.558,355988.215,360925.4749,366006.3002,370908.4549,375625.2875,380491.5664,384562.0222,387864.2279,390128.8584,390614.6636,390168.303,388513.0014,387067.4216,385267.7403,383162.5846,381602.0704,380541.7372,379985.3007,378542.6407,376573.5174,374284.4501,372301.8509,369808.8696,367399.0078,364790.4932,362010.9735,359527.8162,356366.0996,352154.1008,347416.9674,342229.6784,337661.5485,332750.8012,327813.3878,322250.5327,317104.8574,312733.677,311336.8581,309437.9035,307764.4227,303028.4749,298013.7467,293701.8326,291676.1849,289728.2462,287376.9086,283788.4104,280618.5612,277105.8575,272376.1914,268723.1707,265938.3287,264876.4476,264694.0232,264434.3038,263035.4694,259564.5842,256024.316,254270.667,252671.9548,251050.9719,247857.1225,246130.5316,244256.62,243932.6613,242223.9036,240346.5803,237744.6352,236009.3885,234732.0207,233633.7233,232880.248,232393.9196,232589.9019,232345.2319,232008.4696,231441.515,230643.6847,230276.1989,230119.3284,230568.3717,231672.2965,233384.4155,236130.1399,239205.7181,242172.4108,244571.4688,246355.48,248794.1063,252080.7234,256211.4831,260200.0317,263747.2872,267081.9619,270331.5765,273297.3664,276787.7223,280430.4765,284044.6129,286893.7667,289425.941,291600.9147,292727.5878,293145.0392,293019.2709,293128.1707,293640.2007,295118.5006,297919.4175,300671.7055,303506.2502,305136.7639,306672.6979,307835.3561,308830.2733,309441.2585,310708.5857,312546.7478,315473.1901,318251.7832,320921.2971,322436.6155,323094.9513,323474.2077,325011.9709,327121.7263,329433.7381,331391.6083,333465.6805,335948.0774,339246.1985,341860.9603,343703.357,344103.4894,345188.2402,346861.676,349860.1512,352230.8345,354522.0646,355725.816,357598.4434,359596.8765,361946.0832,363193.4087,363982.6594,364904.4541,366442.3229,368503.1032,370849.4437,373420.6722,375565.7923,377127.0259,378360.9393,379266.6789,380183.9522,381075.7428,382599.3968,384537.6202,386690.7096,389017.7544,390533.1397,391699.3582,392837.5803,394560.9453,396262.4728,396929.675,397288.9367,398236.9446,400118.2724,402807.6957,405910.9345,408797.33,410698.8511,411430.5009,410672.1823,409645.789,409614.9793,412166.0108,416539.259,422436.9025,429165.7535,436649.32,445028.975,454239.6254,464187.9111,475141.1763,487013.2664,498021.6735,506213.6796,511784.2149,517446.3423,525098.3288,533948.7507,545800.0792,559101.4874,574707.203,589443.3288,602645.1207,612932.3892,617343.0782,615732.1894,610237.4246,606579.3654,605300.9033,603711.145,599892.6673,594934.1289,591586.312,589005.5199
110864.9396,110589.238,110331.9907,110250.2417,110576.7449,111199.8319,111571.0464,111696.5279,111876.9129,112184.274,112600.1495,112840.372,113035.8247,113417.0788,114126.5478,115010.9726,115791.3763,116616.8795,117463.8139,118532.8697,119602.0467,120545.0615,121234.288,121945.5198,122971.0701,124149.5076,125542.8401,127008.6807,128700.5397,130472.1331,132454.384,134671.986,137041.2258,139257.8565,141727.0653,143731.0429,145857.9453,147734.9502,150146.7665,152927.2495,156129.3587,159247.8922,162085.4725,164497.9741,167022.8576,169860.973,172891.9827,176153.1056,178570.2527,180595.6332,182640.7785,186082.137,189512.3089,192955.1036,196028.0103,200465.6742,205340.3338,210432.3026,214322.2529,217776.9458,221106.8656,225262.4717,229883.9872,235359.5386,241045.305,247056.5497,252958.8668,258762.229,263212.4574,267341.1884,271149.2665,275938.3841,279097.9687,281930.8387,284523.9438,287345.2158,289600.4165,290119.915,290176.3734,289968.6424,288954.439,286549.3544,282618.8284,278087.6721,273581.8977,269299.8828,264423.1076,258925.9853,252417.3395,247868.1389,244326.5571,241885.7286,239078.3859,236881.3994,234579.3896,231252.7686,227151.8108,223070.1578,220905.3526,219219.325,217897.5628,214927.5819,211688.6323,208068.2793,205645.8437,202229.3914,198463.6254,194780.318,191969.8165,189757.3567,187105.9368,183579.3093,179217.6427,174667.7693,170505.8539,166839.4841,162927.1219,160148.2288,158271.5332,157130.239,157023.1417,157015.5223,156851.5128,156108.6158,155804.0057,155919.5139,156200.6045,156327.8677,156112.123,155364.5658,154605.8327,154129.661,153644.2023,152463.5089,150938.5036,149667.5937,149414.9487,148921.9261,147653.5276,145459.7231,143970.1426,143944.8694,144832.2665,145524.0559,145839.2328,145956.0979,146227.427,146097.3087,145956.8875,145955.3631,146253.6475,146136.2331,145947.7097,145768.1033,146556.8615,148260.0884,150393.3607,152494.1752,154131.0392,155537.9777,156723.438,157913.3886,159061.4348,159986.8756,160830.7925,161958.2006,162927.1217,164169.4217,165992.7728,168410.0992,170703.2748,172270.3005,173697.4851,175050.9562,176290.9451,177242.6285,177969.3984,178560.0644,179349.092,180636.3564,182240.8095,184226.4989,185945.9452,187853.3642,189529.4203,191420.1572,193484.4549,195956.9537,198428.0962,200345.489,201868.9612,203508.8287,205852.1308,208510.3828,210882.2851,213338.8574,215834.2766,218482.9092,220547.3921,222445.1425,224572.3639,227099.6907,229411.903,231333.1712,232903.1432,234742.7128,236602.737,238209.0295,239294.6785,240478.9321,241995.7068,244066.0623,246273.7676,248268.1628,249693.2083,250860.0586,251971.8171,253970.5829,256634.4932,259376.6892,261199.3233,262330.5223,263619.7004,265005.7971,266117.0033,266519.3063,266625.7403,267285.9484,267245.06,267278.5203,266411.1054,266517.0119,266734.5191,267793.0111,269163.3394,270886.8782,272211.4217,273395.8163,274650.5485,276224.8698,277999.0021,279182.198,279547.6476,279309.7681,278628.6546,278185.9542,278344.2795,279622.6834,282077.3238,285686.146,290542.9177,295697.3048,300532.9351,305088.0269,309715.5301,314891.4589,321161.9609,329175.5911,336311.4226,340995.9357,342898.1849,345016.9324,348495.4768,353310.8087,360413.3315,369222.3536,378941.7407,388256.2139,396296.1115,402967.8547,406681.9021,407465.298,405772.7107,404289.6224,403486.0287,402865.9595,401127.8758,399557.0503,399333.2257,400093.8276
52491.72352,52692.80155,52828.4007,53052.42468,53276.00106,53592.21569,54106.72536,54682.53219,55089.32615,55305.21515,55458.39662,55727.64441,56159.29104,56638.54429,57078.11169,57476.8544,57850.86319,58357.75426,58949.04639,59535.47077,59990.85457,60381.31315,60749.19648,61120.08009,61496.43887,62039.46342,62584.11641,63114.3043,63519.52882,64054.52065,64676.24975,65244.41792,65707.43456,66034.68968,66365.62966,66668.29472,66980.98345,67385.38131,67813.36571,68243.63078,68621.27021,69079.47734,69615.81556,70362.80106,71222.8371,72118.10002,72730.09026,73230.17886,73712.18467,74553.33385,75496.79008,76533.72789,77428.48414,78466.88985,79765.22589,81338.19453,82820.34074,84089.8721,85175.20351,86291.88458,87514.19026,88695.32826,89981.44356,91399.30259,93069.68778,94918.69688,96756.37805,98916.53189,101170.2077,103423.7901,105249.995,106845.0515,108459.4636,109757.8252,110892.5818,111821.1778,112749.9304,113331.7439,113701.7201,113857.9078,114015.5686,114059.0561,114038.683,113964.3589,113863.2597,113739.7982,113518.6536,113091.9298,112251.1112,111173.0129,110443.1869,109472.2956,108359.0609,106709.0727,105280.0668,103887.5804,102434.6104,101003.6149,99488.15519,97789.73657,95965.50613,94350.06465,92750.81346,90725.23485,88557.32432,86480.86039,85074.73505,83885.6673,82887.37778,82016.35758,81195.52002,80281.18843,79370.79632,78394.26836,77423.00662,76357.81548,75255.30059,74238.28521,73502.92556,72951.84086,72541.38181,72068.62624,71652.74866,71287.72068,71017.47563,70746.26871,70481.02499,70101.45921,69625.72418,69044.78607,68560.42749,68043.9382,67541.98931,66980.85072,66419.06319,65858.49606,65427.38289,65123.03577,64865.34281,64513.26672,64174.12414,63873.38146,63631.98854,63436.65193,63311.67807,63218.96507,63184.4334,63260.52226,63687.01417,64109.40511,64397.77698,64258.46086,63972.70208,63893.85204,64123.1577,64841.88227,65615.15788,66301.86144,67026.83697,67900.09411,68821.15917,69414.82819,69662.05361,70036.7294,70506.53145,70822.06086,71008.02712,71265.74984,71686.39232,72122.81662,72552.32367,73008.95763,73275.42677,73379.73797,73581.17687,73875.38394,74124.65718,74101.28785,74536.0293,75330.83698,76356.061,76967.82261,77532.79057,78193.69034,78996.17874,79660.47137,80267.3827,81072.64321,82081.74817,83262.91485,84208.10138,85176.87538,86106.50375,86858.7245,87279.89316,87692.50343,88338.80156,89243.84615,90176.85343,91084.21307,92004.23637,93020.47201,93801.96557,94284.04143,94957.00677,95873.45226,97024.57862,97861.06852,98572.07332,99192.69229,99636.0329,100021.9189,100459.2288,101235.1347,102283.1724,103451.2367,104681.9781,105939.1309,107276.0226,108192.3371,108929.6767,109638.5154,110787.2148,112056.9525,113358.9233,114439.6654,115408.404,116200.7715,116994.2787,117920.1967,118736.3153,119367.0907,119930.7935,120666.0394,121568.5808,122556.5591,123565.5768,124905.7227,125986.2041,126632.2313,126560.393,126930.8343,127705.7549,128818.5483,129384.8831,129565.748,129998.3792,131111.5224,133135.3391,135563.7269,138388.4323,141139.1069,144074.6688,147000.8289,149831.5757,152260.6954,154661.9672,157738.8049,160642.2766,163165.8322,164723.7245,166692.1543,169089.2244,171685.6275,175617.5329,180490.6433,186353.9553,191520.2843,196093.647,200143.8907,203504.4523,205475.9913,206529.0348,207208.9549,206973.3296,205870.5879,204161.9305,202825.6178,202736.2881,203245.7356
153646.4124,154321.3027,154649.3242,155552.9053,156348.3179,157528.0934,158808.5344,160171.233,161387.6523,162586.723,163800.0564,165217.0666,166700.1349,168157.0379,169561.8549,171049.7845,172761.2476,174793.9107,177245.8493,179936.3674,182707.9284,185230.1456,187546.0972,189749.2183,191999.2309,194443.219,196879.2253,199712.7222,202735.4852,206164.4606,209714.6688,213371.8284,216423.4916,218722.8551,220366.0002,222925.1313,226317.6599,230477.0304,234549.5896,238629.7109,242427.5044,245774.6699,248591.6088,251276.9826,254439.1264,257734.6025,261050.2026,263520.8663,266256.0762,269029.8696,272413.1041,275864.3578,280269.4822,285269.679,290663.6666,296057.5527,301514.3372,307149.6068,312842.247,319169.0624,325642.9594,332495.0596,338744.2246,344626.5491,351418.0003,360017.4098,369895.1722,379956.1733,390573.0789,400533.7471,408888.329,415582.7739,422024.2195,427879.1242,434408.6487,441450.23,449201.6567,455116.2531,459820.8877,462429.7881,463818.1756,463885.8753,463879.5226,463721.1973,461962.6463,460773.2074,458198.3261,455847.1376,451458.3798,446345.4032,441755.3239,437514.6692,432032.5042,426365.5843,419801.7896,415400.4736,407911.0556,400422.1462,390987.079,382192.2098,372768.2998,363408.285,353467.1948,341635.0301,329676.268,318550.0177,309457.5784,300978.5138,292208.0422,284507.7949,277152.5907,270574.3986,264658.1655,261063.6882,258804.124,257127.7151,255065.6907,254658.2413,253891.1473,252944.5004,251917.4804,251954.5042,253281.1551,255725.6884,258240.682,259471.0362,259528.5557,259427.4203,259779.2515,259425.1454,260076.5916,260507.6516,260920.5231,259691.9268,258924.1086,258655.1059,258732.6606,258100.6657,257230.4969,256560.6999,256678.8394,257760.2406,259551.259,261461.2706,264530.0506,266785.1156,268488.3378,269312.2866,271154.0991,274824.101,279106.7973,283860.2564,288965.6339,294210.8846,299689.9257,304339.5802,308425.1651,311724.7314,315180.8209,319905.4922,325740.1593,332059.8247,337938.2288,343250.3824,348724.4635,353437.8628,357656.0462,360957.1987,363384.2939,365725.2433,368495.6679,372544.0612,377237.8343,381938.4706,386877.9106,391752.7901,396694.1749,401240.2333,405770.1313,410398.2291,413918.5994,415932.6372,416650.2763,418222.6431,421179.1225,424448.8,427596.6148,430292.8948,433333.4911,437002.0239,440543.5122,443529.5333,445047.8028,446189.7657,446925.8557,447500.4184,447760.2794,448104.8458,448278.2914,447949.9872,446734.3002,445957.8311,447217.1107,450226.9595,452684.3696,454421.5943,454296.8935,454402.2967,452653.3578,451458.456,449653.1254,448689.3184,447553.4226,447636.7489,447589.5433,447562.903,451447.1811,459940.7473,472261.2959,481689.8074,488083.1998,491170.2219,494171.6206,496038.5144,498291.7715,499711.1088,500929.9333,501753.1923,500700.3437,498770.0022,495524.8287,492413.6987,488772.2115,485406.7538,482474.0612,480669.5662,479385.7767,478518.0168,477806.6758,477409.8114,477975.6255,478678.1986,479588.7504,479246.6779,477926.4173,475345.9315,472908.9351,472034.0182,473067.7027,475144.2973,477751.1097,480523.5427,482814.7927,484818.4633,487911.6212,493217.7968,501075.7958,511151.3471,526431.4728,545195.4683,564856.085,581843.0345,597478.3954,613273.4303,628652.6034,643233.0149,657362.4945,673052.279,688624.7928,701362.2732,708806.2839,711721.6233,712688.5491,715240.3347,720340.6281,723947.3799,723644.2121,721572.4109,723116.9171,729914.0747
71648.16973,71763.62595,72040.80986,72977.86044,73892.40124,75064.06204,75750.39206,76548.27302,77184.39918,77593.05173,77780.11844,77905.7791,78234.62565,78801.85044,79191.32199,79215.10924,79435.48081,79460.05444,79944.42299,80609.4361,81473.7761,82637.60498,83189.82397,83881.24878,83970.22958,84013.96007,84156.34937,84681.12265,85490.29497,85815.35411,86063.7421,86315.21447,86825.99151,87374.89074,88108.41189,89276.04198,90279.69115,91236.12752,91905.50197,92342.51729,92933.60324,93557.50297,94373.4833,94656.40882,94392.51582,94296.08046,95024.04619,96346.38245,98018.63462,98866.85965,99597.66689,99661.53549,99491.44096,98618.46803,98651.02589,99171.66809,101170.907,103515.5709,106027.6858,108058.7786,108616.5662,109423.9069,109520.6052,110070.4714,110396.6831,111570.5666,113933.0667,116497.9072,118645.8773,119542.6028,120446.9299,121379.5684,123193.3319,124881.4398,127310.0911,131393.2363,136286.048,141116.0381,143275.1139,143699.1165,143002.3263,142847.8919,143168.6609,144027.2094,145025.0326,146659.4095,148670.2062,150876.1334,151745.0805,150635.2693,147469.5496,145782.8176,145024.3198,144663.7705,144103.44,142629.3098,140332.4724,137156.8635,134617.0644,133380.7421,132194.3279,131003.551,129846.455,129216.9538,128714.4473,128285.756,126489.0364,125427.3153,124187.4923,123793.6135,122782.6739,121449.1714,119962.9681,119115.5593,118637.8557,117525.0832,115143.7875,113031.7666,111915.8757,111255.4183,110779.4284,109708.7429,109100.4329,108215.9155,107066.6139,105750.0033,103780.2222,102636.3845,101673.4458,101099.5109,98830.46835,95567.34423,91852.78999,89259.61411,87069.32891,84587.18006,82129.77215,79470.79313,77594.16107,75323.96487,73084.09863,70825.13046,69030.95864,67691.75866,67080.07247,67284.527,67820.90289,68445.93331,68676.59186,68631.55088,67615.23341,66031.44094,64826.9683,64481.19597,64776.60533,65238.2298,65406.0697,65630.19352,65568.67344,65735.84111,65863.02838,66230.87097,66380.35528,66743.48386,67293.77654,68245.98136,68854.0583,69186.37318,69433.1496,70308.96419,71162.6988,71985.73384,72609.97332,73388.47013,74340.36894,75072.72331,75952.65696,76653.38669,77863.41233,79494.27721,81131.66741,82538.31206,83557.9215,85037.7621,86938.12365,89141.26743,91047.75193,92581.3872,94022.25674,95958.65736,98334.68164,99836.57139,100758.5038,100927.9649,101711.6875,102402.7525,103372.4179,104164.0773,104496.886,104966.4609,105366.9504,106156.0266,106754.731,107402.0558,108196.495,108376.6176,108575.8169,108782.997,109659.1865,111290.246,112897.1349,115006.4706,116846.3756,118375.9923,119234.9204,119868.1212,120133.4345,120078.1145,119862.4305,119835.9373,120514.5529,120949.0736,122061.9134,122997.9907,124525.5244,126057.8363,128056.9085,129674.824,131359.0132,132537.1824,133210.9107,133430.8615,133237.3805,133323.9591,133206.2324,133777.0545,134353.7938,135487.2862,136575.4429,138269.1779,140412.645,142355.0118,143457.3343,143459.1561,142305.4533,140797.0976,139854.9775,139992.5062,141408.6625,142821.4108,144540.5464,145910.1647,147615.5132,149580.3223,151755.1854,154581.3357,157846.6577,162365.8204,166653.3442,169901.9994,172099.5904,173577.9745,175582.2601,177588.5165,181424.9854,186403.8327,192259.5508,197572.8479,202145.4951,206404.4558,209723.8165,212249.1947,213504.5587,214255.8796,214336.3129,214295.3857,216710.5623,220337.9775,224151.5001,225469.4969
129846.2969,130115.7286,130605.1973,131542.4194,132681.7981,133796.7643,134934.1022,135839.1776,136687.4528,137375.6152,138183.117,139029.8543,139791.5869,140383.8869,141108.4094,142087.2456,143194.8607,144165.3392,145292.2382,146796.7796,148617.4728,150496.2246,152199.2645,153812.4824,155210.2504,156532.1817,157794.9564,159339.3626,161246.7274,163432.9784,165927.347,168870.9549,171780.5021,174342.7626,176454.8604,178860.4759,181144.6884,183403.7863,185726.8305,188498.6143,191643.6967,194404.6027,197069.5594,199832.4414,202479.7417,204929.4694,207226.056,210213.5076,213608.4033,216681.6509,219454.1932,222115.0447,225249.0242,228493.7956,232195.7984,235877.0592,239849.2921,243975.9663,248643.6772,253493.0637,257957.1623,262505.8155,267333.2435,273251.9163,279499.8071,286544.4312,294420.9476,301493.3587,307047.0321,310683.8789,314324.5104,317832.494,321802.1889,325499.595,328692.2815,332737.4626,336265.0916,339309.6972,339428.305,338691.6567,337237.3846,335716.8239,333712.7462,331211.9257,328163.1709,325100.1832,321486.9173,316380.4213,310236.4839,304569.385,298898.223,293151.0912,287421.2028,282464.3544,277575.4346,271350.5041,264926.6747,259296.1242,254740.4995,251181.585,248191.2524,245333.8384,242079.9233,237641.614,233047.6603,228751.0349,223775.1098,219976.0265,216471.9501,214429.768,211616.0738,208176.2916,204931.6884,202046.2519,200338.9083,198495.8755,196978.607,195614.9051,195728.7712,196310.7563,196807.9057,196231.8719,195825.9442,195651.4489,195344.3629,194325.2462,192811.823,191164.6816,189857.4322,188039.193,187250.9739,186556.3496,185854.6857,184796.6263,183559.4449,183261.0306,182666.7379,181769.7906,180368.9503,179186.5398,178533.7176,178159.7001,177852.2757,177605.7376,176992.697,176367.9262,175693.9315,175705.4654,176018.8499,176860.1923,178152.6541,179848.7981,181423.4799,183151.121,184830.1255,187024.4354,189426.3209,191821.7285,194238.319,196403.7369,198726.9137,201214.377,203674.08,206222.1569,208707.3008,211704.9681,214529.9789,217193.5262,219678.2988,222252.2568,225059.4981,227300.6701,229507.4338,230810.434,232328.6315,233767.1966,235264.8361,236895.1164,238621.9099,240841.7958,243201.5197,245498.5737,247373.0393,248925.9385,250582.9512,252361.0743,254407.597,256987.1985,259884.9592,263275.1668,266849.4081,269710.7052,271798.7879,273213.7336,274989.5114,277303.7234,279139.9375,280841.9533,281702.0702,282804.3446,284102.3563,285944.0594,287024.084,287136.9974,286996.7925,288087.5423,290185.4802,292066.3139,293098.5843,294284.4777,295764.6841,298059.0633,300161.0153,301877.9124,302773.6981,303747.7623,305446.7658,307802.4387,310263.4749,312078.5214,314178.2055,316402.9521,319741.6831,322724.277,325281.6083,327362.7317,329049.9814,331185.5622,332935.2174,334825.1468,335102.3482,334128.6411,332371.6811,331457.0983,331020.4424,331126.0535,331650.6299,332960.2409,335442.3599,338519.9766,342769.7871,346677.5055,350373.1312,352540.9643,352987.2373,352325.9569,351941.2107,353361.3268,356401.1047,360453.6532,365504.3839,371134.9037,377665.7877,384198.9743,391204.5706,399069.423,407834.2955,417749.4832,427487.9348,437463.762,446431.622,454494.9969,462134.9975,470174.7723,481730.0888,495346.8603,511455.3158,526796.4099,540138.1504,550731.4813,556160.5505,557846.927,555831.4317,553940.0193,552209.8866,549812.4716,546476.8776,544360.9795,545704.6596,549062.7482
118988.5519,119538.1645,120000.5097,120972.2729,121778.0974,122612.0548,123471.7492,124220.4431,124955.9683,125251.6827,125599.2595,126126.3986,126972.0294,127797.9475,128252.6023,128829.8816,129710.5333,130957.285,132159.5787,133343.6332,134333.8236,135635.1269,137034.0955,138638.2692,140268.8362,141969.7057,143876.1304,145683.4854,147409.5156,149087.1988,150827.1974,152618.5073,154202.9191,155554.2222,156780.7711,158327.8681,160151.9635,162245.2456,164310.4032,166422.6854,168331.4153,170253.8562,172052.4239,173800.7579,175558.5472,177324.1224,179262.2338,180809.0486,182456.1568,183990.473,185992.7137,187844.361,190269.3467,193143.0585,196574.614,199949.0428,203082.0522,206473.4513,210170.9748,214354.8211,218290.0237,222100.9057,225720.7717,229358.6263,234067.9843,239811.9309,246128.6124,252238.1264,258591.1165,264620.4303,270076.5429,274866.5255,280037.3118,284929.3589,291093.9183,298200.4428,305955.7521,312102.7929,317211.6388,321149.2389,324441.5969,326858.1213,329410.483,331863.6823,333479.5942,334875.4791,335337.6337,336178.2171,336575.6783,337085.5967,337374.4316,336912.6905,334799.3587,332370.8298,328655.8156,326077.2588,320133.7728,313279.5744,305056.3676,297548.08,290393.9798,282174.2575,274384.8133,266531.2398,258681.4446,250699.3868,242658.8067,234908.6295,225962.1718,216951.2244,208834.1441,201527.4812,195494.3053,189882.225,184966.6966,180523.891,175490.9909,171510.262,167239.4269,163512.5774,160966.1694,159399.5817,158509.6345,157503.27,156775.5979,156571.9038,155822.5816,154542.4144,152854.1131,150402.3031,148200.1532,145758.148,143718.112,141723.6466,139762.9451,138683.0755,136581.8492,135132.2131,134064.1436,133545.7969,133095.3916,132754.8908,133386.0776,133993.4811,134509.9098,133998.9757,132570.1204,130804.0014,129673.8472,129813.7879,130238.1892,131182.9944,132522.2554,134103.6291,135728.7655,137587.9785,139681.4103,142278.0368,144980.432,147928.5877,150510.0339,152662.6405,154681.1673,156629.2101,158900.336,161496.9526,164101.6806,166456.2501,168219.2868,170141.7917,172169.725,174504.7335,176917.5437,179203.8866,181554.7193,183768.4595,185908.0619,187818.6779,189323.8762,190623.021,191341.7895,192261.8349,193431.6729,195457.2864,197837.4327,199924.7328,201547.9332,202911.4138,204646.1389,206580.4853,208702.1168,210918.0898,213389.0845,215946.2285,218488.5738,221033.0908,223716.9346,226669.2736,229756.5037,232732.616,235600.5602,238706.7303,241495.9169,244057.9694,246145.2884,248745.8745,252034.0586,255342.3887,258254.6105,260419.3436,262750.4915,265365.795,268196.0994,271444.2974,274630.9341,278343.7186,281133.7621,283416.024,284991.3731,286598.6877,288040.3165,289326.4034,290855.5183,292415.0694,293925.5503,295334.5298,296903.5138,298647.8546,299691.14,300774.6777,301894.5616,303344.9523,304392.3993,304565.7798,304770.9443,305251.3128,306293.8358,307782.3327,309816.9184,312188.8555,315060.0228,318048.6358,321224.676,323514.83,324521.3734,325060.7043,325835.0421,327854.5097,330788.4825,334453.1777,338649.98,342463.9182,346029.8462,349363.1777,352634.1451,355498.8108,358195.169,361528.8829,364722.017,366959.8035,368130.471,369497.3405,371945.0387,375216.6246,381498.1063,390533.7885,401442.0486,411375.7754,418937.208,425032.1784,429610.2249,433040.2624,435328.7359,436786.9342,437964.6708,437904.0503,438426.1036,440001.896,443194.0406,446965.3351
103945.9148,104516.0246,104787.5964,105277.4788,105120.2948,105549.6968,106360.5107,107532.2288,108693.9658,109605.7605,110914.5248,111671.0207,112702.3828,113793.3641,115406.2379,117235.3409,118574.2388,120125.5059,121401.9709,122787.051,123770.9061,124750.8829,125930.1239,126949.3885,127571.8267,128187.6887,128064.8125,127791.9937,127178.4628,126496.0799,126580.4813,126784.9646,127587.9867,128297.7749,128999.6384,129928.5174,130779.3249,131421.2527,132458.4087,133511.2699,135021.9244,135986.1897,136085.0442,135698.6573,135169.8132,135489.8064,135851.7446,137033.5912,138116.9941,139269.3213,139464.3615,140309.3368,141610.0331,143718.0635,145641.8879,147573.7382,149514.4998,150842.5695,152152.9539,153467.9096,155353.8485,157721.7168,159975.2095,161929.8151,163519.2405,165639.736,167959.8902,170438.6044,172641.1416,175499.9472,177977.9094,179797.23,180563.487,181727.0434,183462.0177,186147.1154,189066.6076,191934.7534,193997.0568,195784.7614,197781.3345,200035.5856,201827.3533,203070.5433,203944.6576,205191.5297,207147.1549,208776.7944,210127.4472,209223.5807,208417.5913,207360.4809,206844.5537,206511.4851,206947.8014,208143.5075,208715.0681,207644.1173,208081.5575,207498.9772,206251.8221,202300.5976,198441.7279,194382.3151,190475.4369,187188.1589,184578.539,182325.5141,180166.2383,178111.2064,175696.3477,173186.3237,170965.0413,168722.9017,166295.6463,163929.0517,162061.7645,160617.2067,159360.4647,158225.3304,157363.216,156880.8708,156362.5612,155923.3527,155182.1447,154563.5382,153756.6247,152946.7654,152063.6046,150622.5594,149087.2998,147289.8746,146011.9109,145043.2529,143928.5926,142959.6837,141908.4431,141305.6377,140678.9218,140194.3076,139930.9845,139852.2039,139951.192,140122.8727,140301.6764,140417.9453,140491.1174,140485.5173,140446.0448,140548.4055,140246.766,139654.0356,138854.2616,138698.9448,138690.5219,139163.0663,139654.4367,140497.2643,141327.0929,142626.2883,144296.6876,145929.0854,146940.4192,147746.4344,148282.5293,149025.8136,149278.3798,150075.7863,151360.1227,153275.8996,154976.2971,156155.7711,156934.8251,157541.0637,158021.908,158471.4067,158716.5646,158845.3889,158847.1023,159181.713,159838.3935,160620.9534,161109.004,161767.9564,162893.5481,164468.1509,166023.0386,167340.0327,168332.928,169225.9606,169811.7435,170740.7223,172288.2074,174316.6347,176066.6379,177591.838,179062.9768,180588.0195,181735.7905,183098.7881,184833.5886,186695.5962,187901.2571,188706.5948,189404.445,190577.6257,192348.8646,194547.5029,196735.2747,198533.4761,199790.4748,201279.9858,202890.8519,204903.0211,206463.9742,207913.0506,208265.8262,208230.6669,208410.2081,209663.9391,211839.8248,214053.9027,216569.791,218552.1566,220322.0755,221763.5768,223154.4729,224377.6875,224638.1244,224532.3,224197.7006,224604.3508,225812.7892,227716.0351,229846.8507,231657.019,233187.2547,234934.8649,237126.2125,239595.6726,242021.2519,244717.6465,247383.9302,249736.1546,250825.0297,251528.6723,252666.1809,255075.0386,258578.7531,261919.7305,265528.2842,269096.2601,273561.5546,278241.8739,282233.375,285860.4162,289588.7544,294791.3096,299295.3744,302284.7024,303669.9065,305208.3087,307318.4355,309643.6952,315343.4501,324373.5222,335934.6987,346825.1608,356237.6439,363960.2407,369008.4169,371434.0266,372142.3026,371941.1837,370964.955,368334.9423,365558.7593,363434.1327,362883.7058,362989.3523
128768.2764,129152.7564,129372.4904,129764.236,130116.8998,130984.3584,132098.8278,133485.4703,134530.1745,135484.6767,136209.7724,136434.5034,136374.5024,136597.2072,137508.1529,138608.1641,139223.2147,139428.1017,139305.1422,139542.9809,140025.9476,141261.9352,142095.499,142765.6356,143362.8485,143990.0424,144981.2221,146064.3796,147433.4708,148618.1535,149052.6149,149113.0479,148886.1103,148944.4776,148782.4651,148484.391,148315.7284,149169.5319,150261.1497,151332.0942,152346.8535,153948.4254,156793.9145,159903.2265,162985.2869,165751.7719,168802.0779,171939.8925,174596.671,176690.615,178697.9147,181195.2585,183911.9853,186934.7132,189240.9895,191705.9768,194377.9274,197106.2827,199888.9022,202009.7906,204360.032,207086.8965,210382.2509,213885.9499,217088.9544,220554.7771,224654.4228,228660.6765,233451.9506,238353.983,243495.5888,248370.8695,253173.356,257974.8727,263169.8197,268650.412,273412.421,277144.276,278902.9481,281787.2372,283828.3392,284805.5351,283602.3225,280852.5636,278966.8758,277545.1565,277771.9813,278789.5146,280247.0554,280423.0337,279124.1384,276598.292,273537.9741,270112.1418,267330.7845,264200.2434,259993.4861,253968.4642,248466.8996,244416.9921,240846.197,237585.3547,233891.8521,230885.4381,227785.7133,224724.4529,220117.4519,215730.7903,211852.4544,208893.4996,205713.2712,202070.8905,198480.5344,194802.6176,192162.0514,189790.6564,187530.9858,185257.839,185559.8174,186702.6675,188520.0693,188847.8785,189064.7923,188524.6356,188244.6704,188036.4495,187618.8741,187117.1987,185868.1437,184707.9644,182491.0441,180460.637,176849.1303,172927.7383,169142.9722,166478.6111,164256.8958,162045.8765,160291.9449,158383.72,156580.7164,155252.9894,154762.599,154430.555,153929.3613,153741.8023,153980.0565,154548.5614,154863.2314,155025.4752,155179.6017,155337.4909,155620.0951,156449.9919,157477.3018,159068.3475,160198.7021,161494.1607,162808.083,164832.1848,167651.0751,170796.8823,173757.2248,176131.5552,178215.096,180410.6151,182278.6978,183674.7812,184508.6044,185549.8801,186428.7281,187446.2049,188209.012,188934.1829,189473.5929,189879.0535,190559.5808,191162.5305,191677.5056,192264.8008,193165.891,194439.6546,195287.503,196228.8792,197176.9685,198131.1138,198879.5516,199795.1836,201730.3572,204159.969,206456.1043,208136.6973,209783.4392,211493.8951,212848.5555,213999.7383,215371.7432,217094.1177,219025.7955,221374.939,224272.3087,227065.6922,229303.698,230924.4668,232678.7878,234769.9931,237468.8362,239872.2428,241431.9866,242226.9836,242831.9296,244015.4054,245535.0318,246698.8656,247438.5772,248206.4541,249762.1983,251807.2167,254096.5436,256085.286,257797.8836,258892.1617,259961.9622,260628.8787,261250.6479,261329.0863,262000.225,263449.0928,265721.7026,267725.6915,268842.6281,269616.2942,270402.7139,271808.1899,273412.5638,275193.019,276281.3193,277493.7289,278978.2098,281165.411,283375.4147,285639.068,287927.4654,289702.2312,290390.5718,290672.4301,291535.3817,293791.0324,297393.4093,301496.0942,306379.7181,311565.9428,317325.4577,323137.8318,328506.6869,333656.1088,339126.5016,345325.2574,350913.9955,354861.2476,357786.1301,361391.4495,366753.7634,373005.6316,381788.7797,392444.3181,404556.3855,415509.8645,423818.966,429798.9098,432912.4327,433600.7105,431891.0431,429551.2901,426751.7519,423429.2765,419896.9905,417432.412,416435.4494,416655.8485
78763.46119,78822.97994,78948.54275,79319.27447,79794.16821,80321.7206,80753.65921,81189.32814,81596.63157,82027.42646,82482.57177,82954.51932,83487.34971,84040.72708,84598.44729,85089.97139,85559.1602,85959.08982,86227.00342,86460.47815,86859.37798,87408.10741,87822.56725,88089.07697,88343.13871,88533.23045,88799.88226,89040.76123,89474.43363,89872.8111,90353.94924,90892.95378,91505.22755,92106.57092,92747.74218,93331.33983,93928.39205,94456.24071,95106.37617,95698.9767,96370.65963,96977.83755,97595.17463,98118.72106,98704.14726,99413.72997,100153.5688,100736.0262,101225.2291,101829.0488,102773.4586,103750.5244,104868.2197,105973.5886,107368.424,108854.2818,110408.7999,112067.3537,113748.2594,115527.0113,117238.9275,119025.9521,121020.4063,123378.3651,126170.1083,129001.6136,131964.3244,135119.6851,138727.9491,142647.3407,146428.8931,150083.9226,153107.2352,155491.7202,157388.0996,159129.8188,160178.3452,161283.1486,161994.8885,163026.9433,163387.2331,163227.7807,162570.9772,161848.8159,161668.9943,162095.8132,161952.6937,161010.8641,159341.9023,157769.8543,156093.903,154295.405,152230.8891,150486.5433,148607.9811,146676.0304,144107.4085,141624.9279,139382.358,137377.7288,135393.1628,133268.8295,131352.3081,129585.0106,127462.4192,125331.9436,122988.1688,121335.2685,119767.3805,118627.8028,116999.6599,115319.5708,113159.7156,111151.9108,109517.2522,108546.3028,107799.1036,106661.9464,105544.3153,104593.9742,103801.1592,102766.356,101962.656,101391.4085,100879.9681,99897.23662,98571.68702,97072.7484,95598.98201,94288.78086,92875.13831,91674.51708,90479.49452,89745.18389,88979.51399,88331.83721,87350.56569,86280.38291,84969.71833,83731.72163,82824.00172,82195.55114,81755.52394,81050.75473,80218.02226,79421.71172,78813.40388,78654.5187,78772.19832,79071.57636,79230.75539,79106.25921,78911.73623,78588.45109,78556.93877,78573.91065,78929.72078,79173.61727,79714.67732,80410.07905,81370.36396,82150.20522,82605.17958,82930.6003,83227.60425,83697.23998,84207.12449,84733.27876,85358.55599,86014.17897,86816.96367,87554.7222,88369.89955,88970.46903,89442.11703,89532.61346,89491.27911,89240.58981,89342.95783,89615.81329,89975.45042,90200.6907,90627.90565,91380.20462,92374.88259,93390.97397,94423.77708,95153.29658,95892.88526,96711.74067,97800.80611,98831.6464,99996.67278,101250.1827,102524.7373,103661.9226,104688.1495,105690.057,106485.9647,107229.5492,108168.4792,109375.3422,110692.3511,111876.8323,112961.8241,113833.9449,114761.153,115844.1924,117288.1852,119024.3176,120816.557,122689.0186,124496.5711,126189.6242,127514.9136,128670.0928,129929.695,131513.4843,133118.0461,134251.3271,135208.398,136253.7102,137764.4095,139362.0512,140759.6862,141847.3898,142594.9646,143252.7021,143738.3222,144184.8889,144506.6208,144779.7956,145077.2128,145463.3196,145956.7657,146490.9915,146956.5423,147596.0238,148348.327,149248.2564,150190.5909,151297.7735,152413.4396,153367.2437,153826.562,154151.03,154651.7217,155832.9467,157730.2881,160176.2349,162927.9089,165639.1948,168418.9013,171112.5566,173843.8135,176596.122,179692.8482,183443.8934,187053.6741,190577.3554,193521.4513,196711.5778,199741.8769,202814.2651,206641.819,211256.5951,216605.8839,221920.3911,226979.5855,231989.6725,235920.8666,238377.6964,239317.1562,239561.3121,239608.4719,238934.4328,238502.3107,238034.5224,237930.8478,237252.4899
384717.8946,386846.6112,388500.7615,392453.2319,395874.4365,399670.0956,404033.6393,409238.778,414743.163,420232.0665,425811.6628,431278.8169,436509.0145,441217.3326,445453.9529,448833.4297,452486.0617,456929.4529,462149.0162,467602.5125,472647.0623,477447.942,482347.9721,488229.6514,494684.3525,500940.0738,507149.3689,512987.7383,518776.5308,525930.0154,534927.4901,545266.6329,553941.3532,561100.5076,566745.8577,573180.7837,580640.3697,588797.4753,597054.602,604985.3261,612970.0745,619264.9916,623259.8245,626197.2942,630981.4063,637250.4223,644479.8689,649956.1336,657252.6871,664150.9207,672677.3723,679717.4669,687159.1495,694713.1763,703061.0517,713786.3955,725021.0094,737058.5127,748436.0971,760243.124,771398.315,782201.62,792504.0852,802895.8692,817923.3283,837198.3437,857957.5087,877113.9171,896458.7398,914078.2395,927753.4145,938851.2382,951953.8901,964783.9561,978997.4664,993585.5953,1008792.72,1019797.807,1027721.56,1032358.148,1034742.963,1034301.502,1035364.148,1036670.102,1037336.899,1038115.567,1035568.113,1033041.535,1027351.28,1021500.996,1014667.99,1006712.421,996479.3388,987676.912,977585.1753,970025.1486,953098.1883,931442.3512,905807.5078,882777.1955,862618.6544,843242.5998,825331.8414,805974.1509,786181.2368,765826.0491,747797.6819,729681.9573,710815.7477,693555.2346,677880.9297,665653.998,655010.6431,650216.6676,646093.3116,642869.9755,637058.7456,634507.1508,630366.8385,626343.3109,622890.4143,623249.2221,627246.8127,630673.577,633022.7654,631231.0137,627729.5841,622093.4241,617295.5213,611957.5966,609383.9311,609054.9194,609687.304,608798.3964,607065.3232,606930.1951,609681.757,611819.6848,612651.9622,611476.9675,612166.8292,615312.7698,618485.1403,619787.242,621568.7965,623815.702,627266.0937,629685.4175,632490.1017,636684.4871,642846.7386,650147.0471,656517.5953,660639.0799,665633.8555,671323.3598,678686.4745,685763.9009,692942.839,701341.7838,709643.798,717265.5793,723771.9375,731159.214,739359.6109,745822.9904,750780.9492,755533.6896,760128.1669,764425.107,768779.4368,775330.1483,783008.5157,788646.7663,794116.441,797461.0974,803113.0952,806621.3708,812484.5051,818365.3381,826050.1077,832395.2763,839688.1178,846662.5808,854299.9926,860219.4265,866519.459,872212.642,879299.0831,885561.3793,892933.2968,897751.429,902229.6652,906326.4493,909276.3756,910847.8184,909693.4801,909366.5104,911129.3296,912970.7257,913859.7204,913990.7053,914641.6404,913510.5519,910680.939,908136.3371,908378.3561,910951.74,912335.2191,913543.871,913379.639,913519.9593,914243.8254,914761.6901,916431.6159,918962.8756,921536.6902,921020.5566,918715.5208,917536.6244,919106.3797,919924.0283,921490.901,924116.4206,927810.3893,930731.4477,933520.7626,936527.5978,937928.0217,939369.6411,940606.0652,941749.8504,940642.4281,939946.4645,939748.9464,939419.0634,937568.1434,936085.9313,936416.5996,938949.2074,942867.5168,949959.6013,958824.0536,966849.3864,969643.3276,968150.8491,966146.3502,969799.1777,978749.4619,992056.4566,1007209.668,1024895.21,1043100.666,1063167.775,1083765.123,1109308.719,1137604.882,1171375.341,1202523.519,1228618.573,1251425.107,1274147.474,1301292.204,1329086.646,1371558.038,1425442.144,1497535.63,1574168.296,1649071.438,1716496.492,1760361.326,1782658.314,1781511.011,1781203.736,1784511.515,1790328.86,1791741.804,1790066.665,1790837.303,1793214.959
83490.30592,81272.32583,81609.35235,81461.69434,82864.65134,83324.38701,83325.3222,83451.99789,83479.61639,83906.632,84292.29423,84961.15759,85419.9932,85869.37175,85943.51624,85817.68783,85459.38153,85110.39576,85093.10099,85034.02784,85138.99552,85586.43093,86148.78077,86395.70486,86515.59941,86741.26435,86840.82023,87008.92236,87311.21283,87577.91248,87537.31445,87416.19024,88105.74023,89259.11279,90324.37335,91444.75751,92154.95275,92947.88679,93377.27229,93829.21645,94365.87103,94934.40354,95487.27604,96002.51247,96058.41078,95937.64961,95835.76105,96199.40502,96741.05231,97509.30496,98423.34252,99195.57236,99803.21132,100561.7995,101347.0137,102953.5955,104754.4413,106727.7484,108025.2494,109401.2968,110734.5341,112010.2072,112855.1645,114011.4767,116063.8478,118663.7303,122224.1003,124208.804,125630.0494,126042.5852,127563.065,129518.6218,132313.5807,135043.4618,138535.2291,142460.1713,146341.6101,149293.7107,150425.7501,152059.7219,153338.0488,154015.1042,153296.5695,152521.0091,152776.3959,153911.1823,154811.1864,156352.0729,157590.6045,159165.9234,159792.2696,159580.5567,158062.3936,156222.7527,153664.5849,152296.4585,150664.8823,150229.8582,149556.4394,148283.1652,145740.4369,143050.2972,141347.8236,139799.5631,137387.8807,135761.7373,134855.6748,133917.7885,131409.72,128588.9811,126651.5389,125286.9432,124504.9577,123176.2417,120956.9725,116822.0527,110487.6728,104946.4049,101975.8397,102012.2286,102063.7935,101432.5922,100116.5462,98880.38703,96686.55643,94195.33541,91671.98635,89809.41058,89227.81777,87816.61212,85359.96393,82916.97577,80669.08178,79617.61802,77667.23048,75194.51173,72353.75607,69503.84914,67952.08537,66242.84809,65223.48693,64530.28327,64953.18481,64707.54261,64004.90899,63076.34575,62724.77045,62818.95906,63011.78703,63469.69749,63971.66258,64342.40384,64267.82879,63850.34346,63505.08924,63196.79383,63327.55612,63369.98249,63502.88303,63442.12111,63557.00868,63889.66804,64446.98474,65680.78286,67145.03333,68761.682,69977.52332,70823.93057,71607.20016,72402.49451,73318.50891,74499.88939,75626.39339,76775.09295,77703.185,78659.95943,79608.32506,80228.98171,80890.87,81635.06098,82413.00162,82588.50523,82690.11333,83157.38703,84153.48781,85381.73866,86755.97969,88256.20443,89841.6526,90777.02468,91207.92116,91104.77039,91260.74495,91730.50576,92343.58874,93293.36964,94216.8162,95469.15256,96836.64204,98797.37438,100803.5635,103150.0712,105484.8478,108028.9271,109945.5251,111138.5211,112093.6994,113581.7744,115329.1176,117217.3797,118812.0281,120785.3219,122616.207,124016.9702,124309.6864,123904.5338,123230.0236,122703.5936,122523.7793,122784.3318,123393.6929,124288.3798,125273.0631,126455.3417,127605.287,128935.8545,130295.3969,131827.8349,133375.5914,134765.578,136261.5811,137687.6192,139348.5894,140822.49,142084.1072,143175.8881,143788.9537,144241.6802,145025.4989,146619.2133,148799.6025,151032.2659,152851.0998,154184.0962,155001.3028,155596.144,156234.1089,157218.0151,158698.9036,160617.5787,162436.0616,164208.3176,166476.0135,169574.747,173278.7124,176635.3151,179458.3209,182393.6844,184771.7983,186609.5068,187593.9923,188858.6445,191088.811,194000.6338,198970.4233,205212.9411,212236.4916,218302.0685,223157.3429,226990.7862,229736.5402,231328.5539,231981.4123,232352.3692,232453.2699,232407.4176,232146.7765,232560.2342,233641.8779,234388.6144
167979.0745,168532.5747,169250.4518,170345.8821,171452.8658,172565.5458,174134.8165,175772.544,177319.5258,178682.0806,179756.7976,180735.6171,181627.8497,182765.647,184203.7673,185634.5557,187359.3064,188973.1586,191172.0617,193287.1655,195394.2845,197071.7556,198573.7798,200457.1911,202447.7371,204932.303,206824.7743,208828.953,210452.2648,212232.1706,213737.579,215232.9405,216998.2837,219257.8129,221703.1351,224405.3817,227583.1037,230906.3279,233945.8074,236442.4868,238621.7262,240358.1162,242014.1693,244241.232,247100.3377,249965.6857,252361.2173,254807.7389,257293.326,259913.896,262701.2309,265777.9043,269641.9186,274161.3284,278947.4707,284516.8598,290185.503,296495.2499,302690.3704,308585.5218,314366.1472,320314.6119,328172.9416,336900.6088,346564.5558,356610.3768,366789.9182,376286.8728,384257.0831,392063.7956,397630.2508,403653.462,410437.2986,417564.8314,422186.3006,423796.1399,425615.3704,427991.4767,429019.7218,427259.9705,424225.6387,419917.3125,416384.7681,409680.9905,402071.8804,393993.7408,387680.4272,382053.6209,374565.1254,366505.1834,358848.9931,352349.1248,346692.3482,341338.8176,336521.9354,332053.9207,326659.0608,321580.113,315703.3056,310706.6823,304656.1845,298946.0637,293754.9212,288732.1697,283016.6344,276462.3553,271320.1735,267507.3489,264211.8002,260339.3848,256620.2409,252736.6082,250029.458,247368.9957,245281.2288,242790.2991,240461.2433,238629.5231,237130.1434,236200.7754,235093.9193,234652.9405,234659.5193,236159.003,237209.4026,237584.65,237298.785,236704.8093,236089.323,234920.8335,231995.5749,229148.6492,226700.4144,226204.4074,225301.9702,224063.5881,222362.3832,221089.5964,219249.4509,217467.9781,215769.8153,214224.5001,213324.9292,212287.6285,211771.5378,211429.3659,212109.0391,214145.3818,216432.5359,218585.2807,220477.8682,222238.2993,223425.5781,224212.1432,225637.8775,227543.4099,229986.8843,232029.2085,234822.772,238017.2429,241795.6284,245745.4165,249487.2192,252919.8588,255565.8219,257578.2161,259717.3601,261996.7693,264855.6119,267215.44,269874.486,271988.6989,274133.8636,275597.7771,276671.5522,277421.0783,278186.7455,279313.23,281263.8517,283592.3204,286132.4388,288151.9902,289931.2749,291638.0276,293593.2727,295626.5432,297707.5425,300193.1436,303125.891,306487.6144,310005.3637,312848.4059,315027.0604,315983.0795,316681.3827,317468.3656,318737.0972,320058.1406,320980.1342,321991.554,323250.4771,324583.883,326093.7926,327479.2217,328745.3092,329463.338,330262.8632,331401.8992,332348.5434,333203.0616,333938.3034,334765.7195,335325.3859,335761.5323,336851.6962,337779.7307,338576.1247,338371.2956,338084.7765,337386.2521,336775.6598,336505.2305,337209.8234,338252.0994,339512.6775,340435.5928,341643.999,342765.3483,343376.2664,343196.1383,342327.9929,341078.6544,339857.2988,339176.3886,339355.9621,340053.3589,340813.9768,341929.6774,343194.6403,344893.3556,346922.1654,349335.8233,351631.827,353016.8554,353347.8608,353234.3495,353957.8698,355926.7265,359272.0379,363130.7696,368069.6453,373082.0174,378978.3511,385325.103,392560.8901,400268.8258,409518.5377,420812.685,432484.2525,443189.1984,452733.2351,463175.1254,473844.6183,484304.2644,496528.7826,510949.5268,529661.4241,549318.1751,568356.9625,582517.2074,590026.6337,591421.8854,589242.6069,587606.605,587278.3174,586612.8784,584263.5329,581706.6495,581244.5993,581627.5097
115516.6538,115706.7008,115726.785,116248.0445,116800.2713,118019.3186,119087.0534,120124.1317,120726.5909,121316.7238,121896.5826,122477.0569,123269.4236,124201.2189,125358.7215,126396.6606,127674.375,128536.6721,128956.3668,129216.5837,129603.7288,130156.9321,130793.0254,131619.3826,132626.2539,133016.1791,133068.0975,133063.5592,133491.6072,134290.7607,135017.4942,135689.6281,136499.4339,137488.7777,138590.1464,139505.3791,140374.8928,141136.5235,141939.5675,142778.2288,143866.5612,144813.6015,145831.916,146784.036,147927.0709,148926.4961,149850.6186,150777.9802,151607.7583,152477.3347,153687.0886,155336.8652,157189.3687,158895.837,160579.1136,162330.5133,164031.378,166072.8669,168122.5566,170329.0981,172408.3764,174763.8144,177320.258,180225.9535,183449.8555,187418.5122,191935.785,197151.064,202890.7377,208984.6388,215018.63,220857.7283,225787.9042,229849.312,233091.5924,236501.4194,238754.6306,241321.5474,243075.6024,245407.2542,246509.2237,247150.4576,246989.4726,247099.3324,247623.4227,248452.9444,248142.2992,246456.915,244698.183,243036.8155,241270.1307,238772.1547,235766.0409,233050.193,230209.1431,227220.8489,223847.9142,221076.6223,219429.4695,217947.118,216557.705,214249.2279,211848.9931,208815.8333,205656.0864,203271.2984,200460.791,198241.9631,195610.1337,193730.4149,191207.0376,188307.5119,184936.3095,181873.2246,179464.9079,178067.0096,176954.061,175649.8337,175047.1428,174852.8293,175397.6491,175406.9538,175759.9981,175884.8913,175349.8181,173941.6843,171852.5447,169751.573,167896.6114,166175.4782,164174.1577,162140.1182,160350.765,159179.8072,158011.7528,157139.5075,156150.4957,154913.8695,153740.9182,152804.3413,152540.7515,152199.7148,151972.5774,150943.9623,149811.7335,148552.2598,148143.4196,148167.0785,148499.9692,148828.5733,148834.7613,148447.5727,147772.0885,146851.4479,145895.4179,145195.7254,145161.2434,145457.88,146206.2926,147014.9153,148200.8767,149195.4072,149756.6166,150026.3274,150094.6827,150368.6279,150676.6542,151161.5694,151838.3999,152633.2844,153672.2004,154625.1903,155571.4502,156316.1337,156990.9648,157214.3872,157225.3257,157194.9727,157958.7562,158881.3885,159648.2281,159835.6709,160024.7669,160476.605,161316.5695,162466.6095,164060.0867,165430.0571,166658.9445,167718.4184,169321.6296,170916.9271,172783.7297,174302.0782,175471.2396,176234.0899,177084.9048,178224.4901,179240.9619,179935.9759,180692.6474,181576.8533,182655.1879,183799.4283,185028.2282,186200.8171,187219.5275,188186.0211,189110.9183,190214.7392,191218.2291,192318.6898,193531.6965,194838.6292,195923.1038,196620.7723,197332.8818,198535.9803,200161.2397,201740.141,202833.5528,203658.917,204929.1872,206347.0621,207889.727,209036.9153,210040.0172,210996.258,211727.0025,212253.4432,212546.9299,212856.6612,213275.1929,213849.9804,214366.7598,215190.0813,216225.4824,217628.3347,219217.6935,220855.7321,222163.6092,223512.2846,224643.7543,225651.3046,226115.9122,226591.4029,227756.2304,230003.2455,233275.4844,237246.909,241747.4142,246456.4077,250920.0377,254911.1372,258498.919,262628.6468,267904.1053,274802.9555,281644.0191,287274.6014,291326.2015,295366.6088,299761.9395,304130.8898,309398.3046,315926.2613,323922.0697,332271.0881,340283.3173,347576.1676,352429.6423,354817.3527,354756.1283,354329.0155,353559.0806,352393.4599,351030.2689,350400.0887,350743.5613,351369.5499
90551.84079,90696.96358,90768.65361,90974.12706,91225.3042,91725.05254,92214.25138,92641.39287,92958.25746,93333.10236,93899.8011,94568.06617,95444.83814,96417.74925,97387.54301,98174.38699,98788.90685,99432.71334,100095.472,100677.4115,101136.174,101491.2435,101900.0083,102291.8532,102868.6304,103185.4749,103438.3128,103580.0829,104132.7495,105090.8178,106093.3964,107050.3321,107880.0156,108729.8471,109470.9535,110005.0795,110584.0835,111271.5745,112248.56,113334.4102,114487.6586,115573.2182,116573.6528,117450.5742,118034.0338,118530.8381,119051.0118,119799.4209,120545.0047,121483.7327,122845.4274,124272.8893,125736.4814,127044.7509,128851.7382,130792.2654,132787.4504,134585.3722,136245.4863,137974.825,139896.5742,142315.5349,144986.7835,147959.7188,151019.4065,154270.1675,157610.4352,161220.4714,165132.5813,169262.0121,173401.0811,177737.2169,181530.9081,184427.7273,186312.4681,188089.8325,189253.9541,190787.8034,191671.5843,192688.7129,192986.8907,193258.4424,193159.0515,193010.7612,192927.7716,193559.2147,193469.7596,192411.8658,190792.3043,189144.0672,187610.7211,185897.1535,183583.6075,181506.296,178951.1088,176193.2115,173242.448,170498.6677,168931.0093,167463.7006,166595.0087,164994.1131,163126.7877,160595.6792,158135.624,156141.5644,153967.4124,152215.1189,149826.5185,147903.8085,145420.8077,143223.9251,140476.934,137540.5502,135364.6396,134326.564,133795.9979,133272.1247,133017.8257,133149.6149,132876.8349,132135.6976,131839.8612,131786.7133,131398.7903,130334.5932,128877.5912,127160.0232,125289.1676,123342.3039,121556.2132,120270.6794,119192.7869,118270.8365,117100.3458,116020.1825,114986.8067,113940.157,112911.6141,112179.6251,111551.3723,111166.8103,110601.8618,109938.0364,109108.3444,108124.235,107121.6269,106298.921,105741.0334,105704.1279,105543.1363,105390.6468,105060.0537,104589.855,104120.3975,103713.9911,103961.2617,104335.9297,105043.7571,105661.6662,106599.4358,107642.9836,108499.3151,109115.7203,109253.4771,109225.3367,109045.3861,108970.4484,109464.4808,110252.9845,111284.7759,112132.5781,112953.3026,113775.5961,114718.0162,115287.1155,115463.0878,115065.5113,115052.3193,115241.8891,115863.133,116538.0485,117403.7552,118369.5609,119642.0222,121051.2544,122530.2212,123759.8875,124937.3703,126069.0449,127181.8853,127922.0039,128758.7173,129642.686,130775.8542,131884.9996,133036.995,134041.5303,134851.724,135497.7291,136467.2672,137542.2415,138648.4771,139442.4055,140198.5123,140918.549,141606.7886,142407.0219,143365.3067,144685.1555,145971.9676,147151.2151,148505.7617,149760.6816,150979.1617,151795.6987,153068.8308,154777.9588,157022.7153,158906.6314,160336.1254,161286.2898,162358.749,163438.4654,164641.3279,165639.3566,166579.014,167316.5405,167763.9574,168124.6952,168282.7006,168420.0524,168342.7159,168491.0299,168781.0243,169487.0021,170380.5684,171673.775,173245.822,174802.1002,175919.6636,177060.241,178151.0159,179364.9951,180099.3429,180773.6554,181870.405,183776.3437,186583.1875,190075.5487,194135.3915,198339.1588,202163.4304,205796.2616,209524.4849,214160.9259,219421.8808,225559.9688,230949.5767,235350.9207,238429.7141,241467.3335,244844.9706,248047.6255,252532.7814,258244.7551,265576.4485,273121.9862,280114.0002,286382.9836,290302.8679,292191.4139,292325.2548,292559.5033,292789.9472,292258.3309,290903.8432,289236.0535,288271.1982,287605.0636
108757.9416,108330.0918,108002.972,107555.0866,106829.8523,105887.0382,104164.1446,103462.4073,103135.5099,104241.8552,105272.5891,107438.0893,109916.3875,112483.4246,114580.3103,115666.13,116334.9516,117297.9537,118767.3545,120863.5196,122466.4527,123821.9768,124857.0405,125123.6329,125322.9314,125169.5464,125609.9512,125686.3448,126463.0098,127696.7317,129683.5997,130936.4243,131671.6191,132247.3712,132743.8125,133172.416,133597.0649,134819.199,136294.7213,138307.6544,139732.6189,140835.5325,141229.2067,141995.5414,142896.708,144394.8494,145654.5671,146847.0991,147582.8847,148391.8438,150091.5021,151506.0461,153036.6552,154427.434,156679.2562,159649.2301,162634.2604,164610.3467,166474.1032,168662.6446,170844.3493,173394.3044,175833.2431,179740.163,183523.4843,187995.598,193050.4467,197451.9908,202442.4099,206459.5273,211256.8029,216070.4937,220546.8369,224006.1513,226110.4721,228848.2186,232913.0385,237601.3235,240609.1148,243046.5138,243868.9484,244385.7445,243525.7204,241069.5932,238589.3216,237162.2556,237982.7381,240119.0826,241191.6949,238268.7863,232843.6501,226802.412,222241.2777,218002.902,214620.994,211756.6572,208545.5572,203253.4169,197634.3418,192772.2273,188492.0915,185074.9771,182212.5139,179844.8318,177382.8201,173661.0823,169017.1965,163720.5504,158987.4456,154849.5193,151090.2281,147511.4666,143939.495,140614.9657,137992.9206,135888.1495,134684.162,133884.8911,133905.5195,133794.472,133909.9542,133747.8018,133476.8945,132765.1944,132419.3962,131971.7528,131419.9869,130524.4971,129313.8892,128008.2038,126689.05,125774.5272,124408.9495,122505.1504,120268.8121,118051.7614,116059.6405,114441.7927,113492.5129,112663.7354,112117.2914,111810.8115,111902.8548,111679.5342,111359.0545,111519.991,112269.8602,113398.1738,114228.9597,114851.5789,115475.5228,115952.3127,116547.3743,117214.3962,118471.3299,120122.5292,122109.0605,124222.9492,126595.9952,128966.3359,131396.2132,133686.2074,136353.7428,139309.8739,142222.0029,145431.3518,148326.3244,150937.1016,152192.1011,152733.3359,152575.6187,152276.248,152345.7437,152666.2754,153621.1366,154410.8966,155358.5024,155982.4768,156692.9692,157817.5807,159668.1124,161461.2884,163073.0775,163995.0484,165029.6596,165845.76,166809.4128,167707.8788,168834.4432,170324.8417,171727.6819,172846.8944,173936.032,175471.6797,177062.5273,178298.5752,179247.5798,180159.1922,180987.4742,181975.5298,183402.3125,184974.8094,186297.6758,187405.3156,188866.2809,190680.9103,192721.3235,194474.5517,195848.6025,197055.9132,198127.2854,199219.8196,200247.0006,201207.9711,202153.206,203127.9946,204421.9217,206104.5945,207916.8318,209303.2753,210221.8827,210826.6441,211643.1437,212627.7149,213757.3577,214828.1866,215832.3244,216866.1108,218170.2348,219455.6426,220242.8649,220672.4474,220942.4609,221592.4415,222184.9075,222940.4261,223458.696,223958.9051,224337.6534,225089.7816,226474.8532,227952.6794,229128.7637,229707.1122,230152.7483,230736.4245,231617.1331,232974.5552,234758.8449,236948.4231,239602.9789,242899.7921,246478.8197,250474.9344,254636.3134,259278.9345,264216.8846,269778.9553,275657.6378,281820.9124,287957.9939,294322.7692,300917.3737,307755.4774,315324.2779,323540.9575,332377.2573,340895.8602,349065.9025,356736.261,362533.2955,365157.0588,364229.552,361573.0173,358270.2584,354588.8472,350718.8935,347287.9412,344850.9454,343160.4809
55437.08543,55651.81722,55830.56022,56230.12155,56596.12926,57059.53742,57543.85959,57994.85095,58385.347,58714.28719,59053.49297,59413.69167,59816.16141,60244.35332,60644.55219,61083.05791,61673.59722,62354.90009,63130.17574,63919.17475,64748.03458,65527.38489,66274.00691,67107.68262,68031.6105,69041.58993,70027.22999,71031.80692,72136.75151,73361.60858,74697.18771,76077.56167,77375.58931,78518.0706,79484.5656,80655.75493,82001.40989,83437.46205,84816.05006,86214.58171,87524.33016,88695.33649,89723.49343,90806.43273,91998.22672,93165.30933,94312.19771,95202.47438,96244.42923,97301.33447,98648.26426,99988.08514,101598.2539,103329.2747,105237.7364,107268.5605,109356.0649,111533.4597,113707.3649,116061.3417,118412.7909,120801.3712,123111.7176,125547.4679,128577.6845,132172.287,135989.7623,139705.9773,143574.3879,147200.6978,150249.203,152759.6883,155331.1733,157829.9005,160886.8541,164128.8842,167521.7151,170054.3522,172091.6972,173350.3103,174021.7477,174095.8343,174273.156,174428.7967,174077.2202,173600.0033,172388.0933,171369.1394,170020.1259,168852.5771,167484.7889,165991.0209,163997.8782,162144.5742,159840.4659,158025.4734,154802.5938,151239.5316,146798.8405,142705.4975,138914.5362,135394.4336,131880.0412,127355.9466,122116.1203,116845.2049,112058.7755,107781.7776,103575.9866,99876.15647,96438.14703,93625.60055,91039.07901,88938.80347,86462.82371,83924.24159,81466.97478,79490.55105,77950.17298,76467.17731,75341.30404,74051.46567,72848.64934,71639.64636,70457.82976,69061.9481,67676.29088,66442.15123,65574.39511,64575.17406,63913.42083,63318.92506,62857.98302,62245.28901,61507.64307,60982.22192,60439.30049,60004.60831,59416.14185,59216.11206,59236.01412,59702.51095,59991.34839,60337.93073,60685.68435,61064.15906,61358.20078,61473.2095,61587.24988,62036.3624,62884.19791,63919.16727,65086.76426,66386.3527,67857.97504,69125.94919,70240.09428,71398.88202,72758.16794,74324.61999,75739.10493,77157.02445,78746.07612,80629.7324,82696.65054,84436.16716,85770.30172,86788.89453,87334.23296,87884.2988,88429.91444,89506.14834,90559.69341,91238.4947,91644.02706,92230.89293,93060.97642,94046.24816,94992.7954,95848.29517,96359.23797,96549.83434,96652.85698,96844.61072,97217.14562,97529.29155,98088.83952,98855.6987,100012.3655,101726.86,103818.2743,105908.558,107385.654,108390.9059,109077.093,109690.1757,110096.7942,110807.4775,111615.2431,112739.4877,113885.6305,115126.4184,116503.8955,117342.7244,117831.4175,118248.3542,119200.8395,120485.4037,122385.4549,124250.3549,125921.3577,127063.6196,127641.2633,127982.706,127677.4159,127970.5408,130763.6681,135852.4375,142372.6116,147229.2666,150654.1104,152632.3658,154523.633,155921.2129,156904.5316,157506.9064,158233.8035,159102.471,158582.302,157210.8061,154858.3353,152988.0774,151419.554,150430.4017,150005.6047,149606.5933,149440.0277,149635.6615,150850.8954,152756.1,154703.5899,156202.7971,157122.1041,157613.621,157258.7187,156658.3093,156089.4879,156093.2944,156833.5401,157934.8595,159327.4612,160401.9604,161260.7431,162266.2563,163951.4327,167474.8214,172262.4027,178166.9999,184849.5993,192152.2523,199922.7651,206223.0443,211679.8471,216606.2327,221912.8168,226914.8962,231366.3598,235314.3849,238579.7289,242105.7342,245103.9971,248080.4713,250729.0626,253869.9523,257629.0441,259497.757,260039.5407,259442.7579,259852.2486,260453.0998
65355.91727,65523.21441,65743.72325,66104.7066,66483.96171,66915.40021,67657.19367,68684.28523,69867.6037,70896.87128,71808.17333,72543.65126,73131.7163,73665.76214,74192.12467,74806.35188,75217.10625,75631.71639,76005.9496,76614.56711,77149.08131,77684.50071,78144.26084,78468.54645,78794.28132,79089.01384,79715.20722,80474.30594,81206.36923,81904.02653,82587.96509,83178.89315,83639.09345,83902.57715,84263.64333,84694.40626,85204.03057,85714.92447,86143.93567,86695.49023,87156.84584,87703.51556,88157.8054,88904.04268,89815.85101,90883.70467,91767.8635,92542.58334,93213.5939,94262.83439,95449.22624,96854.8378,98015.92146,99405.64923,100946.9746,102857.8295,104389.0764,105617.6057,106871.375,108545.5709,110929.257,113122.8344,115037.7499,116529.3312,117690.4525,119168.0076,120891.3499,123502.8766,126298.8454,128841.0587,130916.61,132721.2577,134467.9004,135934.3327,137275.3383,138455.8503,139374.0682,140076.3745,140685.6978,141227.0906,141544.0647,141607.6756,141513.5698,141445.0761,141302.5557,141294.1656,141093.0331,140847.215,140252.6186,139182.9734,138521.0819,137425.511,136283.3018,134383.8386,132593.4116,130948.2285,129249.3985,127671.1802,125882.9988,124139.3598,122347.6573,120830.3292,119019.7876,116789.4564,114379.4023,112848.639,111928.9603,111300.4378,109595.6106,107870.4405,106038.7642,104734.139,103620.9849,102480.4099,101316.9966,100097.25,99006.31642,98017.74671,97220.87719,96576.68633,96078.31658,95615.29307,95168.10539,94706.22545,94296.26798,93964.64134,93818.5091,93562.12164,93154.25168,92465.85415,91863.59107,91128.73642,90598.51814,90061.75998,89600.41239,89038.28889,88625.9143,88416.50159,88278.91767,88053.65833,87856.46905,87686.28106,87751.44015,87947.29874,88330.8816,88800.56879,89332.47783,89766.81503,89904.22363,89789.20261,89388.87573,88799.70688,88099.00193,87524.16471,87255.26491,87225.2518,87681.66615,88341.66665,89460.12238,90234.18863,90644.59802,90747.33853,90696.52534,90827.58452,90813.6166,90989.37856,91037.6997,91090.51591,91490.55985,92206.36033,92802.33444,93104.72605,93229.38024,93394.52893,93426.98627,93423.34952,92996.76161,92422.83051,91773.4891,91525.19775,91484.46178,91703.48763,92042.28194,92516.46817,92944.24881,93550.47535,94271.33978,94994.68794,95913.43176,96969.55308,97961.9796,98655.18024,99512.31564,100339.471,101210.2313,101984.3077,102855.3326,103754.0628,104276.4956,104777.1965,105293.2233,105798.196,105931.9108,106010.0035,106185.614,106305.7889,106513.3523,107044.6762,108197.5653,109301.9358,110322.6204,111570.1246,113059.7749,114764.7452,116144.585,117352.1498,117754.9075,117771.4713,118069.571,118783.1821,120003.3319,121224.4187,122839.8329,124253.2764,125589.3294,126772.2947,128159.8396,129305.6063,129481.7776,128902.7428,127964.2597,127778.8813,128259.9348,129070.4854,130151.7405,131252.7202,132551.9732,133733.8757,134932.3082,136124.2427,137593.6715,139276.9223,141177.7914,142336.0245,142941.5291,143039.0196,143839.3126,145534.7289,147807.7744,150376.228,152991.5071,155128.6795,156920.0776,158781.9623,161515.079,164602.8527,167903.0839,171635.852,174474.0364,175932.5839,176098.1065,176964.4408,179016.755,181548.8072,186119.2386,192052.7142,199173.9943,204802.0559,209457.8626,213895.7036,217520.4597,219065.6624,218126.6207,216535.3878,215249.6147,214091.3292,213161.1338,212372.3474,212517.5195,212704.0347
55196.6611,55491.59116,55635.79431,55935.28752,55545.12369,55226.56804,55184.06947,56089.22756,57204.29848,58204.03395,58853.78998,59224.48246,59486.54357,59728.16065,60125.03482,60749.8866,61644.60932,62519.89865,63063.96675,63365.63533,63667.5045,64057.65123,64204.9072,64335.08833,64368.49183,64469.34443,64450.23388,64305.99731,64607.31938,64975.89357,65878.36312,66661.4577,67652.05647,68519.40565,69487.95863,70562.24073,71758.13721,73043.28387,74514.54485,76275.11752,78195.85297,79544.92934,80446.09828,81004.07115,81915.98841,82756.73615,83572.49565,84391.13756,85392.49318,86314.42897,87225.8111,87987.14709,89191.58072,90468.08265,91953.67736,93462.36253,95177.47432,96988.61195,98675.22666,100419.97,102147.0513,104003.2645,105715.7162,107258.4992,109005.0506,111326.2642,114068.6875,116911.4627,119698.4931,122339.9677,124526.0395,126392.4373,128590.7602,130729.1533,133458.7818,136346.7278,139596.3381,142156.2627,144170.8167,145587.3915,146672.6404,147673.8951,149033.8697,150915.2382,152660.9907,154330.6463,155313.3947,156235.2907,157118.3173,157825.2458,158568.9987,159086.3944,158970.5292,158724.4961,157614.5912,157036.9638,155234.4221,153052.6287,149924.6837,146756.9259,143713.6199,141171.4842,138270.1016,134707.6148,130900.7299,127014.1972,123537.202,118690.9432,114756.0633,111012.9353,108013.4049,104834.6115,101386.5035,98702.36588,95763.36391,93620.47057,91267.18418,89929.80217,88157.4413,86343.38966,83659.90295,81454.43202,79422.94691,77837.83501,75709.50714,73068.00851,70017.40356,67316.89004,65273.99508,62545.08039,59563.61079,57763.32207,56811.04077,56548.27257,56001.96659,56156.10116,56794.93293,56689.2427,56336.25514,55194.57455,54419.36772,53113.39174,51996.93186,51049.65256,50792.66487,51014.36735,51127.74601,51204.00631,51055.84161,51032.77344,51383.07943,51910.66254,52432.10149,53136.17696,54249.28915,55609.39694,56771.86286,57485.7381,58147.04966,58765.9446,59466.31452,60277.25679,61550.0096,62741.40847,64049.56027,65294.78939,66774.50233,67699.43946,68055.78724,68272.14706,68673.91792,69401.69969,70143.95423,71184.0119,72369.28993,73492.65481,74584.97547,75580.95891,77022.56444,78312.95073,79361.53583,79885.26838,80535.8806,81618.77767,83653.35161,86189.33326,88655.95541,90930.22041,93079.57806,95510.62749,97764.61572,99807.77196,101786.2317,103664.7001,105818.4943,108145.4375,110700.6922,113765.5924,116745.5274,119850.5703,122010.0955,124716.7706,127205.6327,129152.6497,130690.4696,132587.256,135586.2689,138725.0944,141844.7076,145222.0625,148734.6952,152247.2428,155031.7051,157502.664,159897.9133,162394.6636,165008.7898,167134.5216,169214.0889,170697.735,172571.4306,175107.5599,178384.1637,181796.9161,184717.4167,187835.153,191251.8027,194117.9889,195994.9551,197020.5848,198215.0699,199636.8836,201288.3655,203003.4131,204787.4878,206980.1968,209607.4433,212669.0344,216313.5757,220018.9775,223735.2933,226908.9792,229563.0358,230888.7613,230811.1685,230070.5822,229856.309,230297.29,231997.6275,234787.5146,238989.1421,244048.5658,250456.0581,257803.4398,264767.8694,269920.1902,274065.6916,277714.2525,280372.5413,281456.4235,281878.9016,282849.9111,285080.8214,288164.3607,295414.551,305632.5806,317779.4061,327439.0803,334898.7148,341323.0288,346896.0007,350277.4885,352177.247,353030.3348,354030.9843,354228.7453,355609.8268,357663.6939,360037.529,361163.0223
108126.424,108135.6949,108259.6325,108319.6134,108413.6309,108467.3237,109004.4274,109886.3722,110943.617,111688.8158,112136.5114,112449.3323,112745.3661,113193.6398,113641.1435,114266.9392,115000.5767,115987.542,116858.0858,117528.6416,118036.7759,118722.0894,119365.2675,120154.3753,120809.3023,121385.6232,121536.5337,121684.8051,121882.6523,122577.9573,123281.4438,124138.5581,124962.3359,125698.9661,126302.3701,126623.4724,127013.1467,127645.4675,128718.6285,130077.03,131445.7729,132825.3835,134423.3001,135990.1071,137346.3735,138449.4382,139684.1506,141431.9846,143273.821,145034.9233,146328.1495,147731.5757,149959.1785,152959.0322,156188.4705,158892.1004,160917.7979,162771.9853,163966.4826,165055.7,165702.4513,166749.3535,168618.4855,171638.7692,174835.4373,178239.5559,181529.7706,185795.2097,189093.2742,192433.2522,194910.7436,197470.2898,200243.1265,202876.7978,206160.5827,207410.7779,209109.7692,210302.9662,212790.8563,215535.8021,218055.2976,220171.1707,220545.7612,220988.2837,220650.4685,220798.2711,221026.1021,222287.8875,223265.501,223440.4514,222877.1049,221988.5189,220569.7728,217094.8133,214307.2166,212990.9144,212664.131,211821.5979,210001.3614,209081.5641,208013.4278,206187.4657,203783.9386,201223.1971,198967.3478,197494.7938,196253.08,194616.3246,192188.6905,189914.9613,188012.3795,186378.7113,184296.9688,182442.3993,180585.9489,178967.0988,178172.7502,177749.3581,177887.0873,177478.5091,177746.2261,178381.3746,178444.3446,177458.1971,174961.1044,172503.1803,169904.2177,167747.4001,165877.3078,164047.7909,162110.245,160079.3394,158350.8843,157215.2378,156162.8972,155477.5609,154258.9945,152861.2665,151167.9663,149984.152,149289.1111,148866.0595,148620.8802,147767.4724,147156.7708,146381.7965,145892.6541,144752.5242,143363.9824,141961.7395,140793.9558,139633.7875,139028.5514,138875.2382,139673.8481,140770.6502,142181.2281,143511.7838,145004.7988,146113.0661,147016.0966,147355.398,147534.4435,147593.1473,147987.014,148555.8887,149122.9672,149803.3908,150659.34,151964.0303,153097.9606,154199.9415,155303.9922,156117.9235,156422.7076,156028.3454,155870.1781,156089.5049,156824.8445,157654.251,158588.9771,159482.37,160355.1136,161066.0055,162148.5545,163298.3754,164627.4196,165469.8834,166422.6754,167277.6833,168040.2075,168570.0785,169212.5198,170041.2042,170992.8177,171970.494,173319.369,174574.7031,175624.5738,176449.9728,177430.2962,178574.7983,179520.742,180571.5936,181595.1826,182784.7064,183987.8863,185547.5909,187262.4712,189038.8883,190308.5176,191380.2519,192116.988,192825.7819,193723.693,194722.9996,195712.4118,196611.9419,197713.6541,198937.5501,200158.2657,200941.8051,201979.401,202782.7538,203803.3004,204365.0604,204940.9606,205517.8188,205963.8902,206317.8877,206540.7857,207107.4181,207987.7075,209231.423,210622.8363,211828.0556,212732.0505,213394.7014,214207.7213,215341.4701,216823.8253,218451.3353,220158.5503,221666.9951,222857.5468,223798.58,225124.1546,227103.4032,229979.0002,233061.8167,236356.303,239518.8569,242830.3633,246114.0497,249194.8654,252773.0795,257069.331,262138.1755,266709.2688,270109.8942,272163.2811,273669.5203,275614.1417,278163.8132,282697.0283,288740.0549,295857.4553,302718.0284,308846.7602,314401.0905,318404.8972,320376.0477,320523.1004,320168.7802,319855.4643,319142.6131,318358.9757,318341.9995,319561.3244,321024.6736
136180.3988,136580.0753,136876.7485,137772.4311,138761.1145,139795.1931,140780.8942,141963.2104,143535.0989,145186.3235,146471.6637,147562.9318,148162.3934,148741.142,149103.712,150057.8425,151449.7463,153470.2792,155367.1519,157140.4918,158795.6231,160471.2182,162095.544,163533.9434,164769.2522,166034.992,167327.8353,168832.8697,170597.3562,172340.9057,174336.4608,176453.726,178826.6627,181177.8626,183262.9215,185460.4463,187433.1153,189368.6892,190876.8366,192647.6299,194779.4703,197381.8745,200175.3848,203220.2633,206527.8183,209855.3065,212957.9146,215993.7266,218917.4641,222233.232,226322.187,230710.8072,236045.4321,242258.7919,249526.8845,257282.3621,264845.5456,272843.4307,279424.1805,285514.2501,291506.6777,298663.9968,305671.4635,313599.7601,321459.7661,328939.4605,335710.013,343016.1494,349354.7336,353813.7192,354991.6606,356640.5321,358133.371,361494.7,364037.4379,365860.9354,366395.1029,365671.0172,363264.326,358402.3614,352880.4211,347767.9581,344064.6931,340978.0283,338046.9914,333700.8311,328909.624,323265.8998,317479.4063,311211.4221,304834.422,298864.8343,293364.1736,288699.5101,283720.2564,278423.7697,272691.6471,268685.617,263924.8848,259567.4262,254228.4186,250642.045,246202.542,241991.145,237745.2861,234459.2609,231498.463,228187.0276,224670.2613,221133.0759,218926.5214,216484.2804,213978.5096,210258.6728,208025.7885,206142.6052,205136.3634,204244.0053,204664.1914,205235.2788,205292.504,204009.1119,202372.4198,201960.9568,202818.6923,203389.033,202307.0519,200069.1235,198248.2691,196801.7819,195656.5493,194325.7276,192911.6899,191149.7602,189574.3759,187627.1068,186203.7897,185467.1325,185826.3755,186382.1596,186621.6208,186823.7067,187033.6754,187415.1315,187617.7449,187593.0825,187664.5218,188209.2518,189182.6063,190467.7729,192119.6201,193872.8236,195536.1949,197244.492,199695.2261,202781.5516,205658.8234,207858.3883,209905.4633,212621.6246,215361.8791,218136.4578,220586.0686,223262.1065,225479.6246,226882.2211,227840.87,229238.3789,232046.2417,235245.8872,238314.1098,240299.4878,242079.1719,242888.1265,243698.2271,244035.1597,244290.4266,244194.7356,244717.3477,246371.9219,248924.1655,251696.8259,253878.8873,255296.5046,256462.9678,257766.668,259563.5407,261246.3052,263115.8257,265327.8624,267933.8903,270504.3181,272882.0393,274597.4902,275798.8789,276864.599,278354.7558,280340.6672,282845.5865,285526.3939,288090.5834,290117.3357,292051.5953,294171.626,296754.4123,299949.8588,303417.371,307004.3516,310119.5573,313576.8816,316647.331,320189.7088,323604.9539,326616.514,328949.3865,330857.238,332730.7408,334448.0581,335908.6163,336968.3825,337675.2519,338016.1115,338680.1858,339654.8906,340604.7694,341789.4732,343090.587,344537.3607,345702.7685,346528.8361,347334.1971,347820.4786,347940.0243,347641.7633,347406.3631,347602.3646,348489.4112,349454.9391,350813.7103,352107.2772,353968.9972,356590.0427,359564.8803,362595.4211,363983.2724,364754.3548,366113.8857,369172.0781,373671.3537,378257.4721,383722.5564,389526.5432,396292.205,403158.1769,410167.4434,417297.8349,424773.3431,432894.0451,439391.6162,443825.7867,446514.0777,449938.8937,455347.7036,461723.0798,471952.431,484604.9511,499910.3464,513848.7557,526445.3041,536655.2793,542623.1813,543554.3769,540849.9377,538359.4862,536665.4005,535184.4439,532160.92,528946.5718,527925.247,529314.2482
76278.17374,76201.76318,76186.41319,76047.85594,76194.84123,76323.9876,76567.79483,76536.34901,76552.50017,76725.24689,77042.1858,77442.32243,77914.86745,78512.52172,79075.44435,79630.13154,80124.65334,80885.67051,81831.68642,82836.08023,83887.7648,84694.55454,85567.72786,86169.27335,86862.92976,87247.01647,87588.87979,87881.9519,88389.36627,89178.22529,89979.09233,90857.80942,91464.43752,92098.95858,92683.72923,93919.24978,95488.62467,97276.42046,98632.97301,99695.51093,100719.4329,101683.924,102814.7895,103924.329,105418.3128,107066.0339,108885.8005,110379.729,111915.5345,113060.3595,114209.1008,115207.3314,116973.3268,119421.9736,122192.9123,125328.332,128324.0579,131327.6653,133828.128,136327.8049,138631.8119,141119.7303,143717.7092,146381.8166,149328.694,152739.2459,156428.5336,159921.7711,163701.202,167063.1184,170038.5863,172196.7321,174611.729,176739.8739,179728.1102,183109.6425,186948.3077,189815.8789,192245.9782,194183.2534,196006.9455,197595.6364,199640.2757,201868.1537,203758.808,205618.4885,207211.055,208992.3338,210200.3309,210824.1815,211237.8742,211213.3642,210437.9348,209807.7101,208865.3149,208491.8477,205642.2077,202004.7356,197517.7377,193494.1997,189899.6076,186366.9294,183319.4193,179366.5783,174842.3567,170185.2435,166038.9437,162197.8172,157878.5677,153599.9787,149183.8435,144463.9381,140429.7757,136099.3278,132216.289,127624.054,123326.3016,119548.963,118252.9363,118515.7159,119205.3403,118313.2906,115973.9327,113585.7086,110228.9646,107274.1492,104201.9807,101750.1417,99126.6024,96753.98585,94519.234,92500.41077,91017.81891,89185.93241,87836.75114,86206.36465,85653.70593,84923.46973,84753.29149,84544.78234,84830.62285,84541.55266,83526.32286,82102.64396,80856.71169,79505.22982,77609.15013,75777.39567,74521.0146,74101.27879,73594.46147,73234.46872,73087.77247,73211.8597,73249.08955,73719.57085,74423.2951,75708.89009,77099.00308,78956.7852,80485.42704,81767.81605,82693.50712,84171.39641,85867.71099,87575.1638,88499.239,88754.01201,88592.93205,89304.54574,90640.43466,92609.67063,94122.77357,95566.84913,96997.88713,98323.88545,99887.54688,101304.9983,102745.1644,103594.5742,103592.6116,103896.0867,104783.5151,107088.3787,109651.7067,112851.9644,115988.8086,119264.5916,122258.177,124897.3052,126656.0984,128013.54,129148.8638,130660.2976,132383.5846,134854.6504,137027.9597,139009.7567,140684.1483,143117.1432,145926.8458,149358.179,152282.0151,154558.9749,155917.3196,157972.1172,160871.6742,164434.728,167583.9362,170353.025,172997.2461,175956.1432,178770.0387,181443.0687,183991.8817,187130.1986,189708.7905,192059.441,194063.7658,196298.1003,198298.8795,200237.6282,202499.2014,204990.4765,207108.8203,209169.0765,211712.5467,214349.6662,215706.2004,216625.4954,217732.4023,219836.7401,221580.1132,222664.1573,223953.0978,225283.9641,226833.5832,228334.2672,230465.8382,233213.0077,237282.6564,241969.6788,246760.1384,250091.4304,251448.4056,251465.4339,251384.9506,252019.6749,253443.7665,255023.7109,257700.0845,260978.3839,265537.2343,270631.1841,275495.1999,279733.4643,283695.4842,288200.3692,292013.0548,293853.9214,293932.4161,293662.8619,294935.3455,297728.1868,304829.0838,315013.6824,327249.0063,337516.975,345037.7767,350862.8048,355164.198,357860.9682,359145.7261,359595.5393,359957.6291,359767.6616,361549.678,365244.7419,370530.5604,374618.2475
73742.59307,73613.12009,73823.66403,74125.00636,74613.4701,74960.18956,75495.66951,75644.10431,76210.09768,76258.99753,76618.5828,76851.23527,77413.07594,78117.64585,78763.91129,79638.41772,80348.49755,81108.58004,81709.89578,82632.26735,83327.70728,84288.27762,85571.63792,86711.08748,87487.51306,88169.24977,89189.0891,90416.47187,91308.11244,92151.66508,92085.86319,92303.71629,92340.63435,92827.5476,93259.48342,93710.2493,94340.49521,94886.86065,95988.67605,97243.90948,98076.12261,98063.71447,97725.93176,95778.92489,93451.76968,92827.67784,94457.22079,96775.49152,97638.6137,98630.43261,99118.08779,100028.5724,100564.9808,102013.2168,103125.5507,104899.9832,106574.8392,108201.7622,109292.0414,111036.4441,113447.3766,116441.2063,118872.506,121416.3914,122180.281,122608.2121,122579.0214,123750.9763,125068.1269,126635.0294,128283.4939,129102.7679,130244.4156,130462.9995,132059.6555,133412.3289,134866.0981,136156.622,136520.2537,138381.0401,140547.1972,142809.8274,143732.5364,144796.9283,146085.254,147839.5207,148016.0609,147865.4984,146945.5916,145596.7277,145019.2306,144151.819,144189.9256,143108.6376,142131.5724,140497.5174,138956.5598,137449.0493,135674.4047,133320.1991,130725.482,128391.2952,126377.451,124411.8627,122272.7365,120097.5848,118370.2677,117161.2424,115926.2453,114825.8314,113461.411,112197.133,110857.6293,109509.3329,108411.5608,107691.5726,107161.1485,106708.5288,106024.5925,105451.1064,104760.1246,103952.2651,103081.3344,102488.4824,102223.6331,102239.8503,102449.2757,102554.9695,102248.2754,101445.3679,100576.8905,99856.12785,99275.31114,98653.5642,97883.07508,97132.13137,96714.18253,96637.11202,96699.65842,96800.26266,96875.22229,96554.08748,95829.52524,95117.57467,94912.46447,94940.9985,95191.58931,95649.33204,96581.3422,97254.40555,97212.262,96461.79003,96253.64501,96964.25205,98343.98534,99663.44028,100332.4458,100453.0546,100443.2863,100846.4133,101706.7502,102372.8778,102281.3524,101932.1527,101155.8285,101231.4777,101616.1324,102609.3886,103611.524,104496.4754,105598.3106,106757.3011,108176.6176,109409.1868,110500.6493,111034.2751,111346.0483,111081.319,111074.5103,110980.8391,111722.4055,112616.4964,114124.7339,115693.9089,117258.3471,118720.4491,120060.0821,120971.8422,121998.4225,123204.7012,124860.9123,126079.2871,126892.0609,127010.6933,127029.3779,127711.7818,129398.6374,131194.9697,132640.108,133794.668,135215.6092,136329.3499,136568.4099,136426.3046,136986.541,138826.8235,141079.3647,142493.0912,142926.8365,143025.3598,143692.4217,144820.7172,146386.2744,147534.1751,148570.4758,149147.5751,149442.3575,149457.4771,149842.103,150718.5831,151457.45,151958.2918,153246.0243,155329.7093,157191.7123,157225.8574,156878.6966,157289.9927,157650.486,157516.3322,157142.7051,157805.6685,159350.018,161130.4182,162858.8387,164748.983,166429.3757,168666.8531,170202.4325,171311.4425,171516.7225,171377.0639,171759.1109,172426.1586,173884.4548,175138.7752,176606.64,178798.9347,181672.8865,184669.2826,186660.3074,187761.9988,188995.2501,190901.2925,193139.7973,196094.3502,199768.0488,204156.9327,206203.2021,206126.1188,204963.755,205662.5852,207863.8315,210522.7284,215073.8349,221032.1632,228094.5168,234329.1251,239725.0413,245035.5792,249994.4544,254667.7071,258108.4836,260406.0745,260849.3094,259780.9229,256640.208,253657.2422,252012.5736,252491.1413
45488.12018,46023.11771,46347.79081,47133.25643,47552.76584,47890.95506,48159.34257,48547.24986,49056.44566,49335.1485,49596.12478,49783.39324,50020.14713,50123.98155,50037.46266,49907.70269,49905.98813,50112.15975,50557.19443,51093.50396,51724.25468,52283.44347,52577.05594,52848.09545,53118.79612,53685.98792,54334.58903,54848.44284,55274.47684,55647.49318,56047.47211,56728.68746,57368.09849,58282.20507,58933.24445,59558.33994,60096.10608,60780.89979,61678.90734,62799.24843,64014.32849,65109.60325,66143.66208,66913.0735,67811.54452,68599.6834,69536.22654,70459.94517,71510.15027,72654.26874,73851.07446,75061.67199,76384.25275,77722.149,78944.36981,80042.25093,81127.10229,82328.71837,83791.16052,85501.99704,87266.03933,88955.55583,90412.21108,91698.3478,93228.21707,95070.76965,97220.78684,99392.05845,101896.1705,104206.9841,106230.6558,107774.5397,109335.3995,110549.4229,112070.187,113969.4394,116180.5533,117959.8304,119559.2086,120986.6772,122344.6304,123385.4154,124402.9079,125583.7243,126496.0882,127389.9559,127710.4328,128097.7754,128508.0318,129092.0777,129798.7407,130283.5416,129909.103,129790.2012,129433.547,129937.9277,128510.4459,126413.3736,123513.1234,121133.8218,118652.5516,116250.238,114229.1358,111998.9545,109651.2233,106731.1012,104117.672,101234.5955,98630.03869,96023.0705,93162.66617,89914.18805,86782.50987,83497.2649,79792.52084,76328.58607,73206.43261,70930.56785,68063.98141,65407.34013,62984.22144,61042.40821,59552.46396,58494.90712,58263.53309,58144.87983,57984.67476,57120.31225,56409.5513,55169.74048,53995.4362,52617.82169,51878.79767,51312.62133,50693.92125,50383.96243,49935.4979,49328.84578,48146.05643,47725.34237,47883.69208,48438.63506,48593.81492,48467.05676,48285.32246,48455.52851,48964.94323,49483.69539,49654.4306,49732.79386,50017.28327,50459.40527,51077.51121,51541.95597,52087.67657,52823.98394,53609.30166,54480.38455,55514.89226,56792.23566,57973.94538,59000.14189,60066.4457,61202.28398,62319.82791,63835.47188,65617.44714,67150.659,68178.42269,69314.13785,70878.23586,72521.34675,73687.92184,74698.44286,75937.08285,76963.07811,77739.37276,78164.40537,79127.99741,80353.07558,81344.27326,81966.2411,82554.25952,83715.93099,85562.40895,87918.58452,90581.72127,93130.55874,95522.17599,97427.84748,99206.24148,101007.969,102769.492,104431.5357,105878.2172,107890.2683,109865.1021,112200.6882,114243.26,116647.5888,118972.1983,121446.9027,123934.5614,126329.9784,128659.202,131225.3879,134268.9302,137586.3544,140410.306,143145.9696,145813.5168,148694.3194,151157.4211,153906.99,156978.716,160684.4116,163980.4893,166837.4752,169078.6969,170958.3782,172982.7752,175298.3269,177919.3827,180081.3744,181492.5023,183148.917,185477.7538,188359.7371,190829.0928,193080.4306,195061.8167,196505.7683,197477.5782,198552.0944,200304.2863,201945.6688,202960.0854,204246.9914,206494.0278,209980.8572,214239.425,218590.87,222183.4143,224362.4244,225297.8388,225772.4071,226361.8867,227082.892,228248.0172,229815.4766,232380.2472,235356.4654,239098.8534,243556.865,248231.5839,251848.7545,255047.9744,258272.5303,261139.5487,262726.2132,263597.2275,264822.8768,266963.7278,269292.4465,274309.1494,281848.6589,290943.1023,298453.0097,303435.1254,307711.6722,310969.8754,313100.3448,313788.8869,314489.563,315315.016,315812.5566,317460.8661,320964.0756,326280.3607,330351.1674
74597.12506,74411.10408,74410.36224,74517.87013,74825.88918,75284.67922,75894.79818,76717.77308,77623.45929,78314.99488,78958.35045,79514.64877,79977.42282,80693.59625,81766.11264,83279.16231,84846.6061,86454.08567,87981.72735,89160.16736,90343.48286,91795.76243,93387.56061,94553.27966,95124.28124,95553.66995,95845.5884,96469.47951,96958.79987,97239.54829,97385.36998,97756.19594,98452.99895,99233.12681,100036.6674,101065.2256,101979.8037,102848.8371,103909.1003,105078.7732,106215.6525,107175.4224,108243.1523,109607.0552,111141.0811,112812.142,114547.1143,116083.7018,117744.1487,119453.5987,121220.0857,123055.3017,125562.4007,128516.4956,131272.566,133941.3647,136659.4038,139585.2628,142074.4571,144422.4503,146726.2558,149069.3283,151893.9691,154895.2511,158198.4908,161207.0681,164597.759,168044.4252,171532.4214,175060.8375,178287.083,181730.4987,184164.8449,186439.5069,188069.6088,191252.5801,194812.3965,199291.0009,203193.4277,206761.3003,210173.4304,212890.5519,215668.802,217342.0482,218755.7063,219157.8289,219222.9258,218408.3647,217471.6509,215953.8839,214040.01,211682.3153,209410.7575,207312.953,204433.1651,201161.7778,197704.5294,195209.2209,191624.381,188059.9648,183350.6369,179462.7384,174375.9654,169410.1615,164180.2273,158721.7492,153699.6933,149693.9801,145815.7467,141706.5699,136480.9282,131479.668,125979.1014,120307.7634,115304.6519,111173.6196,107718.9851,105400.5316,103973.7635,102737.6607,102099.4328,101986.1595,102670.5211,102589.8076,101903.949,101021.6795,100138.5829,99278.41323,98838.88984,98696.54986,98058.65963,96893.64838,95742.62115,94717.30195,94046.40017,93239.69195,92298.21546,91156.7179,89858.49666,88739.59754,87727.7035,86916.6762,86944.42749,87597.58737,88159.0163,87825.81226,86562.68825,85298.4461,84661.43892,84655.61768,85259.08079,85818.49422,86010.52718,85623.30805,85284.30948,85645.09894,86902.64365,89168.62392,91977.31975,94973.65065,98083.88093,100858.9535,103664.3672,105969.0343,108198.6991,110079.8581,111619.8496,113191.1553,114840.4864,116914.6353,119298.3206,121857.2437,124489.4362,126802.9658,129373.9669,131744.328,134038.3352,135274.5216,136283.4673,137115.7176,138105.5355,138956.0265,139703.7442,140880.3151,142544.0568,144304.6724,146044.2018,147926.5929,150070.1437,152346.4921,153533.346,153981.0404,154348.5814,155658.4626,157882.4559,160503.6917,163335.6213,166534.2693,169539.9857,172467.8244,175042.588,177736.2366,179746.4539,180627.6241,181122.3815,182171.0668,184629.0322,187638.5141,191066.1637,194437.1669,197753.9838,201250.1244,204641.2157,208266.1403,211955.4125,216207.8796,219463.4821,221274.8071,221937.8283,222266.1082,223180.2407,224530.9447,226736.7107,228969.6324,230934.3125,233022.4556,236315.7465,240134.7729,243183.2267,245229.3272,246597.5548,248139.5795,249535.5163,251073.3421,252895.3101,254776.2363,256732.1227,259080.8532,261913.3718,264856.8934,268077.3986,271124.5166,273704.4765,274831.9648,274581.6862,274249.3019,274873.174,276584.0417,279257.5918,281901.1357,285457.1566,289009.1858,293015.6536,296553.5538,299919.9501,302936.636,306187.5982,309629.7713,312993.88,315156.7482,316681.1861,318653.4447,322240.3446,327118.3232,333580.5167,341016.877,348801.4256,355724.9856,361030.0178,365526.1234,368363.7484,369706.7803,369655.3295,369376.8388,369801.3961,369863.6911,371474.3451,373157.3044,375677.9508,377214.8251
90457.48347,90480.07822,90565.71496,90659.48628,90674.19414,90707.5068,90850.69629,91036.61069,91291.82186,91558.37501,91875.37189,92100.43183,92152.02712,92226.49042,92501.76056,93022.66525,93788.29352,94470.84961,95243.27455,95963.21152,96438.41646,96727.68101,96931.02085,97299.81057,97638.76473,97956.85203,98204.35703,98427.67501,98703.62011,99178.79387,99586.67143,99918.84479,100288.418,100833.6819,101405.1226,101779.5256,102033.293,102251.4074,102777.1843,103622.0086,104621.3465,105283.2459,105934.4369,106570.2297,107571.4803,108544.8985,109649.0754,110748.2692,111808.5796,112759.2424,113504.9183,114216.402,114972.0153,116059.5694,117317.1761,119147.2305,121199.1294,123143.7354,124407.2189,125487.6212,127112.9905,129225.6452,131829.856,134989.4034,138552.7677,142796.345,147537.851,152145.7056,156211.177,160153.9783,164241.6044,167984.5228,170563.5155,172790.3256,176021.4139,179606.4937,182624.1347,184111.6355,184733.6338,185156.3337,184980.5441,184529.582,184306.2116,184145.7664,184320.1283,183920.855,183630.1551,183461.2196,183873.9879,184284.1667,183758.4775,182874.9189,181828.5542,180899.6492,179571.021,177519.1551,175081.1989,172474.427,169491.9207,166809.5335,163801.8765,161580.7965,159553.0416,157328.9919,154630.6517,151870.1789,149182.9641,146966.5736,143821.6818,141292.4497,139081.4366,137350.8544,135685.3271,133938.3194,132360.964,130881.3067,129181.1552,127562.3289,126250.1898,125556.332,125402.8731,125175.9888,124708.2441,123434.0052,121580.8111,119991.1553,119390.262,119506.7826,119275.9285,119181.1544,118695.8261,117969.5853,116804.7309,115652.0923,114413.0735,113087.6141,111577.7263,110149.8588,108134.8606,105948.4448,103335.4626,101505.5393,100680.0903,100738.2092,100762.6833,100619.5695,100626.1441,100976.6373,101664.6107,102297.3052,102575.936,102372.812,102406.6704,102880.3675,103434.0814,104164.8491,104997.26,106140.6232,107077.9446,108333.7201,109893.0847,111662.6935,112978.0941,114117.4882,115305.8811,116570.4537,117363.6192,118182.2005,119357.6317,121022.1787,122139.6755,122531.9052,122720.6464,122940.304,123650.6539,124138.0781,124833.538,124935.3683,125140.1079,125613.2733,126476.1735,127354.2853,128038.1562,128841.6908,129811.4258,130787.4957,132026.2432,133288.807,134775.4182,135874.1973,136545.4996,136894.8958,137589.0367,138715.7675,139716.7868,140656.1481,141505.6475,142314.2368,142830.2764,143521.5871,144960.952,146531.5142,147749.34,148309.278,148949.8231,149836.0062,151083.1555,152586.8159,154320.24,155981.4927,157748.1123,159570.4632,161606.6284,162941.3372,163732.7982,164030.9859,164297.6094,164669.6527,165437.4928,166548.0522,167980.4743,169146.8028,170755.0806,172475.4425,174519.1552,176159.7122,177538.179,178808.116,179724.3797,180420.5325,180667.4315,180933.7222,181299.5562,181782.1765,182680.0084,183731.4963,184858.1304,185805.5207,186709.5543,187756.1452,189062.7246,190505.2483,192109.9805,193624.4914,194800.5932,195522.3986,196413.4679,197930.0573,200214.5877,202640.5189,205505.7313,208239.268,210960.974,213265.4328,215529.2409,218024.588,220913.3492,224509.101,228211.0953,231914.9856,235705.797,239826.6491,244309.4287,248764.2873,254531.6541,261071.2614,268223.4879,274859.6039,280749.9024,286322.5074,290318.8776,292576.1716,292955.1841,292979.0209,293132.9826,292903.9543,292227.0824,291878.1183,292168.7508,292599.4917
99604.29841,99798.29751,99952.71282,100291.8775,100379.231,100668.9228,100908.6085,101340.1395,101739.7526,102262.1622,102680.9129,102906.4042,102857.1031,102861.4049,103221.2994,104001.0982,105180.9212,106038.4672,106812.2403,107242.7212,107407.1013,107001.2674,106668.2551,106491.0358,106438.8973,106243.3845,106291.1629,106870.4015,107737.3782,108632.599,109189.9285,109572.14,109857.0134,110356.3751,111075.2842,111958.1126,112699.5205,113297.7291,113819.2639,114354.2362,115040.8832,115741.7086,116744.8363,117852.7034,119099.5065,120293.8291,121323.1922,122251.8496,123066.0452,123741.2827,124351.3446,124936.3872,125770.6368,127206.8718,128969.6651,131086.7246,133117.6785,135044.4998,136636.958,138330.2007,140287.3416,142432.3996,144935.9764,148235.6711,152033.5529,156059.1986,160521.3466,164749.2797,168952.9205,173133.3966,177599.0592,181739.0552,184755.7042,187299.6921,190757.9532,194097.5677,196841.8405,198020.1168,198740.2781,199658.645,199627.5362,199241.9476,199074.6633,199146.54,199591.0953,199281.7821,199051.0717,199255.9004,200229.6809,201428.9273,201296.8997,200784.1202,199926.3352,198578.0554,196067.4417,193053.4755,190668.4949,188481.6831,185613.5346,182782.1462,180081.6297,178199.6134,176456.9291,173959.5156,170619.0923,167002.6785,163706.7568,161223.1591,158252.9715,155837.6646,153990.4754,152465.656,150931.4846,149122.7991,147744.1562,146299.7482,144637.9332,142224.2712,139903.4205,138276.853,138220.7509,138927.6833,139426.5182,138895.4838,137602.6707,136192.5213,135184.1126,134743.1696,134620.1285,134184.606,133117.1752,131011.4071,128946.0483,127061.9027,125459.5126,124023.2244,122639.7572,121942.1154,120770.0156,119254.4198,117200.7131,115936.1591,114622.4975,113871.7078,112884.6249,112701.8232,112395.1123,112480.411,112935.8065,113469.6791,113635.6401,113283.4924,113184.8213,113755.7727,114848.8145,116364.0253,117787.6234,119065.6485,119908.8889,120972.3445,122494.8483,124255.5724,125724.366,127224.2442,128969.6795,131009.8331,132600.5109,133928.3798,135437.1733,137060.9905,138533.2973,139424.1929,140462.7041,141431.3872,142695.7205,143555.2598,144408.7043,144893.7067,145414.1133,146306.7387,147364.6993,148222.3149,148444.1961,148304.2111,148346.5874,148392.0403,148636.7687,149133.4934,149991.5143,151130.3394,151921.1031,152569.3605,153319.9324,154220.4465,154980.7823,155454.34,155752.0451,156092.4013,156242.3745,156870.8557,158302.537,160071.5183,161451.4649,162028.8096,162395.4825,163232.3247,164638.5313,166240.9254,167507.3366,168545.8301,169796.9316,171289.1563,172694.1799,173910.1201,175231.3084,176643.7437,177828.4142,178824.604,180222.4865,181938.5233,183935.5605,185395.5129,187154.4785,188813.8087,190681.2885,192111.8657,193666.6282,195460.0615,197231.1863,198517.4057,199162.6161,199460.2576,199797.838,200279.0862,201102.1445,202071.656,203058.3705,204048.0723,205374.6142,206916.3258,208376.3885,209676.2555,211078.3008,212659.0388,213974.71,215403.8029,217514.9683,220245.0551,223416.6615,226246.0914,229407.0104,232135.4019,235005.3093,237852.5618,241099.2175,244761.7454,248842.0913,254005.6747,258663.9396,262756.8524,266079.6361,270206.6269,274815.8141,279758.6946,285570.3347,292250.9571,299457.126,306580.7893,313016.6175,319349.8017,324235.5366,327258.7474,328203.5802,328498.0051,328687.5598,328044.1384,326012.2084,324683.5545,324896.6259,326869.3712
443497.1113,445535.0434,447214.4356,451188.7128,455228.4907,459758.5832,464075.6915,467410.2516,470283.5643,472164.8623,474272.6176,476599.0834,479654.0377,482979.1619,485986.3072,489188.4921,493180.7128,498268.0181,504903.5752,512254.1529,520007.8658,527458.1811,534414.5367,541144.7764,546884.9917,552014.9778,556356.6251,560932.2627,565761.6465,571416.148,577444.8867,583338.4207,588476.6436,592266.3936,595921.7837,601228.478,608626.2134,617490.6009,625753.403,634596.9095,641912.1464,648184.787,652385.5446,655813.5474,659616.8401,664195.8739,669834.6035,674861.8857,680405.0489,686151.1315,693551.6705,700353.4905,708570.9072,717043.2602,726692.6991,736739.7322,747914.5833,759809.4167,771839.1667,785110.952,799467.4218,814228.7719,827486.0508,839946.545,856485.3582,878514.4074,902378.9458,928161.8508,955515.7821,982297.4502,1003401.169,1020536.806,1038116.604,1055037.954,1075189.921,1097139.461,1119950.558,1137998.993,1152540.685,1163129.09,1169075.934,1171307.925,1172746.142,1173485.987,1172335.31,1172761.766,1169958.879,1167725.516,1161047.186,1153245.436,1143631.056,1134239.946,1122149.766,1110764.285,1097107.382,1088197.109,1068461.001,1043825.874,1013569.278,988421.3588,966742.2179,949533.088,934361.2365,916660.8699,893624.913,867523.4916,844095.0068,821395.7986,797592.9101,775593.0996,754454.2462,738867.4674,726493.0785,723053.0408,718735.2617,714314.6845,707775.5936,707287.1392,705311.126,701350.4891,697907.1191,699336.0957,705895.1681,715012.5283,723516.4985,727086.5994,726727.86,724710.6995,723721.0343,720421.3066,719706.8335,721786.522,724591.0638,725686.2378,727320.0588,730316.1414,731944.5498,729026.3469,725394.7169,722373.6208,723789.7085,727643.4087,733593.2957,737149.0029,741256.3269,742858.4812,741674.55,738220.2689,736008.1126,738028.648,743003.7486,749299.3494,757306.1764,764786.6718,776240.8605,790011.1985,806240.8493,820686.3615,832658.7757,844152.2319,855720.2033,867051.444,878155.0678,889250.9326,903661.4117,921547.9765,941901.9288,960355.2529,976460.8551,990493.3049,1004310.306,1018541.256,1035381.728,1050244.244,1063832.974,1073694.649,1086237.658,1097286.257,1107299.835,1113630.717,1120687.843,1126601.015,1135030.18,1143732.838,1153991.596,1161924.996,1169082.626,1177318.594,1187225.991,1197195.923,1205446.464,1209793.209,1211801.025,1214471.263,1219660.295,1223815.706,1223818.591,1222440.645,1222658.369,1222680.602,1222061.658,1222503.862,1220848.355,1215900.92,1204965.127,1196214.479,1188122.615,1183113.345,1175883.642,1170209.711,1163725.942,1160682.25,1157583.279,1153031.292,1145954.952,1139347.641,1137171.13,1138784.939,1143390.256,1146098.646,1146965.833,1144013.881,1142898.143,1140807.959,1138356.363,1133146.367,1129396.254,1129549.716,1128872.143,1126989.057,1120287.29,1111235.966,1100762.037,1092338.416,1084507.605,1075696.492,1064515.044,1052888.056,1041350.732,1032856.787,1032104.865,1037456.433,1043584.735,1045678.724,1042533.905,1035949.18,1028391.828,1024170.316,1025060.455,1028032.962,1032704.574,1037108.234,1041480.793,1046922.855,1053584.721,1065376.637,1081501.813,1105060.843,1131172.367,1156279.578,1177386.554,1198141.408,1221810.824,1248143.714,1280301.957,1317807.386,1365056.385,1413563.463,1457326.51,1491643.632,1513854.101,1525756.617,1527005.338,1528670.076,1529889.972,1533218.213,1530120.36,1527017.507,1521773.634,1519078.81
129920.0016,129949.9421,130024.2173,130470.1332,131385.3547,132790.5334,134155.067,135522.7011,136637.4362,137749.2975,138748.223,139802.3263,140756.2505,141886.5648,142952.8853,144198.202,145155.4795,146150.098,146937.0933,147793.2762,148789.97,149969.1688,151272.3989,152321.8166,153404.4647,154241.9169,155004.0147,155766.1902,156615.2588,157621.7732,158526.4332,159642.1298,160880.7578,162274.9464,163857.2228,165709.1274,167493.2124,169207.7065,170888.1577,172739.6149,174549.7995,176010.428,177579.4784,178877.7382,180450.741,181747.6601,182980.3136,184005.6962,185119.8128,186398.6953,188137.7693,189983.8479,191832.6479,193956.2045,196671.3826,200054.786,203412.011,206069.2141,208115.9317,210076.6681,212867.9804,216355.8649,220013.2939,224436.7565,228582.8422,232950.5974,236685.3008,241274.2104,246485.534,251236.9727,255670.0147,259257.6501,262637.9788,266463.4946,271122.851,276245.8524,279361.3763,281315.9613,282504.3463,284036.3283,284311.813,283423.6756,281985.6039,280065.0974,278964.5124,277719.055,276479.3114,275242.4639,274206.3137,273151.2121,270633.1012,266911.4849,263042.4767,259442.5508,256218.1348,251003.1304,246491.2426,241953.0264,239710.7261,236547.9528,233526.8507,229990.941,226665.3641,223222.6076,219864.921,216704.2161,213518.6383,210683.9513,208042.6923,205417.7614,202828.3984,199794.8129,197476.0098,195369.8109,193636.4691,191592.2572,189698.5203,188137.4576,187502.6534,187176.9006,187178.9107,187302.2045,187292.8266,187382.0704,186993.1219,186441.426,185601.3632,184187.6893,182466.1614,181221.9668,180318.8336,180017.2154,178155.7219,175551.6398,172756.4719,170802.1226,169589.0692,168299.2613,166995.9856,166028.2484,165494.7229,165990.7638,165926.5186,165527.2106,164071.7563,163591.302,164022.3257,165256.595,166645.6561,167808.1258,168976.233,169920.0669,170870.5184,172163.0632,174039.4677,176520.4575,178622.863,179889.6043,180669.4046,181807.2681,183804.2373,185992.5107,188516.7283,190939.044,193148.4624,195275.3001,197175.4019,199493.4093,201205.4919,202854.4504,204068.1556,205170.2693,205999.2314,206712.621,207886.7044,209587.4029,211487.5647,213523.7111,215595.1812,217987.7067,219408.3666,220382.1819,221067.7637,222647.5796,224801.88,226756.3809,228783.9263,230942.3239,233317.6616,235646.113,237789.1359,239914.6284,241497.6402,242633.4531,243637.1007,245441.111,247207.2386,248865.4457,249897.0393,251148.3905,252970.1461,255044.0595,257455.4966,260006.804,262392.4394,264252.7686,265552.0064,267235.7094,268951.3423,270988.4903,273185.8344,275719.0833,278325.3954,280585.9864,282642.0794,284508.2328,285672.9679,286388.1204,287168.3697,288884.2319,291093.581,292840.0343,294451.4364,295697.7854,296955.4987,297812.9363,299156.4114,300717.9529,302961.9483,305409.2997,307979.1671,310020.2373,311598.6984,312954.5773,314172.5154,314952.2306,315437.8815,316253.8988,318093.3052,320347.2073,324368.4396,328574.7677,332890.8568,334998.5733,335105.7165,334755.9842,334912.183,336951.3805,340389.278,344366.3432,349038.5611,353464.3615,359048.2452,365388.7089,372658.4686,379726.6003,386854.8262,393999.1306,401392.9815,407979.4166,414061.5081,419574.0237,425642.9282,431640.8996,439151.0441,447811.6208,458438.2772,469411.7178,479932.7501,488320.4609,492546.3201,493341.2325,491560.9352,489660.517,486568.237,482407.0763,480684.3483,481857.8542,486633.5003,490841.7366
142685.4283,142985.3434,142890.0845,142512.9612,142118.2732,142213.3826,142900.108,143597.7438,144383.8527,145214.4392,146002.69,146572.5788,146877.3816,147188.3663,148060.6554,149467.8264,151015.8271,151809.1032,152753.0814,153692.5124,154805.0203,155788.1402,156508.7929,157601.3167,158342.311,159273.8865,159828.9525,160394.8977,161028.7192,161653.1824,162123.099,162525.9148,163207.5292,164270.3194,165435.1763,166354.4901,167310.0182,168377.2191,169819.9486,170981.7137,171889.8279,172630.0131,173567.8077,174818.6557,176207.3307,177438.4957,178865.3781,180550.1361,182353.8475,184014.9337,185342.7265,186823.0806,188293.9687,190292.9521,192823.2232,196241.5372,199919.6814,203398.4106,205912.2869,208078.8538,210707.6782,213949.8433,218248.9118,223921.1449,230316.6638,237221.4969,244501.0414,251314.8297,257648.3603,264077.6878,271084.3326,278005.0776,283343.9457,287747.7742,292360.6889,296552.0215,300119.4985,301897.0621,302760.3859,302758.2461,301577.7921,299987.4275,298778.2144,297671.7377,296683.8054,295691.8382,295389.0754,295590.7239,295899.4032,295874.469,294348.5315,293015.7214,292009.2368,290848.3268,288973.4049,286104.8992,283377.2587,280201.3285,275370.2225,270050.3856,263540.1768,257879.2916,253073.9059,249029.9159,245955.4366,242568.1543,237065.6834,230629.0105,222944.7258,216680.1325,211642.8909,206438.0409,202080.7036,197790.4454,194648.2271,190771.3636,185278.4471,178762.7049,174062.9503,171593.4533,170730.6497,169597.0785,168317.2706,166790.3137,165267.1542,163906.9846,163658.6437,164083.1221,164763.8633,164947.0067,164343.9329,162542.3975,160796.3865,159298.5939,158000.1346,156887.669,155790.3393,155129.3633,153643.3402,151487.1018,148981.346,147724.1052,147635.6454,148141.4951,148806.7125,149649.3104,150352.4124,150654.9313,150652.2202,150654.4922,150367.4547,150012.5494,149780.1061,150202.9289,151058.1875,152702.7761,154433.9643,156471.7908,158339.494,160629.1059,163472.7313,166669.1313,169420.0751,171698.7054,173875.0252,175999.7031,177589.2113,179244.4063,181080.3817,183337.4379,184897.1695,186321.9203,187346.6224,188209.4103,188747.2122,189428.378,190331.2313,191060.2507,191520.8003,192137.895,192989.7778,193983.6412,195026.404,196225.4539,197749.6533,199032.4081,200649.6701,202729.2243,205176.3534,207701.6347,209560.2332,211363.7728,212935.5811,214526.1103,215677.1593,216753.6823,218078.5295,219651.8577,221170.1853,222666.0456,224432.668,226344.4031,227735.8879,228725.3079,229720.8216,231419.8207,233661.3445,236297.6165,238872.8168,241223.2677,243435.647,245705.1034,248131.9717,250380.6432,252200.5927,253807.1526,255145.4934,256729.4186,258644.0542,260713.8151,262670.9858,264258.4464,266068.2776,268135.7447,270464.1994,272427.353,273915.7044,275278.995,276544.5412,277998.5694,278968.9162,279789.4325,280182.0327,280854.0206,281970.4638,283489.5583,284881.4486,285896.2904,286932.9706,288144.876,289478.6592,290248.0356,290844.8393,291125.2833,291333.002,291436.5598,292309.717,294329.6988,297407.0895,300920.6245,304649.6608,308156.1288,311903.6268,315774.9039,319699.7435,323524.9445,327974.587,333795.2325,339932.0765,345588.7505,350470.6179,355504.731,361261.7751,367194.2385,374323.1977,382201.5714,390901.873,399132.5495,406394.1199,412612.8351,416567.6568,417631.2681,416466.3879,415102.1702,414236.8126,413110.4466,411163.7078,409875.7568,409707.0997,410701.4457
56553.44934,56315.2704,56549.93814,56900.20849,57024.01559,56964.04898,56901.2033,57106.6496,57107.94324,56639.40201,56267.05729,56143.46308,55991.81835,55577.39841,54778.8515,54490.19656,54885.88762,55723.95057,56610.75318,57008.4798,57024.78228,57024.29444,57041.91069,57087.76236,56840.2365,56876.1399,57239.72999,57742.31609,58446.28028,59162.27926,60150.13691,60885.70776,61307.66631,61264.32935,61297.09597,61847.71012,63027.86259,64312.55103,65548.41227,66786.24281,67877.42794,68769.38711,69442.75881,70277.76266,71374.51663,72233.23241,72964.99362,73405.23187,74177.09447,74863.61036,75936.57951,76872.41118,78018.67738,79327.63747,80767.43411,82430.98827,83803.06823,85498.94989,87461.35001,89791.57274,91868.09033,93628.55794,95249.79737,96669.33769,98557.63275,100750.6884,103542.2299,106147.3615,108793.3394,111167.7896,113286.4727,115171.9796,117082.6891,118854.5289,121074.052,123545.208,126535.622,129147.4078,131741.6985,133604.356,135033.0776,135980.0178,137301.0916,138740.4263,139848.1692,140750.59,141379.7641,142026.8563,142701.1694,143437.5363,144478.0768,145360.4624,145390.2528,145136.0159,144190.4277,143805.7035,142031.702,139743.1252,136867.6125,134250.0851,131931.2744,129776.1585,127791.3331,125378.0372,122789.7166,120338.6986,118119.4769,115232.8959,111761.821,108199.3304,104415.9593,100539.3442,96134.42538,92272.69398,88860.19923,85936.89291,82889.91562,81081.27742,79854.04433,78909.90743,76861.75294,74686.51062,72504.66447,70646.89671,68585.12588,66504.41828,64282.82021,62510.34659,61097.98275,59175.48315,56870.73292,55135.47577,54055.21369,53261.56769,52359.26272,51913.13727,52399.1812,52456.7081,51959.15048,50553.54365,49594.54078,48927.9731,48426.38225,47616.34363,47500.87363,47835.65451,48388.32438,48529.52193,48415.16505,48390.81694,48521.88937,48651.99422,49070.17704,50019.27388,51661.28374,53507.66319,54935.64208,55680.47705,56139.51942,56452.15091,56894.44886,57563.98184,59145.41543,61093.66327,63186.60244,64772.22099,66196.83179,66962.42992,67300.43451,67469.35937,67853.41712,68738.12571,69883.33577,71477.10805,73315.1644,75055.99601,76564.77343,77402.28936,78207.239,79169.93427,80130.4551,80826.9866,81076.0761,81676.67841,82958.3573,84960.21212,87183.33049,89242.12771,91056.52231,92538.58647,93604.80919,94713.86773,95735.82846,97221.95791,98905.68849,101266.3939,103461.9119,105819.834,108196.5649,111137.2068,113452.4113,115746.6243,117334.2115,118491.856,119674.2832,121863.6189,125380.0788,128997.9111,131946.2924,134790.9804,137484.7264,140652.069,143478.0756,146216.8662,148925.4624,151885.6679,154662.0403,156772.6288,158519.5754,160091.4511,161690.0984,163750.6112,166363.9606,169687.8685,172733.0577,176316.0947,180209.3723,183990.9011,186942.9199,188909.9243,190622.0006,192123.506,193726.1865,195372.6584,197196.9423,199144.928,200358.3073,201433.0302,203002.7224,205379.9191,208448.0843,212024.8912,216004.4687,219114.7848,220038.6948,219886.0553,219466.0624,219828.4734,220594.8837,221934.8983,224265.6434,227248.2763,231730.3257,237372.5996,243785.5753,249318.63,253690.8635,257671.8509,260803.8631,262764.4268,263712.469,264780.4175,267184.3336,270368.8467,277525.4468,287576.2938,299540.8256,309048.8026,316084.5921,322028.7353,326539.0083,329223.5785,329991.4368,330202.1856,330339.7536,330229.1054,331766.3491,334540.039,338396.8668,340988.6238
182443.7858,182659.6855,182949.158,183498.0779,184077.3462,184401.1753,184857.669,185387.9998,186421.1066,187594.4964,189084.9114,191045.0236,192882.212,194287.4629,195395.375,196550.6925,197927.0486,199320.2799,200972.0746,203153.2555,205577.2958,207935.9634,210002.5375,211769.2186,213542.2154,215603.2337,217752.8761,220528.7958,223472.3659,226997.3229,230657.7749,234069.4198,237078.1693,239815.3466,242477.348,245896.3298,249471.5403,253426.6537,257105.862,261387.8391,265799.7656,269728.3871,272782.5538,276380.824,281208.9485,286434.7515,291349.5585,295374.4581,300033.2826,304412.9535,310019.8834,315069.1863,321116.7508,327100.2732,334227.9135,341662.8555,349132.4848,356009.879,362310.9097,368277.197,374006.0664,379728.7564,385286.357,390902.5767,398046.5029,406940.9526,417265.5588,427840.049,439815.1677,451244.2734,461030.2334,468889.2825,476034.3591,482405.456,489339.2179,496600.1005,504502.3446,510143.2578,514117.9743,515759.5308,516435.8797,516200.2394,516204.9169,515985.1606,514443.4771,512824.5527,509588.5498,507869.4555,505382.5029,503395.3462,500673.2145,496912.8186,490884.7824,485410.1789,479145.4076,475716.9199,468152.4194,459520.3058,448114.5528,436826.9638,425908.6408,415877.1513,406690.7952,396940.8292,386226.9913,375355.283,365328.2073,354177.9814,342456.3893,331739.3481,322023.2665,314081.263,305769.3882,299369.5786,293487.5062,290335.0788,287511.4089,286661.9905,284984.5549,284365.1461,283877.9573,283253.2255,282367.7026,281686.9586,282303.7686,281746.5353,280280.2512,278864.1326,277549.2238,275811.2472,273924.3639,273247.3381,271631.4601,269110.0992,266713.2889,266315.5194,266741.6489,266126.2744,265416.3428,264386.7347,264843.8556,265568.0889,266269.4773,265902.9275,266027.6279,265913.7164,265417.4803,263925.0098,262798.2384,263664.7078,265378.8538,267823.6681,270194.3118,272729.2639,275384.1446,277882.8481,279253.3243,280258.1092,281084.5953,283250.178,285985.8837,289798.3681,293942.5975,297287.2564,299684.5891,301526.2415,304448.8669,307889.0157,311062.1467,313855.3944,316087.2816,319172.6111,321812.9993,324375.6131,326376.4801,327865.1299,329184.3972,330453.9881,333062.3702,336376.1041,338879.509,340681.008,342194.905,345171.576,348992.3969,352968.1033,356761.6528,359765.8167,362914.4517,364834.561,366371.5544,367617.6473,369665.5035,372781.6621,375997.8358,379715.8426,383194.257,386558.081,389406.6187,391105.7306,392221.9785,393252.625,394392.1027,395617.3919,397393.9222,400459.5646,404182.3663,407407.2226,409301.8839,410758.8724,411281.8574,410891.291,410251.8401,409963.7096,411372.6859,412724.0276,415016.9266,418029.5799,421767.0729,424655.7009,426055.2329,426747.8057,427573.331,427980.9939,427920.1619,427740.9986,428635.0547,430289.0132,432068.4744,434042.29,435788.2454,437307.2517,437427.4648,437432.4173,437909.8149,439101.1568,440488.6686,441523.6959,443076.189,444993.1658,449066.2803,453881.6295,458844.4577,461635.3892,461817.4269,460549.4843,459657.4075,461258.5884,464881.6617,469612.6071,475275.9064,480940.0313,487113.7191,493101.7292,499418.7956,504943.933,510753.1142,517019.359,522597.1552,526176.4853,527704.1879,529274.394,532778.4516,538090.8002,548942.544,563435.52,580801.5884,595537.1302,607703.5844,618183.2324,626388.7451,631503.7321,632663.6654,633479.9674,634544.1522,635649.3531,636523.381,637129.839,639008.3974,642183.6959
113597.8722,113949.6003,114175.5012,114699.8309,114851.1987,115259.7304,115725.3772,116039.0939,116020.8431,115897.2694,116435.9697,116877.224,117160.5265,117266.4832,117526.485,117556.2177,117505.4905,117591.6732,118276.3043,118932.5237,119814.9748,120506.5179,121362.5642,121751.3332,122899.1605,124068.4881,125260.3502,126327.6153,127934.2818,129617.6046,130213.5633,129899.7957,129716.4181,130444.4396,131093.9874,131235.2455,131104.4438,131482.0073,132473.9683,133016.4744,133111.6167,132986.8507,133637.8288,135354.796,137278.814,138627.958,139725.6066,141724.1808,144275.5729,146996.3897,149554.6599,152616.9313,155588.8901,158548.4015,161840.5288,164637.9819,167209.8899,168914.9297,171032.0767,172655.1666,174054.8405,175358.1696,176922.2947,178481.7503,180286.5208,182557.3816,186178.5793,189696.5563,193828.6829,198306.3358,203477.3398,208899.6852,213723.9488,218632.7186,224143.0639,229654.1897,234755.6095,239001.1882,242086.5791,245046.38,246484.0266,246968.0191,246136.6079,244317.1913,242816.2134,242165.4703,242676.9169,243619.5539,243375.1332,241438.2247,238646.5306,236029.2998,233085.2767,228563.2209,224704.0895,221630.1588,219031.4804,214703.4076,210354.111,206967.4171,204175.912,201625.3503,198694.6606,196085.0606,193480.6437,190849.737,186549.6473,182019.1197,177964.8023,174956.295,171975.5895,168589.7267,165645.2769,162867.8648,160957.9051,159131.71,157466.0151,155938.3208,155735.0652,155760.636,156111.8461,155823.6333,155729.1445,155391.1739,155413.3754,155577.3066,155325.4582,154682.7285,153225.7068,152097.1049,150465.3373,149134.4892,147693.0357,146229.8248,145019.0417,143565.862,142240.513,140765.7989,139296.1323,137951.943,137102.2277,136812.9805,137236.7114,137467.3504,137228.0742,136645.0496,136226.2238,136474.9993,136957.0409,137289.3145,137373.555,137307.1469,137841.0996,138944.4692,140177.7494,141764.4136,143551.2008,145624.2918,147468.7081,149407.8764,151722.6873,153917.8467,155665.2904,157255.0882,159034.9713,161124.3696,162453.36,162851.4048,162758.461,162987.8262,163648.6723,164507.9796,165430.2993,166048.1858,166630.6111,167093.9221,168084.641,169003.9206,169901.9129,170346.9857,170869.8653,171636.327,172467.8079,173116.4933,173577.9929,174109.4449,174973.488,176064.4622,177794.0837,179879.3894,181929.8501,183795.5828,185863.5031,188108.0222,190137.2554,191746.9805,193344.714,194905.3437,196484.111,197988.4249,199840.2323,201603.4849,203476.4906,204991.3328,206489.657,208180.523,210154.7428,211728.9387,212793.9195,213557.3724,214913.7962,216136.5016,217339.7638,218121.948,219364.267,221271.8415,223304.7425,225050.6534,226595.0792,228160.6676,229710.3115,231304.0962,233361.7289,235150.7605,236449.5124,236741.5074,237050.6859,237634.9048,238595.2665,239701.149,240315.311,241151.9999,242215.1265,243788.854,245221.1365,246448.3604,247145.0154,247685.3451,248470.4954,249918.1009,251497.6651,253221.2891,254869.6655,256604.7028,257865.6655,258755.3231,259966.1086,261927.0149,264936.0872,268523.8043,272720.2425,277695.7666,283005.6063,288581.1457,293946.8013,299274.0576,304975.8713,310891.244,316657.6154,320862.2935,324030.164,327281.8222,332314.6116,338262.7692,346804.0229,357142.6789,369504.0375,381375.6862,391507.3136,399439.4619,404556.1359,406930.2568,406666.6237,405197.1837,402893.6313,399820.8105,396107.0895,393566.1921,392672.6089,392816.3762
109691.9698,110091.8313,110451.1517,111027.3967,111182.7496,111288.3599,111392.6501,111695.577,112718.2826,114100.4939,115747.0111,116644.3078,116804.7302,116788.5947,117113.0342,117932.5045,118440.1414,118825.9185,119340.5921,120654.4974,121634.4134,122961.6817,124333.9989,126151.7692,127116.7418,127066.0906,126933.6659,126795.1264,128474.5467,130311.8417,132432.2819,133257.5162,133876.9382,134802.425,135651.2605,136999.4079,138470.5841,139949.09,140978.0639,140897.5824,139262.6373,136417.4214,135118.2695,136323.8514,139322.6149,141871.797,144174.278,145590.6995,146511.2183,147587.6801,149616.7452,153502.5266,157164.6952,160547.7495,162609.3264,164988.8013,168208.0813,172128.8694,175750.0823,178610.2697,180688.1446,183257.4197,186647.5212,192142.4572,198340.1798,205233.4292,213014.5398,222028.2313,229061.701,233763.8623,235832.5779,239053.6251,242085.9316,246662.7253,251085.0287,256018.4985,259840.3387,261572.6062,262146.8476,261312.3135,259765.0811,256987.9296,254609.5802,253739.395,253604.2697,253024.4733,252378.9374,252181.6455,251513.7238,250005.9962,246607.541,242540.3008,238907.425,236222.8661,233794.7096,229914.371,224861.9693,220572.3069,216324.8523,212512.9194,207991.4058,204448.9777,201041.6852,197690.9871,194251.781,191052.6477,187983.2539,184703.6142,181240.0779,178171.5444,175281.5591,173000.9325,170412.6274,168425.3732,166600.5515,164851.831,162739.5036,160538.3303,160353.2648,160630.4336,160346.2184,157885.1651,154754.0406,152385.365,150666.6969,149824.1428,148781.3149,147910.5954,146266.8114,144623.0116,142546.2397,140650.9706,138778.3608,136886.4744,134951.423,132425.7754,129842.8558,127444.0456,125720.2726,124267.115,123376.749,122515.377,121633.981,120560.3954,119762.7704,119486.0924,119475.5643,119687.5455,120042.45,120205.2907,120738.1147,121043.476,121421.9479,121613.5327,122168.3804,123175.918,124319.3885,125672.1101,127269.9842,128961.1759,130623.3924,132024.774,133157.2838,134274.1464,135114.1356,136120.9155,136673.3029,137388.2519,138545.912,140465.6519,142691.8016,144719.7331,146589.14,147856.8806,148824.2559,149650.6775,150872.6609,151682.1974,152552.299,153605.7566,155271.8623,157127.3018,159100.9746,161101.9634,163003.3295,164556.4054,166441.1667,168586.4837,171088.0001,173431.1019,175527.6552,177663.3247,180086.2658,182484.9553,184467.3602,185852.3506,187113.1153,188129.3805,189041.4212,189908.5235,191221.8731,192914.4637,193912.756,194256.785,194625.7004,195835.3008,198041.5846,200464.9769,202856.7076,204949.7368,206684.1828,208475.4002,210181.5237,211139.837,211682.1143,212058.479,212964.9352,213877.5329,214915.7466,215790.8205,217029.4771,218281.2791,219947.8723,221019.6944,221942.5902,222605.015,224401.4155,226634.4502,228791.6862,230083.7176,230679.9693,231151.4372,231729.7683,232620.2092,233523.211,234587.5811,235754.5261,237371.7374,239499.1145,241837.574,244069.6246,245953.1099,247399.7242,248759.8881,249656.6679,250242.7673,251324.6441,253481.4629,257386.7088,261991.0296,267037.2684,272141.2087,277019.0183,281542.9676,285495.8881,289736.6461,294708.1108,300459.5389,305182.0085,308283.8873,309690.6509,311881.5385,315127.2396,319289.2461,325598.5444,334017.5343,344377.8713,354244.4856,362682.9776,369147.8289,373082.9328,375009.269,375373.787,375136.8512,374724.9981,373710.7396,371586.847,369012.925,368178.1903,369269.8632
62773.82985,62777.84621,63016.83077,63409.58499,64001.43959,64469.74065,64849.50337,65025.51756,65185.40659,65396.84545,65697.60284,65928.91401,66037.89768,66255.06317,66596.54113,67061.76237,67480.57738,67844.90812,68322.55404,68877.24078,69569.70619,70226.34315,70808.42865,71237.53954,71432.57675,71558.55475,71796.25271,72263.24497,72936.97102,73504.80314,74018.7916,74466.83719,74915.81971,75545.26457,76105.05917,76738.85189,77233.00948,77787.55333,78406.93528,79221.29055,80210.97723,81592.08508,83142.42552,84579.76403,85671.48453,86546.45521,87674.81522,88947.36514,90144.54638,91036.81691,92046.32736,93175.49231,94548.26591,95953.20351,97663.73182,99825.64059,101822.3338,103847.1908,105616.9596,107849.4508,109902.9007,112143.9664,114245.4925,117080.3622,120327.8837,124038.9053,127444.0043,130709.3908,134052.7925,137307.1726,141009.3341,144287.6177,147242.3482,149408.8905,151520.0205,153899.6281,155818.9442,157336.0575,158318.5294,159147.7703,159367.4295,159161.7761,158102.739,156698.7649,155272.9631,154182.1856,153260.3686,152300.4133,151086.8252,149611.5585,147650.9359,145783.1635,143873.2019,141722.5742,139117.9854,136470.8283,133374.9163,130349.6107,126872.307,124694.7416,122910.9319,121222.3168,118641.7285,115096.9529,111841.4828,108769.2061,106093.5964,103287.871,102741.5011,103422.7434,104986.5928,103981.6952,101734.1726,99024.57872,97032.1654,95611.16705,94409.54256,92980.47651,91777.35384,90134.4243,88886.96665,87138.09238,86214.96994,85434.08971,84673.13729,83416.19636,81872.84226,80456.91836,78581.22548,76768.18252,75493.33523,74947.76265,74064.77983,72900.56828,71096.46823,69508.70906,68358.21059,67995.6482,67740.56836,67169.14525,66470.19452,65965.48729,65364.72714,64795.81099,64023.08699,63727.33587,63687.5082,64152.56028,64545.13257,64826.90794,65017.14146,65207.40586,65565.4608,65970.76415,66468.14539,67078.87504,67348.28046,67531.68247,67707.99872,68584.01264,69841.05252,71031.34116,71921.32383,72703.67798,73657.50478,74564.75871,75178.88701,75629.07557,75989.0496,76442.31365,76794.3732,77364.23709,78063.83114,78957.63369,79911.74194,80899.14325,81728.03233,82505.77056,83536.39453,84527.50254,85238.94373,85616.16091,85914.26741,86278.18045,86641.0929,87163.17849,87811.68406,88654.01387,89648.65243,90907.43068,92045.42222,93108.51041,93895.30794,94631.19085,95489.88006,96520.64825,97658.84097,98537.68376,99472.44752,100658.906,102172.6793,103692.2184,105105.7408,106478.4945,107595.3691,108740.918,109791.357,111175.3012,112809.7169,114745.9148,116915.6398,118916.9058,120962.4158,123102.5524,125361.4259,127590.4856,129468.1233,131011.5882,132264.9028,133042.1133,133712.6068,134428.7221,135621.1142,137089.6922,138553.1465,139919.457,141023.2852,141862.1846,142592.3505,142933.5167,143232.8629,143304.9002,143735.7775,144306.2279,145172.0135,146177.2739,147202.8271,148404.7749,149811.8987,151303.2262,153148.9396,155114.7663,156847.9757,157811.4293,157857.4448,157891.4979,158316.8149,159611.5489,161423.8313,163390.6118,165779.5921,168133.5189,170348.7713,172204.7586,174135.8657,176244.8955,178584.6327,181573.8214,184816.7583,187527.4273,189413.248,190865.8122,192736.5774,194805.7894,198106.0228,202345.6462,207324.3813,212061.707,216423.703,220621.5366,224028.1947,226254.3264,227365.7514,228034.5726,228643.7851,228745.1846,228383.538,227418.9775,226503.1703,225742.6899
185771.991,185366.4537,185173.7328,184115.4581,182559.925,180748.8789,179343.7787,178790.9159,178372.9688,178118.6038,178343.6998,179169.3762,180844.2044,182607.6802,185005.2654,186226.8991,187189.4177,187722.3195,189104.3696,190445.0682,191359.8467,192293.6285,194655.2568,197696.2597,201004.0184,201063.6552,200520.9006,199954.9181,201257.7753,202380.0033,203552.2197,205509.1774,207841.5823,209726.3676,210509.1235,210610.0194,211608.6831,214039.0217,217473.2809,221059.141,223924.5221,227166.8344,230144.1688,233356.6925,236365.3012,239533.7654,242498.9824,245817.7636,249485.6838,253664.9834,258091.2192,261918.2345,266323.1112,271189.6692,276947.3932,283159.1942,291771.2998,300783.2219,308777.254,314289.6427,320984.674,328068.6981,334681.5015,342195.2739,351939.3508,363697.0942,375511.0725,386978.3056,397411.7401,407414.3615,414275.7487,418512.9407,418799.8867,416896.8548,419251.0471,424751.6048,433138.126,435021.8054,431946.7047,426005.3419,421441.2273,415938.8722,410200.052,404440.827,402508.2447,401463.7354,398955.0459,395680.3098,391224.7937,387182.5511,382362.7011,377783.8832,373839.2369,369205.7205,365924.0485,361833.4006,357232.6556,350882.0605,344856.2763,338137.1853,333457.103,330751.5021,328413.087,323157.7789,315761.6769,308053.1326,301927.09,297003.6423,292817.3002,290783.9726,288689.1791,288282.0731,286083.2951,283762.4948,280141.3812,276441.6346,272988.2455,270138.6646,267947.3143,265344.0761,263151.1227,263453.2186,263731.3511,263776.7429,260226.5131,258274.9117,256353.6695,255238.1678,253445.3339,251668.6343,251030.4233,251753.6816,251235.3655,249920.5714,246460.0772,244185.8537,241571.8327,238667.0652,235571.7554,233045.9238,231742.4071,230823.8635,230558.0801,230487.3583,230740.9172,231945.7419,233918.7924,236378.1203,238427.5858,240613.6488,242915.276,245234.7852,246820.2943,248311.8086,250499.4184,253913.0399,258125.8499,262098.7167,265596.6683,268603.0589,271564.264,274625.4363,277394.5145,279973.6566,282363.9708,284303.5194,285675.0298,287848.3393,291567.8658,296389.3247,300915.057,304007.1382,306630.2463,308773.2982,311274.9484,313676.1739,315848.4517,317875.8443,319465.3091,321891.5771,325193.1285,329462.9246,333369.8035,336428.6145,339190.1091,341507.0884,344318.8177,347709.9678,352021.1903,355019.5696,355704.5414,355409.256,356074.9525,357909.6714,360299.1428,362979.2232,366255.3642,368847.6817,370826.1907,372136.3923,373541.5468,375092.7921,376309.9558,377269.6326,378792.0989,381653.5394,386015.7187,390605.4696,394434.1609,397674.7282,400741.4788,404755.9595,408977.702,412934.2978,416606.5801,420507.0719,425306.6188,428228.5266,430292.4013,430730.5031,432716.2639,434865.1517,438191.6228,441797.6064,445956.6622,450870.0421,455652.3936,459659.8697,461791.3394,462765.1049,464223.7294,465692.0137,467199.4659,469127.1615,471700.0558,475400.8514,478984.7319,483107.5886,486884.2812,490401.6141,493961.9643,498275.5024,502212.0263,504880.388,505723.7447,506870.3449,509182.5401,513989.5194,520823.9159,529944.6808,542209.1439,556134.3645,571593.8727,587950.9321,605427.0276,624758.3104,647191.3355,673370.8427,700577.8977,725427.2778,746555.2008,768110.1182,788631.743,809623.765,830492.0255,851578.8509,875465.4311,902506.2921,932377.3234,958266.4468,969990.2507,967580.4686,956392.2509,947824.8414,943645.529,940590.8628,933552.7497,927684.3655,926039.4837,927742.8344
78832.49632,79317.946,79634.41206,80299.98714,80484.23494,80805.2339,81126.91554,81708.73732,82213.15038,82791.05808,83299.76368,83829.69175,84304.81893,84774.90652,85151.83275,85570.20704,86141.9089,86658.91061,87336.6081,88196.73563,89390.3335,90461.8968,91555.43205,92503.8809,93359.31235,94122.45714,94895.78145,95950.98533,97052.15213,98356.93159,99449.2427,100489.3962,101207.5567,102032.8523,102751.5458,103772.1779,104893.2826,106273.0667,107472.571,108401.2452,109295.5643,110387.3801,111724.3082,113163.5973,114728.6537,116605.7451,118542.4377,120116.725,121468.3864,122918.5537,124945.4372,127171.429,129430.9718,131630.2129,133789.8847,136056.3603,138354.96,140749.8106,143049.6427,145623.2082,148088.7394,150536.3893,152945.0597,155497.6662,158814.8877,162746.5597,166886.5059,170882.2507,174817.358,178352.8798,181020.1516,183189.7617,185658.1736,188223.1815,191695.3623,195778.8013,200790.1902,204983.7142,208788.5303,211631.6093,214320.3799,216597.047,218933.1081,221000.226,222509.3716,223982.0757,225330.6501,227010.3596,227902.5133,227766.9376,226835.1757,225492.3805,222949.7891,220864.5205,218806.303,218347.4071,215626.6129,212004.914,207305.0626,203062.9419,199454.0623,195944.5226,193072.0229,189168.3242,184519.2551,179015.6761,173947.9207,169584.3388,165208.0142,160599.943,155032.7062,149419.6987,145065.9204,141178.8756,136898.5648,131206.3455,125865.7844,121524.12,119064.0725,116870.5896,114802.1416,112273.3762,110194.3347,108918.5018,107662.2647,106002.0016,104234.9012,102364.4693,101336.0632,99741.50837,98284.37101,95970.44971,94269.84944,92656.38356,91878.93133,91169.1682,90380.83447,89049.25149,86981.99769,85420.79143,84250.23939,83953.48495,83616.92317,82895.57435,83249.82462,83351.32029,83523.74205,83094.04191,82673.68491,82816.68138,82823.14715,82851.32526,82891.79062,83104.5964,83868.08899,85474.22164,87067.0149,88442.06216,89253.68044,90293.40913,91727.70841,93704.17399,96372.21355,99448.92096,101902.2005,103952.1978,105644.0829,107346.5212,108471.1004,109643.1913,111219.215,113072.9096,114712.7541,115926.986,117442.1639,119174.4202,121378.8006,123399.9977,125280.7556,126984.774,127981.2416,128855.5768,129902.5832,132386.8238,135229.3345,138335.8212,141179.9665,144467.2743,147565.3827,150373.3084,152303.7571,154002.1549,155422.7765,156985.9984,158562.9505,160764.6334,162789.9778,165181.0922,167065.3147,169402.6454,171248.1936,173537.9545,175259.5678,176968.0523,178362.6557,180674.2769,183704.8868,186983.7282,189998.1187,193449.5558,197459.1913,201844.2648,205596.9026,209066.1225,211951.5991,215274.5313,217657.0908,219666.1888,220644.3838,222297.6846,224612.4876,227407.9524,230108.3609,232170.6896,233869.4666,235817.248,238283.9726,241017.4482,242263.9052,243271.8853,244046.4536,245730.4867,246513.7423,246977.92,248318.8566,250859.7241,253396.6087,255339.7998,257299.3924,260328.9745,263701.0951,267547.5307,270676.6681,272986.2143,273652.1457,273986.918,274795.5695,276601.8936,279212.4487,281860.2812,285123.9898,288666.6068,293087.0216,297833.6599,302079.1071,305910.4995,309426.9331,313352.377,315755.8006,316337.8174,315819.3873,315727.0399,317408.7773,320121.2895,327215.7704,337406.8877,349411.3804,359483.5255,366492.2654,371622.7943,375020.0205,377131.6282,378379.801,378897.2982,379376.7315,379233.9866,380018.7098,381903.6926,384800.1239,387092.2589
77625.31972,77517.17087,77659.95956,77916.42231,78350.04597,78737.96469,79187.78517,79751.79778,80365.67838,81039.90203,81788.36126,82415.79481,82838.63466,83231.47364,83912.21889,84709.50714,85409.43899,85898.42049,86535.2859,87132.28417,87758.16636,88247.96576,88673.7717,89157.23367,89603.58894,90170.18242,90730.25741,91500.94093,92394.55662,93424.68606,94515.85936,95623.50713,96617.99198,97364.25797,97982.2832,98589.26504,99255.99936,99929.27134,100554.2778,101357.651,102429.7112,103958.5106,105436.4563,106985.8582,108184.1476,109712.8727,111435.0973,113408.2643,114993.686,116299.1804,118035.6415,120073.1117,122326.1118,124193.4655,126163.8451,128489.2507,130773.6907,132931.8434,134712.9079,136523.0175,138487.1847,140543.4595,142522.6943,144785.2798,147572.9961,151112.3316,154818.2548,158502.4075,162424.2185,166381.1021,170431.0406,174310.1386,177549.3394,180717.6679,183597.3113,186911.1655,189629.3981,192391.5277,194155.7044,195298.0768,195154.9733,194176.7119,192651.0954,190543.3976,188879.9562,187648.178,186774.1221,185616.1996,183382.4557,180829.2865,178026.7236,175569.5933,173324.37,170746.8506,167759.1152,164398.1093,161154.0004,158312.1732,154836.4067,152278.2304,150078.6879,148157.0256,145570.0608,141928.9484,138562.9537,135649.1866,132775.3976,130484.7857,128978.8695,128693.3269,128482.9836,126696.8757,124343.5096,121838.2191,119926.7766,118611.8958,117488.2366,116373.3974,115224.186,113777.3655,112433.7746,110765.3174,110132.0215,109778.5228,109707.7973,108525.9464,107339.2892,105572.5534,103843.289,102249.3926,101400.5292,100672.0215,99442.19864,98398.65201,97410.61642,96496.72184,94887.9668,93397.83588,92071.29136,91513.60546,91199.39591,91070.11926,90301.4738,89440.69024,88775.88143,88578.49904,88720.50777,89122.26169,89804.78778,90490.02236,91167.06799,91773.39052,92319.59578,92596.22088,93170.05323,94123.11292,95170.41732,95857.0156,96454.0935,97362.97681,98828.72139,100114.9253,101229.2339,102176.0771,103503.4158,104874.4619,106151.8206,107369.3546,108414.9573,109190.5153,109862.015,110785.3555,111972.1733,113069.3347,114084.2112,114725.9786,115012.7912,115085.1235,115456.1588,115998.8604,116392.7375,116495.0015,116716.3181,117446.7389,118519.8964,119792.0676,121233.0414,123086.2179,124941.6705,126896.3136,128692.2444,130457.1274,132071.65,133464.5129,134879.1397,136214.2913,137435.9005,138381.6475,139022.928,139994.7596,141319.9676,143180.0434,145153.7118,146904.7009,148122.7044,148857.6522,149611.842,150932.0764,152664.1842,154990.5231,157145.7893,158944.3547,160226.1995,161613.5603,163423.5206,165370.855,167335.6873,169198.4562,171036.5997,172591.0055,173910.2944,175202.2295,176426.4535,177573.5988,178598.9145,179692.6703,180791.6445,181834.699,182570.7567,183091.6383,183543.2321,183999.6572,184525.0327,185164.4771,185952.854,186758.0691,187611.3752,188848.1818,190167.2289,191291.5479,192298.4015,193545.5196,195094.2247,196425.2549,197024.4276,197271.2065,197703.5908,198951.0859,201091.4023,203719.3154,207026.2659,209974.3808,212710.8028,215123.5616,217581.3908,220272.5736,223061.7809,226455.7774,229385.3235,231375.5861,232408.4479,233546.9139,235637.9517,238195.4353,242516.0098,248063.3555,254601.0115,260432.3295,265480.064,270053.5876,273706.4556,275887.2508,276765.7105,277094.5149,277338.2449,276976.9097,275404.4257,273449.3744,271876.8782,271156.3083
98613.57603,99021.75075,99241.44825,99846.07029,100345.5985,100905.0167,101424.2339,101838.4079,102279.6206,102642.4359,103140.5021,103787.6609,104578.3872,105349.4662,105948.7432,106522.4775,107120.4069,107853.4461,108610.3126,109509.3263,110503.5525,111487.2736,112435.772,113439.6741,114485.0094,115467.6125,116356.2046,117333.6437,118390.3741,119525.6834,120810.6892,122314.0346,123744.8263,125151.8542,126306.4767,127901.2793,129629.3204,131686.5204,133567.1209,135440.5156,137155.9667,138829.5904,140295.7131,141727.5522,143216.0873,144723.3944,146265.2392,147565.156,149147.1716,150674.0821,152629.3849,154309.4554,156490.2397,158737.0985,161323.5085,164003.886,166716.3331,169605.4669,172445.316,175584.1566,178615.3917,181649.8677,184510.459,187476.967,191152.5952,195447.4533,200013.9096,204352.9975,208904.5105,212927.7093,216255.4661,218921.4947,222001.1803,224900.2762,228675.3937,232799.6695,237362.3996,240836.8987,243905.8916,246488.9391,248534.9226,249909.4805,251172.4195,252636.485,253684.8515,254618.8009,254726.5685,254998.0054,254896.495,254807.5073,254528.7593,254017.7818,252358.6027,250457.0906,247881.6823,246240.5337,242090.62,236890.2535,230756.9858,225886.7392,221937.8661,217947.1017,213813.1439,208766.4086,203075.1777,197173.3481,191361.0896,185492.9468,178971.2959,172611.5683,166089.6814,160747.6697,155263.9703,150843.661,146367.275,143315.3475,140746.8025,138943.5115,137817.3583,137265.2619,137376.2481,137737.5341,138350.4841,138674.3229,138419.3397,137247.5432,135892.148,134172.0905,132840.2476,130800.3144,128820.3363,126567.3974,125103.6458,123829.987,123191.6853,122618.5735,121905.1141,120615.5753,119570.6386,118868.3346,119186.4145,119824.7191,120400.0589,120391.7926,119851.7774,119084.9795,117940.6257,117235.0226,116874.9158,117522.2353,118266.8516,119307.82,119975.3947,120770.1134,121784.4985,123302.1499,125111.2402,127218.9641,129400.2592,131770.3625,134103.8189,136421.5865,138595.7905,140498.85,142431.6214,144105.9316,145579.3881,146573.7864,147578.2746,149094.0311,150811.3079,152746.0441,154497.9528,156028.5343,157343.0042,158427.3579,159636.9376,161077.8517,162549.7644,164152.8822,165675.1211,167533.617,169190.4162,170871.9939,172398.9938,174100.621,175574.785,176946.9877,178455.0523,180226.2685,182089.0405,184032.4431,185924.8848,188028.0905,190194.4795,192589.4859,194838.9651,197234.9155,199744.0282,202131.223,203871.5533,205275.6886,206633.9703,208077.309,209579.1513,211122.5897,213037.9263,215017.6418,217367.7885,220273.173,223218.4243,225919.9099,227864.5558,229840.7747,231520.6789,233598.4516,235503.4988,237723.2983,239791.4394,242123.1964,244651.7413,247133.4304,249334.5049,250755.8046,251865.4357,252925.4051,254459.7449,256105.7958,256744.3984,256826.6421,256427.4653,256293.1175,256032.3215,256160.4095,256600.5745,257473.0474,258328.6874,259949.1785,262426.1384,265039.8655,267770.0354,270059.422,272604.3613,274396.6743,275304.9307,275742.8388,276484.3206,278084.6917,280325.4112,282816.2389,285527.1979,288090.936,290282.5912,292565.1318,295099.3488,298232.1941,302042.1166,306937.4786,312680.4439,318035.0823,322587.6321,326171.3351,329948.2593,333987.5185,339768.888,346795.6129,355151.1849,363073.833,370198.1745,376918.691,382738.2674,387557.3817,390854.3322,393622.446,395859.7493,396965.1033,397652.4695,398585.57,400857.0515,404286.6747
81592.2681,81471.34396,81409.50024,81468.57837,81630.05896,81627.11178,81339.81845,80896.52778,80564.14918,80361.85289,80453.54051,80860.84746,81987.09245,83278.3934,84694.62226,85210.73603,85189.7095,84771.34779,84431.81129,84220.82498,84081.28783,83609.98288,83386.3575,83137.89014,83329.48192,83049.85225,82708.63804,82618.46716,83121.38627,84038.60952,85054.41113,85684.24059,86068.89399,86493.25567,87074.60063,87606.87411,87792.03794,88221.8581,88946.6183,89706.78198,90270.71441,90619.06802,90910.46723,91187.63749,91338.24086,91417.63662,91596.27516,92113.64827,92745.08333,93378.52461,93926.74586,94921.6608,96156.43476,97815.41875,99520.48392,101480.3146,103429.8772,105537.4271,107507.412,109025.4005,110188.1288,111123.6383,112684.7786,114137.8733,115597.2766,116694.5049,118549.5106,121146.2509,123961.3727,126749.0172,129796.2158,133016.073,136086.5529,138848.1449,141526.6332,144039.7919,145821.2136,147377.2039,148862.5335,150497.2467,151931.2114,152770.852,152862.3786,152548.1011,151619.3007,151448.9483,151399.9552,152124.2706,152953.4912,153984.9918,154553.3775,154170.928,153065.333,152119.6814,150748.0852,148836.5171,146516.2896,144846.8387,145801.0743,148954.4095,152275.6285,153802.1262,152690.569,150868.3862,148773.6794,147064.7474,145136.9294,142775.4879,139810.703,136938.2634,134330.3711,132364.6453,130717.768,128939.4921,127831.4546,127086.8344,126864.2684,126899.5647,126908.0431,126613.9477,125821.2313,125415.2431,125172.5851,123969.197,123142.6254,122633.4139,122965.7249,122954.8776,122849.1235,123108.0504,123937.6365,124264.9164,123973.9393,122595.8905,121075.2132,118993.5758,116478.598,114345.4446,112837.3354,111233.1592,109218.2406,106573.0652,104860.0978,103886.1334,104288.6011,104806.9653,105370.4217,105715.6275,105712.0287,105737.741,105423.9297,104780.0031,104233.5039,104231.7383,104906.7718,105996.8945,107270.9704,108291.3299,109016.3872,109515.5731,110150.7233,110905.3939,111229.8054,111590.987,111736.395,112317.7454,112632.6275,112939.1783,113380.527,114093.9228,114675.0424,114939.4169,114990.332,115031.7819,115455.372,115915.0883,116147.2562,115701.4637,115395.6273,115874.9471,117072.9244,118352.3281,119023.5158,119295.0627,119349.7397,119738.787,120324.3064,121078.4279,121975.4652,122871.7839,123382.3626,123827.3222,124658.8463,126166.0493,127262.9678,127895.1534,128099.977,128470.4398,128803.2241,129442.8452,130316.2943,131350.1276,132262.7471,133357.1209,134376.4789,135350.7643,135740.1771,136224.0291,136307.085,136554.2203,136580.5216,137402.5269,138671.4257,140102.6567,140904.2017,141423.7861,142154.0769,143357.6822,145060.6068,147136.683,149383.5581,151334.4241,152936.8672,154192.1727,155649.3297,156863.1451,157958.3516,158845.1922,159486.4317,160180.1502,160660.7336,161577.8086,163152.3238,164905.0765,166767.1856,168307.4491,169631.2558,170628.8723,171684.102,173020.5541,174169.7234,175299.2116,176408.7474,177499.1556,177865.51,177962.0877,178664.7322,180478.4538,183089.2668,185805.3049,188640.825,191251.4014,193711.8981,196125.3671,198546.6734,201505.4619,204987.0703,209495.4861,213406.177,216296.0925,217756.8477,219197.4296,221515.781,224095.5125,228818.5556,234643.6456,242168.5146,249242.7504,255517.4737,261209.3083,265270.0684,267648.7052,268526.3504,268731.9255,268559.1841,267272.2815,265553.9106,263845.057,263210.6479,262992.196
72961.55113,73150.53825,73301.18604,73559.87013,73871.05369,74302.66109,75008.32338,75716.50897,76413.7484,76883.59149,77365.01808,77772.28121,78148.53498,78539.18933,78971.57285,79549.75711,80048.72096,80646.17941,81006.13683,81310.94872,81643.97257,82310.03393,82970.88742,83486.004,83890.30508,84434.00311,85107.16423,85768.87512,86618.09083,87453.3378,88287.12582,88843.86962,89506.45148,90218.90901,91060.78391,91766.74136,92363.41923,92864.36533,93319.91685,93839.3692,94430.5823,95074.98917,95634.83709,96378.28083,97492.47523,99011.68144,100387.7382,101482.2301,102420.3003,103550.6594,104784.197,106231.9743,107357.6984,108716.1998,110261.7694,112119.7268,114041.023,116017.4662,118409.1603,118927.957,118133.2027,117395.2263,116793.1661,118675.0782,120958.3656,125203.9787,128299.56,131208.2445,134344.797,137653.6086,140779.1565,143938.4502,146831.8427,148869.414,150396.3813,151662.5742,153536.702,155029.3686,156604.5682,158585.3501,161204.0029,162680.5818,162709.2058,161796.4702,161496.3722,161220.6225,160663.9959,159547.6612,157917.7591,155809.4494,154354.9257,152724.2253,151119.5671,149010.1693,147173.1774,145518.9963,143762.6754,141860.3746,139920.5644,137805.1393,135523.359,133135.8069,130524.0412,127843.8732,125122.928,122815.4868,121153.0379,119859.8443,118833.8684,117877.5278,116841.8665,115507.4034,114092.2767,112611.9292,111037.0498,109514.3487,108001.7422,106870.5415,106012.8448,105454.1673,104992.3717,104500.4171,104156.6623,103750.1548,103355.4934,102816.8929,102301.6571,101852.875,101254.8417,100602.6172,99943.3765,99389.11986,98980.79994,98456.34833,97951.6094,97412.92218,97003.59491,96662.89629,96177.90429,95657.62583,94971.96489,94393.87451,93894.0085,93782.46579,93841.38555,94027.8313,93924.87778,93396.8882,92659.02352,92200.88258,91658.44535,91052.79218,90508.6617,90375.1642,90253.7703,90104.43631,89994.06795,90364.59534,91204.95326,92510.52099,93683.84772,94503.72747,95041.27744,95640.85847,96136.31936,96828.40221,97324.38908,97731.18907,97916.63943,98289.38725,98795.91351,99448.4819,99939.96819,100262.1788,100488.8466,100880.4549,101340.557,101920.3765,102653.3219,103618.1663,104066.7952,104261.2888,104333.5236,104974.6607,106183.1218,107674.3432,109258.8042,110713.0795,112082.1795,113302.2509,114217.1931,115007.2367,115635.9082,115972.6839,116061.3706,116550.1339,117372.0042,118116.9504,118553.3551,118767.8984,119174.6991,119715.8015,120316.9023,121103.6026,121451.9542,121497.914,121321.5688,121275.3651,121766.6576,122637.4764,124079.1244,125597.7659,127226.7499,128718.5275,130174.5061,131384.0185,132145.3545,132410.0926,132871.611,133865.6805,135363.0615,136795.8487,138008.7985,139119.1343,140142.5946,141351.4785,142794.1683,144256.4034,146287.6916,148903.8178,152143.2203,154532.6967,156335.3743,157772.0715,159473.4497,161047.8665,162093.4905,162854.7199,163604.2522,164712.1755,166502.2516,168753.8938,171201.51,172823.3815,173589.5811,173629.46,173590.5859,174148.9086,175825.0881,178311.7076,181123.6723,183837.2747,187091.1907,190657.4251,194297.6926,198160.0037,202327.9032,207654.5,212576.381,216331.9915,218394.0389,220133.2937,222847.4814,225944.4429,230392.2139,235047.0694,240135.5155,244993.4201,249818.4425,254644.4883,257554.7389,258434.5076,257293.8937,256315.9889,255601.5751,254838.9388,255623.8877,257364.9478,259803.2842,260036.9911
131380.3945,131727.8103,132275.7385,133293.0207,134434.9831,135466.1074,136313.9282,136886.8026,137507.1583,138530.1547,139872.706,141057.5624,141745.0107,142046.4557,142474.0293,143177.942,144339.0735,145538.9101,146678.5067,147739.9026,148841.7658,150080.2266,151358.2163,152327.38,153069.0697,153643.9256,154659.3544,155822.6434,157179.3435,158375.6235,159512.6509,160676.9485,161813.2285,163141.0103,164285.3755,165460.4781,166463.8638,167530.4037,168500.7227,169439.3144,170491.4341,171747.9706,173101.6746,174367.6614,175562.8648,176807.6476,178466.3466,180346.0996,182203.7127,183835.7693,185361.2476,187215.8123,189335.6098,191581.1686,193925.3559,196706.1514,199482.1313,202351.5843,204633.3186,207095.3903,209729.0689,212917.9581,216523.4023,221095.2713,226451.9875,233208.8701,240596.0386,247430.5724,253345.2272,258332.2424,264035.4424,270083.5605,275542.7397,281158.4643,286651.8946,293212.068,298841.894,303530.8803,306351.1576,307670.038,307756.0427,308215.3202,308094.1373,307854.5947,306014.8598,305071.2877,303558.4393,302539.5928,300854.0558,298687.5503,295689.7401,292143.376,288843.3687,285139.5236,281468.7023,277503.238,274522.3254,270259.0344,265732.3802,260206.2634,254811.308,249408.5463,244075.5305,238978.1958,234603.5921,230368.9146,225783.5268,220151.4596,213071.6252,206034.3285,200987.2317,197896.524,196453.2656,193721.3019,191512.7438,188668.3601,185999.9414,183162.9475,181967.2802,181859.3031,180799.0984,179460.6181,178143.0752,177550.9091,176573.7567,175490.846,174571.2514,173358.3776,172053.2419,171893.6558,171342.4343,170339.7969,168324.1044,166417.7173,164384.6095,162405.6907,160700.8921,159535.6698,158586.4521,158272.9421,158341.3272,158358.7863,158465.0018,158786.035,159825.491,160526.6599,160590.0617,160035.2442,159565.6086,159809.7839,160588.5745,161675.0021,163124.0228,164870.344,166966.2026,169172.0199,171204.4703,173166.5713,174803.4268,176657.4357,178514.8805,180647.7023,182578.9593,185186.4709,188160.2643,191257.1173,193166.2591,194516.0302,196042.99,198221.4344,200384.9849,202283.2307,203817.5273,205106.3586,206180.4278,207108.6483,207543.2435,207356.3418,207313.8149,208188.8582,210338.7508,213072.7777,215466.3458,217626.1483,219296.3105,220994.298,222418.2084,224157.0833,226153.0442,228022.9477,229352.625,230183.5471,231546.752,233562.9686,235604.1416,237534.0788,239348.5888,241351.1809,242708.2899,243912.161,245361.5408,246774.1641,247881.6097,248819.2158,250294.8635,252070.4618,253645.1516,255054.6476,256274.3463,257977.1042,259760.3639,261792.7642,263537.5889,265007.737,265649.7997,266211.0098,267075.5351,268615.9373,270415.1913,272307.2377,274079.2574,275452.4431,276585.8763,277667.5182,278982.1853,280115.2597,281133.7392,282120.6889,283102.6211,284629.6609,286169.1565,287552.7454,288684.6387,289771.279,291007.6116,292138.85,292958.9031,293998.4897,295554.7823,298177.5687,301679.8358,305029.1757,307812.9755,309740.4573,310753.5914,311412.7622,312129.0577,314134.8865,317068.3817,320550.6461,324523.6673,328416.4095,332894.3332,337190.2816,341405.0015,344952.0163,348600.0987,353163.0347,356505.6379,358500.2332,358567.2504,359780.887,362646.4229,367218.6895,374644.0767,383412.598,392682.7027,400011.6427,405061.0325,408954.2866,410917.8287,411676.5398,410939.1858,410351.3511,409781.1702,409189.5616,408773.7393,408897.2315,409900.5307,411114.8633
60190.7228,60312.88839,60433.88375,60747.98769,61179.74298,61651.51218,62072.03304,62684.42066,63303.13021,63829.17802,64044.23197,64289.61412,64664.97109,65105.92864,65589.24085,66109.37753,66606.93702,66963.62618,67278.00472,67733.76726,68258.79189,68873.95742,69347.90765,69864.5211,70270.93005,70760.46231,71232.08227,71870.73437,72426.6458,72990.20384,73373.71909,73761.07433,74098.16174,74393.71738,74651.41459,74992.64604,75433.26988,76011.58044,76571.5369,77227.74581,77715.33688,78199.60372,78471.2252,78994.80096,79724.00369,80760.15242,81608.57672,82726.55409,83271.89352,84135.70612,84818.84846,86132.06486,87278.03838,88369.61788,89485.97792,91007.00575,92603.52183,94288.90367,95849.71404,97345.40995,98827.86461,100174.769,101559.2384,103019.4607,104746.6358,106714.7817,108725.2151,111123.926,113551.3314,116096.2654,118057.0047,119786.6653,121312.2938,122612.9104,123780.3756,124703.6991,125371.3431,125734.4216,125914.2052,126203.5936,126409.6706,126685.1339,126728.6913,126620.3177,126363.9768,126309.9946,126249.1318,125915.2039,124974.9311,123780.072,123058.8704,122027.307,120902.4861,119175.3046,117692.0981,116104.7477,114430.6277,112792.8394,111231.3825,109571.5213,107820.9616,106276.8878,104759.9904,102916.2883,100978.8548,99070.77815,97742.10045,96509.30722,95365.2189,94383.4237,93399.98396,92391.09173,91292.08221,90195.93803,89049.08415,87828.28294,86635.2769,85744.69869,85140.08611,84700.84318,84546.94309,84435.81501,84401.01574,84124.5803,83821.37232,83568.84267,83359.89817,83059.14014,82534.74456,82389.1279,82545.86554,82725.36108,82560.17022,82208.20637,81866.83282,81484.95229,81135.80505,80940.71558,80736.54074,80505.71906,80283.15884,79995.33592,79737.46676,79528.0968,79515.90814,79485.54131,79347.52626,78928.09067,78354.04177,78035.55368,77780.37457,77350.63771,76445.41634,75833.42848,75855.13803,76405.15653,77133.2817,77494.86738,77838.22084,77793.2624,77685.72015,77379.40416,77012.13271,76908.88348,76641.16619,76388.6483,76139.05662,76406.79012,77020.17931,77784.82471,78545.34875,79502.60626,80248.32821,80873.52973,81050.08513,81235.35551,81410.87436,81284.92174,81361.57316,81324.52026,81740.32149,82075.21583,82597.34611,83175.30648,83980.36716,84773.38392,85587.51742,86146.8168,86814.38403,87407.69942,88002.83213,88294.907,88869.01524,89511.03656,90367.65801,91190.45138,92327.75669,93417.90129,94189.79409,94959.49786,95655.20371,96548.86422,97264.47752,97866.27121,98455.36894,98589.13654,98660.33435,98646.13391,98735.6729,98900.33515,99549.28529,100624.4541,102190.7059,103847.507,105261.8936,106394.0894,107385.1436,108526.1695,109868.1594,110864.4123,112002.8763,112958.3981,114312.6384,115605.0098,117100.3118,117857.2915,118108.8514,117907.3803,117565.9506,117735.1756,117890.7693,118977.2438,120071.6836,121617.3086,122789.2971,123792.2369,124750.0079,125438.3183,125977.3361,126500.8966,126856.239,127766.3632,128658.2768,129620.2483,129828.4694,129914.2287,130583.8651,132205.8256,134534.6344,137177.0544,139676.2409,141965.5781,143909.5121,145870.3675,147713.1691,149570.7388,151639.1673,154749.9278,158396.1921,161945.3278,164298.3183,166225.8222,167988.9163,170015.2235,173556.9342,178171.1241,183077.155,186905.8091,189644.8027,192534.638,194944.7488,196942.5587,197673.6216,197839.2045,197640.7381,196981.9191,195990.196,195330.1538,195928.5005,197304.9781
239389.5144,239652.6992,240757.5189,242357.1741,244133.9846,245294.5456,246526.9195,248125.0897,250177.2652,252732.1683,255224.8266,256604.0792,257621.9478,258371.2477,261031.4818,264694.4522,269941.4755,276226.5492,282142.6216,288121.1447,293779.1243,300164.2884,305507.6439,310498.6293,314510.2974,318860.5818,321611.5809,324841.3989,328382.8239,332510.107,337382.0047,342410.4895,348087.0503,353982.8605,360368.2958,366691.9479,372409.4649,377878.8005,384859.2645,392183.9209,399245.7386,405704.0675,411709.3417,418118.5665,423699.4493,429560.861,434724.2646,440392.8597,445818.3608,451136.7843,455215.1612,460428.2002,467887.8346,478180.1671,488258.0391,498500.9209,508485.4477,519404.0915,528806.2859,537020.531,543262.512,550098.9159,559719.2006,571605.3115,586051.3364,599203.0444,612569.7588,624059.9315,633208.3065,641865.4451,650457.1405,662025.8153,672651.5427,682471.096,688700.5368,694817.2534,699305.2683,704545.2121,709182.9374,712600.9779,717569.8944,722103.2126,726227.6951,726777.9965,725095.6731,723166.9338,719898.7191,715101.5757,709343.2618,703422.3342,695108.0218,686057.0261,676016.0393,668576.9806,659901.094,649132.3887,637391.1394,625970.1032,613622.83,601077.2037,586010.6203,573089.4786,558866.8423,547185.5334,534463.1362,518869.5614,503700.4457,491025.3754,482235.6819,475034.9183,469095.5673,464954.3704,459034.3155,453505.6131,450144.4306,447947.1777,445581.9532,443147.2246,441183.5306,439747.5801,438546.3495,439459.2187,441324.1429,442768.1967,443764.6787,443200.3192,443773.8178,442503.0708,441236.4674,437247.8183,434836.1256,432884.2757,431445.6826,428852.7304,425787.5214,422689.4847,420109.6649,417831.6019,416352.7986,416270.3119,417336.4199,417836.5336,416472.226,412530.9839,409308.7958,408464.33,410317.1199,412068.5026,413297.9784,414451.1966,416293.1973,418580.0606,420775.9089,422669.5963,425528.0199,430122.6602,437084.2723,443815.8658,449658.4603,454673.42,460472.9162,466315.3271,470395.3975,473672.3922,477324.0162,481428.8077,485112.2922,488936.9727,493456.9552,498021.6906,501637.7336,504112.3543,506216.3944,506884.9303,507903.8559,509193.7813,511662.3876,513405.0514,515800.3904,519129.5887,524518.2954,528711.287,530980.5319,530524.7404,530222.7156,529301.0128,529046.8304,529320.8127,531813.8825,535583.4127,537566.849,538210.1399,538209.5209,539910.2937,542639.2875,545710.0134,548703.0937,551605.626,554393.4894,555543.7133,556171.4857,558461.5463,561005.8609,562312.8819,562581.9701,564736.1234,568918.8365,573248.3363,576987.5221,581102.6607,583525.6271,586308.291,588841.5417,592358.6462,596408.4355,602895.5958,608443.2325,610575.6005,609801.4384,609619.4522,612250.8817,614627.1943,617988.496,621104.0657,623291.5488,625773.7378,630160.6701,637307.6876,642568.7044,644613.475,645158.0443,646276.1166,647421.5731,648046.8256,647659.415,647987.7716,648614.653,651882.5821,656856.598,663405.5042,671023.1558,678896.6476,686878.8631,692812.5687,694964.4057,694402.3947,694173.5942,697995.8476,705828.983,716218.6919,729697.4648,744575.7145,761193.9231,777832.1818,794237.4785,809517.4052,825331.9403,842574.6353,861964.7926,879795.1429,896484.737,913236.8733,933013.7131,956728.6438,985712.4516,1016076.723,1050985.085,1086977.043,1123108.287,1152917.943,1172052.653,1179757.505,1173872.562,1164770.904,1156954.593,1151838.789,1146978.507,1147087.305,1153976.486,1165630.028
128323.7316,128761.7116,129225.6676,130233.7726,131102.557,131677.0486,131811.2325,131885.5635,132148.5145,132809.7624,133571.6123,134320.711,134986.7243,135623.2845,136165.6936,136631.0356,137262.0393,138025.375,138905.7333,139692.428,140641.2262,141548.9539,142411.3306,143018.9131,143706.5208,143996.9796,144135.9135,144100.4586,144459.6473,145275.0613,146118.5891,146956.293,147661.7784,148497.4846,149212.659,149877.6347,150472.769,151261.0362,152108.4079,152851.6904,153809.5254,154777.3717,155832.8061,156714.5007,157668.7439,158586.3994,159456.3001,160268.3918,161098.3674,162114.4954,163441.6503,164911.5881,166484.5064,167807.8928,169303.2718,171031.3188,173034.489,175382.5344,177724.9889,180210.0729,182498.0163,184968.8393,187563.227,190723.2737,193922.5819,197544.8367,201561.7238,206432.6805,211915.8764,217667.5369,223227.774,228659.9861,233324.028,237316.5093,240124.6922,242666.1141,244074.1054,246498.2916,248431.2099,250588.7182,251354.0655,251917.8862,251800.277,251607.4972,251400.7341,252064.027,251803.7844,250647.7495,248903.4297,247171.7388,245650.6569,243640.1155,240980.7331,238094.0563,234809.0198,231826.8556,228376.3383,225273.8322,222920.2813,221031.8705,219474.6929,217029.318,214228.8355,211014.0267,207691.3192,204916.7863,202447.6753,200985.1933,199543.7927,198417.6459,196380.9415,193699.7538,190075.1722,187061.0235,185116.7714,184259.7462,183464.4911,182599.4013,182363.703,182014.1849,181556.7704,180376.0282,179732.2962,179134.1153,178723.6937,177898.4163,176414.1267,174538.0904,172528.9841,170918.9958,169147.4549,167455.8548,165708.1026,164489.4833,163411.8162,162653.4271,161576.4111,160247.1767,158770.1261,157260.7729,156227.2178,155159.9241,154217.0939,152720.8735,151188.9655,149936.3743,149517.9443,149895.6153,150369.858,150726.8816,150544.702,149952.301,149198.183,148391.5552,147815.3648,147364.1833,147351.1524,147632.5929,148065.1706,148292.112,148506.7176,149049.4905,149711.7408,150423.3503,150944.3051,151408.6602,151599.3141,151563.2011,151813.6072,152403.6672,153280.4865,153742.1415,153992.5568,154239.0781,154686.0478,155094.4892,155441.0033,155472.5623,155724.7379,155802.3541,156234.8993,156510.2692,157093.9392,157897.2755,159169.085,160556.312,161835.0782,162751.4786,163534.0007,164389.6016,165518.9888,166548.5365,167991.0442,169456.9255,170919.3406,172182.4431,173691.1194,175164.7005,176218.7323,176935.0573,177816.177,178855.1334,179840.9177,180912.2185,182179.1514,183433.2807,184696.1272,185977.4897,187240.8937,188622.0707,189946.8501,191362.4431,192705.8994,193994.8718,195166.3778,196263.0956,197692.7544,199492.0427,201591.1643,203257.2972,204310.4567,204862.8421,205837.4846,207089.7773,208598.9874,209733.3792,211027.952,212332.7398,213255.9032,213572.6068,213458.2673,213612.029,213980.3979,214486.265,214791.6312,215339.0985,216148.0427,217622.3418,219581.3325,221704.3513,223393.53,224686.8658,225663.8404,226522.0103,226934.77,227376.1401,228367.1674,230563.5684,233741.6343,237472.5124,241522.6695,245977.2676,250391.0905,254640.9425,258393.343,262506.8347,267391.9589,273297.6793,278797.6342,283177.3833,286516.9652,290127.5968,294391.3192,298693.9008,304306.8934,311101.8472,319360.407,327643.7219,335046.5861,341050.2376,344548.6231,345760.6323,345141.0117,344286.7002,343233.5176,341528.2403,339266.6331,337870.411,337784.4122,338131.3285
130487.5145,130839.7877,130662.5492,131233.1192,131367.1229,131354.896,130845.956,130916.8564,132076.9856,133114.2252,134027.5181,134620.0226,135060.1607,135150.1362,135472.9781,136177.4469,138432.5267,140953.2321,144038.9636,145992.8493,147441.8962,148626.9839,149545.6597,150501.7211,151302.4379,152225.5443,153251.3777,154579.7428,156034.758,157632.6436,158857.445,160032.8776,161086.0438,162191.3329,163575.2708,165289.724,167174.6876,169344.5932,171664.9733,174160.8279,176150.9071,177538.1074,178827.2707,180774.54,183474.6925,186471.1973,189122.5425,190952.4621,192669.2318,194603.1815,197637.6933,200765.8632,203768.1448,206103.5017,208699.8179,211573.9068,214233.1362,216541.7925,219462.6923,222786.168,226818.9969,230201.7826,235068.7624,240696.6708,246962.9555,253379.8972,259437.7711,265890.0146,271825.4879,277166.8877,283321.7083,290225.9355,297584.5848,302251.7179,305008.5145,308940.9939,314107.2428,318611.7795,319132.8545,317787.4212,314714.0504,311639.9906,307956.5375,305433.4684,302997.5996,301192.9766,298363.4076,294563.1286,290063.2283,286648.5231,283535.9748,279132.9469,273019.4234,266631.9452,261015.0094,255954.8109,251240.8322,246991.2515,243695.2253,239447.9579,235768.1433,231032.0153,227444.8917,222703.6588,218272.5962,212844.2069,209005.2301,205399.0085,203142.1785,200224.9796,196779.5439,192318.5812,187400.5579,182836.3129,179171.3501,176015.335,173958.6731,172969.8374,172160.8849,170960.3651,169514.7121,168990.9073,168901.5556,168928.5806,168475.9018,167833.9687,166707.2594,165664.6899,164470.1884,162935.4047,160339.6958,158135.5218,156442.4636,155132.5701,153175.6574,151287.0292,150076.6642,149096.3827,148690.3607,148608.1263,149575.2097,150481.914,151760.7771,152361.5248,153425.5391,154449.5311,155699.8898,157007.3537,158097.4668,159392.4341,160533.0272,161801.3385,162798.2812,163658.3208,164405.3949,165463.5625,166774.139,168380.9729,170422.917,172952.872,176011.4289,178923.6202,181776.2697,184512.9782,187259.9694,190176.9471,191840.526,192430.2388,191910.4889,191853.36,192393.8575,192925.0763,193663.0824,194754.7685,196621.1536,198538.0294,200017.7467,201013.5616,202304.8174,203970.4986,205313.1093,206221.0392,206931.3717,208059.1361,209350.8341,210991.1342,213327.6856,216210.0412,219063.5581,222090.4216,225315.5494,228441.5246,230713.3239,232309.9812,233360.5608,234397.4809,234997.7679,235888.1142,236782.3646,238002.1779,239297.2714,240902.3587,242313.2254,243792.0596,244841.0382,245895.637,247065.0808,248460.589,249822.3297,250943.1174,251810.4197,252679.5087,253369.5352,254450.446,255812.5928,257308.6616,258551.3192,259792.3511,261377.5666,263016.9798,264533.9566,265815.047,267267.2598,268731.8905,270245.6651,271774.5142,273351.8065,275609.2736,277879.3286,280328.9383,281732.9096,282264.4869,281993.4234,281894.7589,282211.3144,282822.0475,283406.6505,284042.97,285046.1399,286226.0753,287845.7403,289511.4259,291052.3646,291928.5674,292002.5811,292142.443,293131.0045,295302.9668,298357.8771,302047.4709,306288.5482,310615.0132,314719.0176,318903.9677,323379.1707,328195.5821,333804.8998,340648.5554,348187.5526,356005.5497,363455.7122,370991.6612,378664.1609,386102.5118,394635.304,403954.5194,415535.3792,427886.142,439728.6655,449351.0241,455304.0305,457326.636,455481.9099,451602.046,447065.306,442336.183,437783.8776,434481.8632,433041.6378,432939.0193
109040.602,109337.7574,109500.4092,110049.4697,110443.8595,110980.2986,111460.0145,112183.3396,112949.8539,113524.2015,114012.9035,114443.5074,115213.3514,116217.9913,117259.3035,118069.6599,118670.4833,119146.6867,120133.4167,121127.5902,122452.4326,123562.7518,124518.4956,124855.1971,124883.0937,125153.2656,125636.1821,126493.3358,127209.5463,128006.7374,128281.833,128509.9557,128912.0572,129321.1208,129902.5574,130592.6395,131585.137,132456.6034,133247.249,133898.1244,134815.2218,135290.0688,136386.7947,137589.3765,139662.9318,141232.0924,142710.5969,144121.476,145772.3078,147462.9652,149051.8413,150943.0923,153569.6438,157180.847,161099.6782,164353.4959,166232.9664,167409.5394,168029.6366,168616.1869,169020.9808,169705.6048,171341.0867,174252.8766,177555.8214,181013.3523,184491.4994,188954.4399,192605.837,195799.3456,197795.6546,199891.7452,202459.6506,205000.0706,208061.641,209262.5028,211089.0891,212811.422,215891.026,218627.7519,220926.8203,222648.812,223203.6903,223704.2116,223432.814,223721.2101,224764.3616,226790.2444,228291.3086,228310.649,227364.2631,226386.8969,224938.1674,221282.4187,218060.4548,216224.5755,215564.4881,214259.3282,211893.5687,210611.3465,209124.5932,207338.5218,204801.5044,202276.1729,199703.1285,197676.9074,195640.4868,193249.5131,190341.2486,187935.0104,185815.2894,183893.7548,181726.6217,179673.3994,177624.5517,176088.9957,175297.2416,174870.5488,174492.6461,174099.3787,174647.6121,175568.9296,175714.9481,174740.3565,172517.5986,170659.1976,168863.9047,167590.9803,166170.6784,164625.7448,162784.6781,161420.6262,160313.6178,159478.3454,158029.8911,156996.2835,155606.1505,154185.3808,152312.967,150999.5414,150395.7046,150774.0588,151448.1903,151177.8427,150426.0461,149579.0037,149406.4104,149053.1052,148455.1074,147891.5804,147199.9562,146390.2544,145932.4779,145903.2432,146549.4212,147435.058,148807.3266,150302.0892,151746.6711,152699.4101,153661.0326,154709.0565,156004.7621,157030.4015,157903.7672,158445.2276,158977.0391,159684.9697,160737.7934,162355.7074,163913.7572,165620.3654,166945.7612,167878.9843,168137.6341,168084.257,168270.5986,168655.0084,169401.7812,170336.7,171434.5345,172433.6986,173245.4166,173962.026,175112.9232,176234.6536,177497.1677,177998.0763,178807.6849,179647.1031,180806.1806,181726.5076,182634.1316,183456.9829,184356.6131,185302.2848,186625.288,187935.5658,189227.6304,190280.8928,191298.7397,192031.0264,192612.1503,193255.7781,194272.8397,195625.3348,197292.414,198953.2756,200432.164,201778.9872,202749.5817,203457.7444,203973.6192,204780.6952,205998.1245,207154.3641,208222.7541,209093.4637,210259.7547,211420.398,212769.2937,213760.5925,215121.5361,216334.8963,217749.9738,218508.3168,219314.3747,220066.4077,220561.966,220678.781,220698.575,221265.4747,222186.7196,223288.6754,224357.7301,225352.9956,226088.5743,226677.6326,227475.6435,228664.2526,230274.6038,232105.5041,233994.5673,235711.833,236976.8621,237920.1724,239067.561,240588.3704,242872.8845,245426.0091,248239.0114,250935.5703,253830.2325,256912.9246,259970.0914,263181.2942,266834.9834,271319.2259,276044.3707,280203.0696,283663.7962,286746.9777,290436.7257,294261.3747,299022.2986,304093.4173,309592.0086,314887.6463,319639.3728,324164.6991,327389.0122,328934.7895,328698.83,328003.4138,327145.613,326233.0537,325149.4103,325444.1259,327241.3677,329538.2054
55061.29473,55225.31072,55537.01239,56095.0699,56603.84913,56835.96949,56794.51035,56942.13343,57151.81525,57433.02027,57530.41995,57756.8959,57940.63942,58191.48809,58147.35186,58232.86932,57879.07244,57597.33393,57202.68877,56949.03222,56714.21422,56594.96591,56625.86111,56425.98636,55830.4046,55353.52076,55002.89356,55041.16345,55220.45984,55604.75898,56183.95847,56645.71172,57354.13254,57745.46147,58121.66639,58904.31385,60003.80956,61027.99159,61821.48843,62531.16343,63435.11556,63709.90634,63726.47299,63755.06742,64070.33292,64664.34017,65341.95337,66018.57987,66613.96994,67100.64772,67341.36472,67577.88039,67426.13826,67669.56898,68052.63378,68929.92117,69802.61766,70672.60955,71213.32452,71378.03567,71593.43221,71972.15366,73275.58148,74488.53433,76417.40481,78008.39845,80202.39791,82149.92728,84282.47778,86038.56781,87883.13889,89467.57369,90539.43504,91193.51646,92300.55072,94963.48508,97934.0934,101010.101,102948.5663,104390.0031,104705.6343,104476.8612,103936.4378,103739.2295,104486.3545,105825.7089,107115.1017,107558.7729,107482.1102,106777.5731,105703.4084,104795.7274,104246.4711,103673.368,102509.074,101462.4016,100902.1438,100623.6742,100196.986,99671.13369,98883.31564,97318.66427,95181.23449,93169.99785,91743.925,90990.69294,90059.79169,88626.10821,86667.26728,84319.9379,82135.4869,80005.12342,78348.89968,76561.48656,75054.22424,73545.24195,72731.42851,71907.35733,71384.77141,70775.41482,70578.29731,70679.23558,71136.81852,71532.63707,71652.00424,71367.82028,70726.55557,69825.63188,68744.90933,67846.53992,67485.70478,67016.29283,65810.31476,63966.08879,61976.82692,60031.9886,58381.62577,57233.76913,56564.69454,56106.52082,55755.02319,55409.46566,55172.68275,54872.95846,54951.1004,55308.01053,55828.32714,56103.75044,56096.39289,56143.61993,56145.55426,55808.6022,55331.91047,55297.71766,56033.39231,57251.71422,58520.7948,59531.0226,60268.64058,60734.88042,61037.48321,61481.59892,61983.79034,62621.58097,62911.52505,63015.52268,62976.14712,63100.36188,63541.40179,64181.60611,64630.38403,64737.06363,64937.53033,65494.08857,66214.01636,66530.00684,66423.8042,65969.06826,65934.12763,66428.09261,67290.28784,67963.62692,68294.70672,68676.37108,69166.46364,69828.8884,70485.62632,70948.29588,71209.91578,71843.07229,72563.43702,73645.68007,74631.72636,75837.50581,76856.64705,77707.34393,78329.32843,79089.18292,79993.68299,81062.01641,82065.31781,83054.3396,83724.69601,84395.1819,84660.34619,85063.90943,85335.86668,86114.88727,86976.85176,88110.14464,89315.88373,90932.63601,92434.85181,93507.2126,93744.46112,93824.52931,93783.80341,94227.05402,94924.80141,96091.67683,97432.93165,98858.4157,100393.0902,101718.7644,103187.6404,104522.6695,106077.0642,107524.1943,108605.932,109205.2742,109514.2847,110071.557,111096.8976,112469.5258,114073.4939,115722.1351,117099.5021,118543.0964,119842.082,121058.4543,121984.3877,123043.4566,124211.8593,125417.7766,126307.7171,127348.2928,128755.5603,130863.9852,133550.2218,136449.1369,139190.2035,141426.6609,143690.7944,146310.9818,149582.3336,152521.664,155197.9133,157993.046,160142.0495,161661.4249,162431.7598,164080.5402,166602.0094,169387.9738,173696.1713,179525.0781,186634.3998,192894.3712,197690.7111,201671.4027,204830.9455,206890.4508,207795.9498,208429.8908,208906.6805,208408.384,207340.7335,206008.0156,205408.9679,204540.4546
72053.74998,72591.95827,72636.98678,73149.61749,73474.86058,74340.11435,75571.47673,77070.02459,78486.88635,79149.32424,79032.12853,78560.26406,78054.12657,77840.06245,77559.24289,77013.68597,77035.12136,77038.25089,77180.90188,76958.04581,76717.51989,76516.81892,76571.22113,77035.90952,77796.43271,78550.17953,79651.41458,81054.86532,82023.75752,82425.45265,82723.81347,83163.29374,83742.2088,84098.43243,84593.86659,85401.30947,86530.4087,87584.62328,88225.6605,88724.21184,89372.31025,90460.78544,91583.44448,92584.72896,93321.80768,93748.41197,93949.81261,94281.31919,94532.6336,95033.98261,95387.45961,96099.50111,96857.80226,97339.80674,98035.8666,98499.50885,99294.19652,100217.8129,101689.7492,103703.497,105521.4341,107307.5436,108980.3472,110924.6373,112320.2568,113811.7377,115475.9204,117955.0215,120694.9585,123482.9363,126089.883,128223.7478,130898.2945,134363.5383,138140.2486,142145.0079,146148.6807,150404.3599,154295.0567,157247.4038,159322.0975,160445.3052,161413.1529,162956.4326,163766.73,163860.4363,162688.8071,161308.2564,160113.6936,158961.1168,157882.7016,155728.9095,152639.7978,150308.3977,148211.2023,146489.3629,143670.3975,140649.2177,138795.1417,137849.4642,139116.5787,140326.9354,141548.4304,140891.0448,140052.572,139877.1084,140080.5023,139675.0061,139417.6666,139195.5765,139422.6114,138468.1145,136704.017,135272.7663,134048.1145,134089.1518,133359.4038,132485.8626,131035.5937,129747.7133,128553.4504,127969.2636,126874.6155,125288.3635,123665.9726,122196.7325,120815.5001,119063.3485,118306.8789,116833.3459,114505.1168,110584.9624,106338.5071,102553.774,100540.2168,99597.399,98076.34668,96484.7499,96173.73479,96901.30147,96983.44425,96525.74565,95254.50042,93424.15132,91887.18623,91971.23058,92901.90153,93985.05963,94909.97746,96280.91817,97130.50497,98103.38345,98764.32144,99453.02958,100068.7719,101392.6784,103086.7199,104956.5407,106454.2902,107641.7523,108718.9646,109870.8521,111365.0002,113277.3933,115503.1032,117999.9125,119892.0919,121564.5637,122436.1575,123186.1627,123021.0078,122889.5258,122885.998,123433.2861,124098.649,125113.8219,126150.1078,126720.5388,126975.0907,127565.7996,128148.5445,128627.2907,127834.6025,127191.5641,126556.8696,126205.9716,126120.9067,126557.6981,128182.8714,129648.8298,130336.563,130271.3191,130135.4146,130086.8666,129665.2993,129720.5633,129921.9137,130403.1076,130144.9169,129990.0346,130280.7613,131963.4823,134488.1621,137185.5176,139081.8168,140202.5595,140886.6273,141872.2713,142846.8707,143688.8769,144332.4524,144969.76,146177.2782,147694.7854,149693.912,151605.307,153479.1752,154955.77,156503.6632,157807.7247,158905.9856,159586.6892,160294.9687,161151.7451,161816.337,162343.9396,163563.9778,165629.9721,167864.9508,169673.8233,171241.5839,172588.5008,174039.5729,175274.0172,176624.4401,177956.5588,179284.2855,180734.382,182934.9922,186063.4876,189600.8502,192030.7299,193350.5507,193814.1713,193961.5895,194166.2848,195034.6229,197050.0451,199855.4517,202387.7183,204512.9792,206652.2929,208574.4798,210365.5042,211588.0907,213681.9619,216500.6903,221035.1763,225967.3793,230689.1682,234260.293,237311.2542,240810.4872,244031.1229,248082.8655,252169.9226,257281.7911,263026.0431,268558.2088,274022.7628,277532.3948,279755.4114,279694.2466,278694.0306,276548.0616,273764.9828,273107.3052,273707.0254,275751.8204,276258.458
42430.25642,42473.51948,42586.96092,42920.58578,43272.05424,43713.23578,44138.37349,44716.35697,45188.03883,45575.66182,45605.78824,45588.37672,45505.99368,45498.47995,45277.42184,45005.18638,44935.04298,45111.00804,45358.92196,45679.94249,46088.82978,46561.5409,46979.90137,47470.68943,47892.45468,48351.83924,49022.96915,49564.54384,49950.70432,49961.63928,50148.47378,50551.90592,51038.65528,51564.2175,51998.59221,52565.73951,53300.13325,53974.5744,54540.50816,55258.43379,56232.4395,57126.89734,57928.74358,58583.09523,59486.0687,60394.53305,61155.62527,61687.88344,61996.57514,62688.52126,63990.39136,65810.09807,67789.6316,69513.01934,71234.27115,72995.19044,74964.00335,76653.97287,78419.33198,80125.50849,81976.51893,83587.53658,85049.50753,86593.78325,88652.23384,91289.1522,94074.60091,96670.61725,99180.26056,101722.0166,104122.6487,106530.3796,108998.7174,111179.634,113345.3132,115579.2227,117731.6861,119441.7865,120976.8158,122605.8462,124265.7231,125246.9095,126106.4799,126787.3552,127514.6078,128092.8051,127985.4266,127651.5849,126963.5401,126737.4515,126320.1096,125813.8416,124329.0534,123142.9103,121440.4619,120072.5621,117505.5844,114668.9712,111587.5835,108398.0234,105422.0779,102538.3616,100264.1133,97803.8118,94825.81655,91331.86016,88736.04548,86633.2587,84564.10041,82094.38738,79751.7325,78408.3059,77839.95914,76908.11183,75530.14961,73980.61185,73893.73796,74030.23738,73900.75887,72572.55219,71947.03013,71097.07788,70496.6624,68916.50396,66618.31268,63775.72007,61465.35099,59691.61401,58052.03704,55385.07982,52785.6023,50568.10065,49180.31385,47860.37148,47036.85344,46822.25466,47322.16841,48232.79181,48634.22541,49051.28931,49400.69182,50268.56452,51068.08559,51790.22289,52292.29056,52543.29655,52444.45372,52442.25979,52535.29435,52880.50856,53073.6724,53261.86073,53390.37339,53710.03398,54343.94007,55058.15513,55898.02306,56962.60727,58275.88194,59611.97414,60675.69691,61584.11865,62728.0871,63896.45427,64921.79258,66119.7415,67618.96331,69047.019,70231.31647,71217.13266,72216.61901,72903.17435,73572.08955,74132.87192,74805.02709,75137.90434,75558.77938,76447.63403,77797.22346,79353.5328,80752.70297,82130.31846,83249.78528,84232.83057,84991.06132,85940.30111,86949.8906,88171.26515,89802.5619,91741.44381,93773.30372,95649.02652,97528.89442,99572.8399,101479.9934,102988.5553,104037.1042,105120.1301,105698.8605,106466.0642,107354.764,109346.4647,111819.347,114356.3012,117580.8618,121517.6401,126096.1212,130044.5647,133173.7943,136173.7475,139157.263,142243.5759,144502.6405,146679.4894,148714.3574,151170.5156,152869.2722,154363.6508,155684.3572,156742.7412,157813.1902,159217.6484,161184.4274,162827.8634,163613.0401,164799.3757,166498.1041,168967.7929,170512.3838,171431.9567,171425.4875,171422.323,171124.3028,170991.3522,171484.2463,172840.4233,174751.7921,176962.2704,179463.7759,182361.2233,184813.9469,186903.576,188303.6019,189645.6106,190414.9644,191106.332,192087.527,193549.5892,195653.5765,197948.3183,200516.6955,203235.9563,205902.2461,209076.7491,212407.5551,217799.7483,225108.8741,234723.9453,243425.3292,250160.2874,255085.0632,259111.3786,263663.2367,268363.4857,274725.7235,282686.5352,292048.6473,301322.2276,309121.741,316287.0551,322172.7783,326094.8651,327756.4618,328263.0047,329127.5351,329500.1777,329468.3492,329962.6626,331501.7967,333672.1274
69484.50507,69436.9993,69583.76033,69978.61903,70534.4591,71230.82764,71965.90853,72752.16651,73397.61273,73991.93844,74784.22941,75683.30676,76425.55063,77051.26738,77553.51373,78122.9867,78712.20028,79369.74969,80000.04105,80506.4621,81068.09942,81698.61068,82399.01814,82973.21218,83595.10477,84272.92502,84984.07972,85751.80135,86564.62069,87527.57486,88485.02349,89513.26715,90503.55997,91527.13951,92635.35011,94126.86893,95740.64619,97324.12141,98788.47433,100203.8439,101780.0113,103260.5826,104960.9436,106488.2686,108115.7136,109606.5479,111087.6883,112454.2822,113697.4348,114816.7979,116229.4053,117975.2276,120194.4977,122707.7803,125629.614,128760.4368,131808.1344,134301.5198,136348.6848,138097.4349,140550.5749,143441.3051,146699.1405,150313.2688,153435.7976,156215.2426,158691.3653,161932.423,165894.5799,169273.4361,172519.9723,175007.0642,177122.4104,179267.3172,181972.2774,185138.5672,186832.6988,187627.4606,187395.6666,187306.4545,186359.4645,184967.8152,183334.9941,181234.2985,179811.646,178535.4037,177365.4865,175902.9314,174379.1768,173255.9396,171233.1598,168535.1899,165759.4664,163326.3054,161192.3296,157873.3806,155108.3136,152321.5271,150615.4617,148149.7694,145425.2625,142637.7756,140140.4244,137693.0196,135059.2086,132351.8078,129731.3574,127554.5358,125344.5737,123127.0384,120738.0265,118390.0693,116752.7548,115257.8821,114253.3264,112949.0411,111928.3628,111130.3917,110809.077,110500.4501,110278.3197,110172.5449,110007.4565,109793.7987,109254.5986,108574.4925,107530.0087,106246.4474,104773.4826,103224.0715,101641.2243,100551.1334,99064.31676,97347.43144,95386.75538,93804.30084,92387.15226,91043.03309,89772.23357,88880.05891,88263.35958,88293.81525,88609.21571,89109.58364,89211.67487,89551.26406,90299.8744,91776.96574,93449.90094,95042.44687,96227.57584,96758.79,96934.86662,97238.49687,97841.82025,98702.47905,99270.15506,99745.68926,100420.7094,101638.8851,103306.6296,104798.2365,106014.7231,106990.8728,107888.2681,108958.363,109730.3349,110442.6478,110598.9482,110950.4635,111601.0897,112832.6673,114682.3642,116446.6398,117983.9174,118915.1862,119823.7515,121211.6719,122844.0275,124620.4781,125680.9588,126489.1331,127278.3401,128530.6028,130226.9784,131896.5257,133787.079,135835.5268,138050.8509,140697.4414,143441.6942,146416.1345,148513.2721,150347.6966,151967.0026,154108.6419,155918.9349,157383.7294,158577.1632,160118.6848,162109.155,164448.8027,166972.0077,169371.1266,170992.0589,172065.0769,172883.371,174320.3677,175962.5751,177901.7452,180176.5641,182744.9214,185228.4762,187435.4675,189659.2398,191775.1494,192880.7824,193226.0438,193569.155,194726.1205,196350.6746,197940.2114,199865.1082,201909.9677,204040.9256,205752.9338,207466.6007,209058.361,210407.7346,211300.5334,211964.7412,212772.8101,213609.8929,215037.3394,216826.9994,219006.3542,220962.0559,223039.8421,225212.4598,227466.9759,230744.3478,233945.5074,237103.4329,238792.9203,239401.47,239599.6382,240410.2115,242575.9162,245450.4391,248275.7703,251456.3156,254899.7655,259352.5112,264556.602,270458.2852,276305.1248,282279.9758,289097.9747,296765.2251,303844.3877,309525.5473,314071.2166,319334.2035,325185.7145,332988.5619,341881.7918,352239.4927,362371.9843,372365.0868,381539.905,387875.5298,390330.1052,389282.0336,386935.284,383686.2583,379867.0791,378511.8511,379078.2124,381516.847,383258.3101
246563.1497,246943.6524,248470.4075,251395.2749,255194.6724,259071.9956,263166.34,267409.6508,271594.4226,275380.4537,279267.1463,283185.0846,287544.8875,291893.1245,296529.0115,301437.2625,306538.0148,310994.458,314936.6514,318701.5252,322655.849,326592.7354,330110.7265,332967.8135,335199.6972,336899.1046,338723.4013,340769.7947,343451.5101,346351.7987,349029.8871,351179.6256,353000.9376,354769.134,357263.0066,360042.5713,362832.1217,365896.7854,369571.0665,373639.8838,376978.1582,379577.7332,382129.7796,384807.4005,387532.0418,390709.684,394195.1004,397721.4392,401527.2679,406272.0827,411728.5196,417452.2616,423617.1429,430820.3368,439496.6729,449064.437,460149.6279,470986.7482,482473.0422,493754.1059,507811.079,524953.1107,545411.7606,571680.2222,599770.3585,623159.748,640065.6157,654273.6356,668514.48,679399.4137,684924.1202,685079.4866,685886.625,688124.0541,693649.7383,696009.3748,692653.7833,690275.0442,688092.3176,682516.067,674030.2734,664562.7064,658934.7335,650987.097,643476.639,636978.5934,630175.9828,619979.1743,608378.7176,597267.0891,586525.2916,576047.2603,565373.3344,555267.5033,545099.0526,536600.2999,527841.2535,519434.4745,511898.3532,508090.4036,503127.9248,496639.9614,487323.9529,479243.8047,470885.0741,464001.8157,458983.0002,455039.5951,449412.872,441731.4804,434233.7869,428504.9697,425455.6035,422495.2003,420084.3241,415177.2401,410265.0994,404132.2564,400303.8877,398069.1433,396752.8104,395360.5637,394109.53,392617.4023,390928.0469,388827.5349,385824.0085,382099.2865,378299.9344,375806.9594,373524.9693,371115.8257,368733.2145,368811.9166,368048.7802,366877.4331,363780.6215,361784.4458,359767.9188,357700.1056,355266.4293,353752.3263,352470.1136,351971.5013,351454.761,349674.239,346407.8643,342885.703,340942.0592,340852.165,342498.3311,344842.3555,346399.5292,347271.4739,348783.0956,352306.2837,356269.2718,359184.4021,361327.5788,363672.8952,367026.8695,370663.0486,373483.8106,376321.3921,379403.7547,383502.373,387201.2989,391186.7709,394926.8885,398613.9023,401182.8754,403188.2617,405989.2154,409179.7236,412396.8358,415165.7278,417502.1179,420665.4784,424549.7797,429757.5796,435221.4385,439964.3987,443552.7928,446049.7405,448830.4121,452120.6629,456865.5094,462673.9295,469355.3836,475720.8111,481205.9546,486242.598,491143.6665,495461.3338,499199.0028,501913.2098,503665.4088,504069.0318,504305.3806,505023.935,506279.8543,507958.8892,508775.5085,508853.5228,507892.6065,506844.124,506371.5967,506338.1856,505724.6691,505015.0702,504646.4448,506411.8097,508531.797,510571.8231,510425.3259,510074.0572,508515.1042,507064.6754,505933.5662,505979.3642,507869.6603,509663.1754,512150.8609,513577.0092,514665.0139,515069.1249,516728.2524,519119.3577,521488.772,522370.1585,522236.362,521309.6732,519768.4855,518866.0171,517779.3401,517302.9473,516905.5873,517673.3802,519959.7708,523168.1627,525845.7812,528570.3381,529998.9094,531131.1678,530039.4261,528347.5859,527962.2788,530399.6635,535840.4833,542796.1451,551921.1302,562923.4012,573888.7638,583365.823,591734.0837,602075.8106,615961.0446,633912.3916,654530.0207,676028.8721,696967.6775,717976.1693,738426.9207,757315.7608,778106.4071,802601.1243,832544.935,863623.6243,890522.4087,911804.5109,921068.2857,920397.0075,910832.4181,903199.6264,899184.487,895698.8772,891844.2913,886982.3464,885722.7866,882896.7892
167848.665,168497.3288,169060.9002,170303.6099,171515.0049,172673.5977,173968.3651,175041.0095,176458.5847,177828.4118,179553.6723,181034.5969,182647.0318,184010.9501,185142.2694,185932.3079,186805.9203,188353.3201,190628.7874,193533.3238,196447.4828,199070.474,201063.2874,202590.881,203928.7066,205498.3069,207649.588,210805.4024,214361.6037,218358.1124,222481.4504,226720.1552,230748.2503,234478.451,238428.6553,242564.9807,246611.6594,250581.3915,254658.8349,259144.5639,263037.6428,266505.536,268854.8451,271635.566,274690.8791,278172.9772,281610.3091,284990.9091,288880.3961,292816.6682,297621.0855,301723.7355,306673.1147,310583.279,315148.2391,319796.0547,324610.0156,329921.7344,335099.8079,341533.8263,348283.3166,355385.3754,361733.9261,368441.9681,377320.8978,389149.547,401185.9949,411827.7061,421416.0358,429756.957,436367.884,441938.1291,448266.6251,454750.6433,462720.8278,470281.9816,477792.5803,482371.4401,486392.9857,489388.4134,492042.0776,494472.4775,497523.5467,501732.1119,504410.3559,506926.0861,506340.5575,505222.4051,502918.3233,500750.6814,498346.4212,494911.8769,489811.8265,484360.4827,477642.7006,471313.3169,460553.9214,448101.5121,434188.1771,423362.9957,414467.6125,406705.8692,398734.2632,388965.5389,378040.2903,366874.1615,356411.1265,347120.6708,336826.4794,328288.7233,319772.631,313736.8473,308070.188,304245.0217,299931.6735,295490.9529,290644.9585,288005.3859,287068.0598,286492.991,286300.4591,285963.8989,286681.2895,286703.3455,286156.8134,284405.6451,282588.4623,281485.0684,281037.115,280453.7536,279503.9366,279029.535,277738.6281,277030.548,276184.2174,276908.2179,278350.3712,278967.0612,278550.7773,277195.6345,276858.8097,276997.1762,276610.7992,275309.1277,274730.6957,274877.1335,275900.5238,277179.9447,278520.3594,281401.2121,285786.0799,290659.9202,295058.8363,298709.1089,303482.2532,308388.3463,311826.5607,313524.707,315252.646,319181.4919,324774.2102,331288.5304,337786.8223,344054.2877,349164.4053,353189.1517,356976.7663,361222.9273,364714.328,366905.6225,368097.1782,369678.4637,370533.8776,371357.702,373091.9266,376034.6299,379224.9551,382130.4627,385912.2926,390448.1492,394173.1846,397376.8508,399552.3366,402820.8784,406424.5432,410522.1394,414296.2057,418373.1766,423116.1669,428044.6123,433037.4751,437621.0291,441459.7825,444345.7709,446517.3476,448925.0089,451034.1114,452739.4072,454239.6227,455314.1466,456532.3308,458154.9054,459815.5013,460388.0527,459957.506,460112.1502,461221.0452,462493.6538,462896.5288,463796.3258,464562.5505,466354.9558,468127.5412,469850.8077,471138.3468,472186.4731,474096.7657,475718.6389,477793.9137,480360.5876,483769.3654,486321.7049,488705.4322,490375.9479,491797.8411,492727.4944,494391.4455,496609.8258,498626.2729,500884.4787,502812.4144,503914.6813,502589.5793,501257.7679,500741.7147,501717.4531,503040.5557,505154.5595,508489.269,512535.1878,518853.3437,526345.1794,533814.6066,537931.736,538039.6166,535996.2573,534197.8013,535688.5186,540279.2679,546268.8787,553372.6277,560472.4796,570278.7655,580966.0453,593187.2192,603893.3386,614318.8237,624939.2739,635229.4746,644465.0638,650554.3273,655652.3228,661055.1547,669885.66,687643.9252,711560.671,739968.3951,765133.2722,785944.5725,803379.938,814223.5423,820395.7504,819514.8162,818713.8774,818018.7816,817092.3872,815937.0729,815901.1087,820258.587,826948.0248
195256.6424,195726.1006,196477.97,197855.4925,199358.5044,200726.4067,201963.5814,203251.1992,204714.3845,206329.6687,207935.209,209332.7823,210490.6682,211447.6527,212381.6003,213527.4725,214838.2537,216275.0166,217351.6964,218338.1678,219380.3522,220748.3043,222165.6834,223245.095,224354.3057,225391.3493,226665.1328,227881.0508,228955.6673,229776.2493,230530.9089,231682.6967,233108.7399,234804.114,236483.8772,237982.4508,239164.9858,240276.7328,241741.7512,243415.0043,245002.3633,246323.4631,247512.7918,248631.2031,249398.9541,250297.9643,251540.9835,253484.4057,255440.8116,257449.6697,259389.8334,261836.394,264350.0154,267315.6871,270483.1974,274529.7239,278720.7985,283137.0104,287059.9185,291023.5874,295366.2223,300620.3154,306557.2079,313551.0701,321594.488,330938.8078,340753.857,349675.4701,357266.3784,363720.7754,370840.7365,379083.4889,387151.0717,395195.6989,402786.3368,410900.3822,418351.6102,424924.0594,430079.9371,433170.8997,434334.4188,435787.4718,436556.9373,437185.7495,434691.7908,433016.5101,431193.1922,430971.5529,429650.3401,426675.4739,422214.2767,416597.1431,411244.5734,405028.9332,399249.6644,392654.2558,387706.779,379886.8467,371940.2064,362189.3339,352768.9019,343323.0605,334399.3959,327010.2681,321360.9858,315664.1973,308262.3874,298275.8646,287042.2105,276915.4828,270461.2626,266044.4543,264050.8299,261345.2715,259491.5703,257743.13,255704.3709,253868.7906,253426.2362,254172.413,253616.7221,252845.821,252039.808,251521.6323,250057.9006,248492.5883,247206.3264,245486.2034,243005.5574,241532.7321,239715.7579,237461.2205,235080.5521,233076.2752,230858.2811,228134.7923,226089.1771,224915.7433,224522.7143,225163.8788,226241.4104,226801.4238,226211.4958,225375.1052,225779.739,226449.5295,227061.6369,227005.4768,227098.6774,227849.6385,228892.6729,230423.9695,232434.5199,234548.8652,236563.5602,239028.3745,241868.3584,244873.7488,247389.9336,249558.4727,251880.1452,254003.8147,256004.9202,258201.407,260817.9187,263640.4389,266054.8643,268624.4319,271248.2404,273751.707,275461.9295,276869.9549,277731.007,278360.762,278969.2306,280037.5961,281358.3655,282147.1387,283137.8225,284737.9581,287118.2252,289612.2342,291510.6069,293343.1344,295052.9215,296660.3441,297697.5433,298607.113,299801.6756,301531.6488,303477.1408,305525.1708,307654.9186,309672.8336,310758.4791,311720.8754,312575.3757,314098.0982,314993.2109,315436.7211,316309.008,318010.082,320111.7752,321633.5638,323183.8746,324901.4615,326881.3903,329158.47,331131.7948,332832.2535,333427.3433,333845.9734,334502.2108,335447.2734,336348.4791,337379.3821,338808.8833,340501.6498,342286.2481,344103.6037,345749.7131,346965.8021,348057.7556,349005.4818,350140.6714,351367.3683,353218.1064,355071.505,356223.6114,357121.5371,357516.7333,357783.3769,357645.5116,357922.8527,358450.5194,358637.3059,358442.5475,358516.3623,359522.4106,361424.9931,363579.0635,365575.5155,367075.6511,368286.3882,368797.977,369395.7517,370381.5184,372630.8406,375594.7317,378888.617,382486.87,386079.7048,389682.2459,393080.1486,396738.6749,401053.2733,407044.7651,414279.7796,420671.3414,425300.0956,428399.3739,432556.0776,437997.9893,445186.9028,454632.1655,465198.2519,476309.371,486199.1761,495188.8509,502588.3149,507843.0108,509983.2304,509815.9565,509029.083,508726.9439,507656.0516,506241.2618,505580.2095,507110.5795,509414.1423
63721.3029,63804.0296,64026.08229,64385.0181,64779.04523,65359.49826,66147.79996,67097.35879,67941.50423,68709.19546,69380.90267,70073.84053,70525.41354,70924.01076,71160.556,71580.86018,72236.26547,72870.03451,73410.79044,73889.85171,74519.87961,75387.19588,76183.15938,76931.70965,77365.69725,77697.15482,77938.08999,78448.30816,78996.41139,79565.57956,80068.42604,80751.1906,81410.58736,82079.63337,82581.19602,83304.70163,83916.97428,84558.40192,85232.78093,85928.26564,86688.22158,87256.4236,87839.84512,88716.01845,89856.06337,91293.41553,92350.21773,93508.50037,94409.08359,95779.01603,97080.16605,98654.97024,99942.07263,101340.9689,102830.0319,104618.8324,106572.3648,108559.1781,110736.4793,112642.65,114601.7505,116125.1052,117268.5616,118750.9519,120938.0043,123775.5815,126438.1847,129405.516,132575.244,135755.3007,138166.0194,140476.0692,142597.0123,144382.6489,145906.5628,147323.807,148593.0201,149321.1095,149641.8111,149967.727,150443.3804,150818.2345,150855.8676,150634.375,150406.616,150236.8163,149495.5375,149067.2458,148072.8349,147037.4878,145922.6598,144641.9015,143498.1168,141596.1189,139837.1961,137950.5152,136044.488,134201.7176,132474.1112,130593.093,128377.6834,126205.272,123877.5767,121593.7915,119108.7273,117076.6498,115608.0391,114441.9172,113455.3461,112913.4801,112460.9314,111760.1683,110689.0403,109446.1241,108172.874,106737.9756,105450.9906,104371.5615,103593.7189,102938.5628,102394.6447,101949.1108,101651.9401,101301.3198,100998.0187,100818.0364,100736.9104,100540.4716,100035.5326,99418.81907,98820.4455,98173.09653,97548.74379,96924.87917,96434.7155,96032.25854,95725.82632,95469.55094,95227.54378,95008.74707,94738.35298,94552.1768,94417.16137,94479.67533,94589.5093,94882.2101,95343.85835,95646.88821,95559.9426,95210.36253,94490.48036,93444.31011,92368.22231,92066.22508,92326.40058,92744.50868,93320.01685,94258.63877,95787.17862,96933.03361,97601.68278,97806.57649,97767.13313,97623.56796,97048.08331,96620.46916,96236.98789,96231.34099,96981.73781,98371.27087,99902.16091,100906.2247,101518.6758,101717.6911,101702.5968,101630.4641,101820.8341,101806.1469,101890.5692,102153.008,102920.6909,103776.6519,104742.2362,105744.7359,106882.2944,107811.7945,108502.6773,109254.7674,110018.264,110786.6507,111056.6049,111310.224,111812.6786,112356.7377,112718.2171,113103.5499,113739.1891,114473.7221,115128.4421,115937.4217,116957.5874,118014.5792,118875.262,119750.7121,120501.9201,120916.9095,121136.7101,121519.0839,122543.1918,123857.0084,125518.1704,127226.2416,129167.3315,130939.8397,132306.2296,133093.2994,133137.3489,132778.1001,132781.1436,133678.897,135278.6536,136835.0264,138475.2069,139973.2615,141544.6572,142516.2221,143513.0945,144427.7878,145079.3995,145233.0507,145347.5608,145718.1752,146749.0016,148110.148,149949.2344,151852.9506,153296.0202,154713.7647,156081.6198,157507.6757,158742.9576,160069.9775,161695.288,163306.0374,164312.3236,164921.8733,165744.7541,167481.8431,170073.5679,173124.7077,176216.3459,178890.0075,181517.3704,184710.9065,188154.5657,191728.6379,195277.7812,200129.7869,204569.0123,207509.7486,208565.8756,209655.839,212074.384,214768.5307,219386.6833,224471.702,230491.7871,235600.6606,240264.6438,245042.6148,248050.9454,248980.204,247297.083,245551.7418,244051.5466,242980.0156,243227.1139,244928.4701,247618.2108,249797.4491
93127.30705,93544.71314,94229.55326,95563.95746,97202.62799,98661.55418,100055.2959,101615.7053,103395.8015,105260.9994,107043.0596,108795.1292,110352.7767,111781.7376,113583.6975,115750.4345,118354.2143,121135.9268,123950.1292,126771.1021,129450.3454,132399.3621,135169.9719,137523.9373,139333.9996,140884.6255,142367.473,144090.6696,145982.6447,147904.4906,149792.5586,151461.0634,153397.4003,155748.5999,158324.9521,160709.264,162443.7748,164068.8831,166107.8745,168381.259,170784.7091,172927.0787,175235.574,177650.4811,180273.093,182783.7068,185018.0008,186986.9001,188925.628,190853.7985,192598.8897,194836.1486,197934.5159,201784.1245,205759.2175,210178.9836,215211.0245,220063.1922,224228.3123,227983.2975,231737.428,235990.5227,240824.0772,246135.5405,251523.7734,256371.9274,261493.5336,266573.226,271074.9558,275711.7428,279922.6071,284267.8509,286892.0201,288867.3316,290765.0579,294410.9025,298185.9443,302433.3143,305468.816,307663.4275,309074.7806,308581.3254,307837.5986,306142.5646,305455.5914,305058.7751,304471.0656,303042.1229,300693.9653,297296.3213,293008.9964,288237.2108,283926.0523,280379.8834,276325.3635,271995.1702,266891.5984,261929.1105,254918.8327,247615.6675,238807.0658,231144.2875,223102.6603,215125.1791,209617.8191,204659.0305,201799.9725,197938.3095,195456.5068,193110.4211,190570.8583,187600.0685,184104.3525,180984.3212,178377.9424,176609.9211,174415.5922,172614.8921,171305.356,170541.4943,170156.1553,170181.2459,170525.3707,170621.1668,170505.9407,170417.9077,170610.585,170326.1038,169338.8147,167505.6089,165471.797,163949.2456,163070.7687,162986.4856,163324.7588,163076.7096,162401.4678,161458.0374,161213.6209,161665.831,162307.6764,162799.8437,163159.0575,163887.8279,164523.7894,165327.6336,166665.3729,168860.1129,171717.6863,174594.9361,176906.5857,178865.9241,180029.9223,181753.3635,184074.152,187577.9732,192053.0338,196456.4667,201147.7405,205047.4283,209373.7024,213048.4859,216150.4357,219001.4821,221634.1065,225005.2569,228058.8386,231941.7621,235894.8394,239494.9084,242588.0086,245108.411,248093.7612,250317.9122,252200.1911,253434.1771,254812.3276,256184.3065,258184.6943,260631.5205,263749.7696,266885.0714,269977.888,272915.0734,275561.9675,277405.1242,278855.5576,280361.3259,282343.7817,284637.6218,285111.9764,284347.7658,283179.9164,283545.838,284990.6333,287014.6186,289257.1196,291595.5932,293293.5778,294963.226,296658.956,298997.8953,299942.7653,299742.0838,298754.2,299561.3034,301888.2285,304941.5573,307341.3216,309804.2992,312163.3528,314717.9392,317323.3028,319821.6486,322916.5857,326709.3305,329748.8101,331038.9941,331461.7631,332180.075,334160.1731,335593.154,337350.1887,339167.8282,341427.107,343774.6192,346642.2335,350000.328,352522.195,353547.037,353396.6522,353337.528,353074.0548,353166.9971,353756.5248,354837.8796,356100.8143,357560.4584,360350.6603,364029.493,368546.6868,372666.5252,375640.1405,376890.3845,376076.3116,374731.8639,374324.0853,375778.1228,378776.6166,382852.6686,388442.872,394940.5975,401971.4488,408546.9049,414637.2525,420467.5635,426750.9843,433775.1541,441418.7565,448876.158,455561.9691,461749.6875,469479.8523,478562.9174,490245.302,502535.8114,516732.1597,531083.773,544825.4333,557997.5912,567591.986,572312.457,571144.459,569375.8893,569446.4152,570844.8294,571826.819,573478.8494,577706.6315,583405.0406
90093.40955,90217.38582,90213.91248,90242.40002,90378.76367,90679.60749,91172.49898,91598.5352,92122.56252,92641.08259,93115.57572,93527.08748,93929.30977,94315.62837,94134.05747,93891.52352,93614.59264,93954.34557,94506.43503,95141.73684,95692.17086,96065.37696,96531.41721,97012.7407,97442.15418,97676.04506,97870.18837,97815.25586,98049.0153,98237.86236,98514.02043,98580.55957,98810.52281,99267.17109,99756.17847,100418.8603,101033.5433,101578.9212,102058.3834,102775.4832,103679.361,104735.6744,105704.1062,106822.4273,107862.0482,108797.928,109582.7192,110109.4044,110790.313,111618.0972,112826.8164,114161.3168,115912.3081,118084.6776,121097.6656,124566.4939,127755.3935,130094.4096,131577.6865,132947.8074,134706.5076,136658.4854,138571.7824,141294.0358,144298.5764,148207.5896,152226.6286,156344.7935,160230.1738,163271.5571,166127.6979,168833.016,171410.2107,173375.2868,175175.22,176812.7905,179067.5633,181127.5025,182852.9704,184007.9042,184676.3976,184857.806,184181.737,182781.9669,181284.2157,180577.8221,180571.2774,181244.9871,181394.8212,181131.4253,179982.6223,178690.8564,177638.6247,177336.2692,177507.9355,176984.8994,176247.8081,175127.2773,174355.3606,172839.2175,171781.3517,170310.6296,169458.1744,168026.503,166826.9071,165384.3846,163903.6384,162989.8383,161784.912,161058.1458,160618.4038,160217.5644,158861.5519,156470.7172,153829.002,151453.0467,148983.0556,147635.2983,147388.3056,147901.9043,147785.4213,146922.9999,145709.8768,145358.4818,145267.6539,145630.1883,145311.8355,145071.7872,144483.318,143621.1359,142284.4212,140710.7952,138840.3829,137065.0618,135219.3754,133023.6494,129652.6963,125989.965,122900.4203,120505.3271,118832.0461,117587.3258,117153.0267,116959.5243,116256.7198,115972.9818,115927.4933,116767.9993,117430.4275,117617.9463,117670.2372,117663.5563,117963.3501,118369.919,119222.7446,120042.2934,120760.8383,121446.5326,122553.985,123788.6149,125086.225,126143.5595,126707.7314,126685.4447,126278.0741,126139.9523,126124.5952,126278.5214,126936.4069,128025.9456,129354.8106,130489.1005,131643.3637,132660.3513,133691.6479,134535.5142,135186.922,135059.2176,134794.9307,134733.1012,135094.0814,135700.0386,136419.3863,137574.5106,138853.4392,140027.1961,141181.0964,142342.6896,143482.597,144080.5579,144181.6099,144221.5776,143970.4393,143728.4457,143541.2543,144266.3945,145367.493,146501.2061,147296.8672,148235.6339,149336.0574,150111.5503,149974.1261,149078.2392,148130.6433,147556.5435,147569.4868,148497.3768,150205.3295,152263.6391,154072.2728,155581.3598,156842.9531,157493.3001,157642.322,157803.1106,157846.2514,158041.3507,158217.7834,159034.9967,160069.8238,161432.9873,163011.1378,164532.9585,165818.4576,166860.8758,167919.6123,168385.9745,167226.9673,163665.3638,158271.5572,153370.8797,150518.5252,150372.5276,151239.1278,152596.3652,153675.0738,155342.3822,157637.5066,160798.5004,164716.6921,169000.8821,173327.1778,177087.9822,179699.0647,181667.1869,183498.8607,186031.5214,188806.9642,191494.5954,193665.5837,195226.5368,197384.6028,200266.8935,203810.4858,206672.5275,209103.0828,211313.0348,213176.5582,214707.2339,215867.5547,217206.9198,219098.1126,221126.2606,224511.8747,228748.1445,234123.056,238873.2528,242535.2295,245623.1924,248215.4684,250055.7259,251134.2303,251965.8601,252820.386,252952.0087,253560.2303,254151.7973,255491.5417,255835.438
94337.28235,94552.52429,94872.31846,95252.13407,95607.9829,95520.94855,95285.43263,94965.6118,95237.67538,95943.71501,96570.21653,96733.76275,96872.39333,97324.90455,98365.64126,99305.36079,100138.77,100543.25,101184.8,101669.366,102171.8512,102483.9735,102709.5863,103177.5142,103491.2768,104049.8978,104129.6126,104828.3898,105409.384,106504.4653,107220.7636,107961.466,108381.3133,108722.4178,109233.8356,109886.8775,110638.9632,111622.6103,112538.2356,113610.5094,114341.3817,115134.5394,116286.9457,117787.1884,119731.9311,121015.0142,121930.8566,122428.0382,122994.4848,123934.2148,125347.7145,127259.0351,129907.2689,132661.9662,135341.2456,137480.2581,139374.131,141559.0872,143280.1828,144733.0135,145882.2943,146887.3789,148391.3821,149951.2514,151739.4349,154030.8382,157172.342,161259.2415,164713.0566,167542.2632,169792.9316,171949.8876,174456.3866,176792.2991,179406.3957,180578.3409,182248.8143,183532.102,185057.983,186564.199,188266.243,190439.1443,190887.8693,191673.06,191598.9874,192102.7899,192074.2696,193082.9888,193927.9681,194064.8809,193588.1927,193194.5936,192404.6035,190019.7817,188075.3994,187339.6881,187605.2581,187157.1293,185608.887,184469.0106,183355.9318,182148.9297,180424.7235,178502.0167,176202.706,174140.2123,172129.5839,169627.7935,166856.9368,164404.3009,162829.0613,161573.8306,159982.6264,158599.8668,156995.3969,155763.8135,155330.3673,155208.3138,155451.5871,155124.6432,155517.6263,156146.1366,156373.5403,155207.1704,152885.5217,150562.8551,148757.5885,147287.7289,145972.8631,144367.5161,142663.0751,141183.761,139703.5993,138551.6278,136456.547,134880.9202,133051.8966,132045.3284,130853.774,130139.1486,129708.2322,129687.7602,129716.845,129325.0697,129165.1245,128861.4864,128618.5641,127748.8458,126645.9103,125612.0078,124701.6045,123633.4114,122993.369,122669.7833,123096.9818,123753.3287,124755.0242,126030.9403,127381.0473,128221.0322,128804.9058,128992.492,129218.4822,129017.8432,128756.2605,128678.5575,128716.466,128976.42,129666.0746,130945.199,132374.9004,133623.5268,134706.5092,135408.8489,135679.8094,135506.833,135708.9326,136225.5446,137437.9393,138755.4945,140262.6376,141743.142,143298.8464,144441.6015,145391.5221,146049.141,146821.1386,147529.7433,148548.2575,149508.2705,150225.4998,150529.7047,151101.8826,151768.1593,152736.4065,153574.7108,154702.1802,155529.6439,156319.9393,156852.6414,157631.4571,158636.4264,159831.8261,161277.5735,162730.3333,164061.6834,165245.4656,166428.5723,167738.2645,169182.91,170596.6279,172249.0517,173874.314,175391.8455,176632.7849,177539.9909,178040.9779,178398.6722,179148.6716,180462.3772,181997.2789,183072.3227,184235.1657,185220.1982,186317.0291,186795.0869,187355.6329,187990.0261,188400.9985,188324.4258,188084.2341,188209.2532,188954.8998,189968.5484,191025.6238,191804.6,192272.959,193068.6528,194377.5697,196304.8145,198387.5432,200523.6899,202495.8038,203976.0954,204777.7714,205385.5106,206384.6303,208185.0846,210889.4204,214247.8543,217970.5695,221653.1762,225202.0911,228619.4079,231606.7505,234782.9711,238089.8857,242379.2657,246411.81,249960.1177,252550.8912,255155.5254,258368.1211,261793.3284,266812.3225,272936.6482,279976.524,286480.5133,292265.722,297806.3678,301939.9222,304073.172,304038.5051,303163.4195,301859.5127,300230.2887,298699.5507,298717.2757,300296.9742,302801.7533
135923.1056,136368.5896,136684.9959,137573.6178,138500.4743,139745.683,140948.7836,142219.0097,143581.3626,145102.3613,146599.0096,147996.0062,149316.7545,150589.732,151820.3713,153088.8063,154783.8126,156726.6301,158752.2174,160558.1278,162418.942,164121.3611,165999.8588,167997.2308,170066.0646,172026.4789,173606.4102,175339.5458,177181.9757,179375.2354,181735.277,184147.6427,186449.0416,188459.8093,190513.6116,192723.6067,194765.5435,196587.0998,198203.8434,200572.9343,203371.2264,206403.5566,209582.7631,213233.1601,217091.2753,220996.6733,224231.528,227216.4387,230014.6949,233363.9249,237902.6569,243003.6983,248645.625,254752.9501,261296.0195,268537.6959,275281.5188,281823.3974,286941.3789,292313.4409,298037.4585,304329.4563,310378.8938,317026.3728,324761.1444,332591.81,340634.9744,349310.782,356823.5826,362982.8339,365308.0144,367598.9347,369278.2169,373292.5562,376861.7471,379667.1694,382232.8903,384136.1293,384798.079,383076.4308,380412.0229,378210.4834,376321.1492,375506.7888,375090.8907,373774.1218,372480.3925,370526.6073,369034.6396,365559.2289,360195.6873,352692.014,345366.371,338340.6304,332042.0905,325373.9701,319049.8865,313158.3967,306594.4703,300221.2538,292983.3101,286194.6478,279160.4178,274021.1428,270366.4813,266845.2215,262629.7079,258194.3368,254372.3607,251072.1027,248936.969,246512.2262,244443.376,242246.5231,241267.6592,239741.4152,237465.2981,235570.1796,235250.9289,235368.6165,235027.7942,233937.8115,231688.015,229565.575,227448.7838,226315.7966,224530.1787,222137.0663,219796.3609,217731.0915,216391.1488,215123.8211,212983.7603,209906.1913,206665.219,203891.4957,201645.0746,199727.9469,198082.5959,196487.8723,195879.5431,196391.2105,197140.2674,197319.2986,197016.7059,196839.3815,196520.6202,196256.977,195994.2276,196369.9213,196998.9401,197951.9223,198799.3189,199703.4649,201077.0341,202722.0879,205005.8327,207164.4963,210296.8517,213897.3301,217064.1658,219146.2571,220453.4629,222310.557,224543.678,226627.1818,228067.4411,229090.0582,231420.9966,235463.9869,240303.5522,244138.1909,246293.568,247167.0789,248455.1157,249851.1743,251171.3262,251289.8618,252143.6752,253640.1488,256796.884,260499.6271,264291.495,266959.37,268393.6597,268988.8659,269804.16,271450.789,273692.6635,276483.381,278908.8464,280673.4684,281677.4019,282568.0961,284512.1195,286993.9363,289367.1142,291409.1237,293085.239,294818.2056,296139.8055,297553.5332,298562.1486,299134.2206,299808.9518,300968.7565,302723.3039,304639.278,306463.8708,308786.1009,311066.8962,313549.541,316163.1491,318244.5421,320050.4941,321560.7249,321773.5653,320968.0887,320016.2703,319999.1623,320705.6667,320624.8895,321359.4644,322228.7907,323316.6823,324097.1113,325664.86,328641.0659,330941.4511,331237.7183,329224.353,326541.9752,324302.2821,322691.3026,321992.7567,321604.0947,321681.2777,321743.7661,322973.6395,325283.7001,328925.6805,333283.1936,337410.5916,340395.7007,341228.4601,340618.7331,340553.9426,341792.9253,344721.2325,347912.7097,352615.8071,357903.9654,364121.6432,370627.2808,376914.8064,383203.8295,389781.4654,397978.7817,405853.2427,412218.756,416578.7545,421519.0014,427511.7441,434452.1213,443004.8661,452694.02,464129.6968,475832.231,487003.6565,495388.1321,499346.9015,499594.3515,499113.3488,499855.0007,501655.8124,501687.2298,500693.8051,499519.2278,500246.0962,501650.8852
102479.8518,102541.4832,102796.0822,103395.3317,104157.3843,104907.7665,105402.6374,105891.087,106567.2023,107506.3445,108301.3095,108924.123,109352.3839,109915.8775,110290.547,110685.4602,111269.7674,112097.51,113005.0023,113880.6848,114851.5171,115990.0921,117237.4147,118465.2799,119457.5426,119923.7045,120476.7315,121229.0291,121997.6127,122420.1028,122406.0648,122935.1984,123984.1915,125527.189,126895.1463,127747.1743,128628.9972,129424.4069,130312.1463,131268.9445,132413.0596,133852.6273,135031.3263,135622.6621,135860.3431,136167.2175,137213.5792,138608.3885,139825.3764,140760.1195,141491.068,142516.9423,143836.1034,145188.0297,146700.6433,148627.2256,150663.6461,152492.1849,154017.3273,155778.7657,158049.2425,160793.0518,164080.7083,167713.5742,171383.8485,175775.7256,180608.1144,185265.1881,188745.1525,191800.2973,195719.5526,200922.8773,206217.1214,211057.4871,215438.8003,220248.5691,225128.9655,229685.9577,233319.8813,236300.6838,238011.893,239342.2801,239475.3279,239583.5692,238738.5614,238560.1071,238021.7974,237819.7609,236979.1129,235482.1954,233523.1705,230850.9991,228546.1101,226102.8562,223846.2551,220581.1713,217373.0592,212888.1433,208431.2048,203148.9186,198036.5925,192911.0845,187645.3617,182471.0108,178138.9932,174165.0625,169024.7086,162682.1874,155635.8109,149755.5137,145620.9036,142219.3723,139748.3487,136491.2952,133765.336,130648.2267,127529.9529,124208.4427,122198.1707,121080.4184,119459.961,118065.2575,116528.333,115059.1286,113047.0053,111309.3631,110518.4094,109706.7935,108234.1435,107110.8767,105587.1593,104022.3778,102009.0847,99909.03495,97918.48001,96092.94416,94573.30494,93235.31437,92463.254,92627.73604,93281.76424,93541.62763,93052.69339,92490.38595,92271.69969,92411.88728,92381.93056,92303.15859,92714.90461,93981.22187,95407.11585,96729.00232,97830.26542,98655.09671,99399.90594,100287.9733,101472.7293,102866.0791,104241.6338,106041.4752,107964.6119,109622.3871,110879.8798,111998.9324,113271.1474,115103.1311,116887.9682,119042.8685,121047.4924,123461.8938,125682.0106,127787.6191,129681.1944,131504.7715,132903.4797,133924.5795,134572.5963,134904.4967,135320.8256,135955.8416,137314.1198,139024.2496,140845.4079,142695.6852,144052.896,145235.6886,146045.6263,147310.9988,148752.7319,150487.4625,151620.5227,152400.6481,152635.8149,152981.4318,153634.0459,155273.4713,157295.8935,159541.9615,161176.2074,162970.3876,164785.144,166807.9785,168322.5069,169463.8279,170578.5617,171932.1681,173231.9547,174589.6356,175959.771,177796.1361,179659.7394,181792.7392,183948.7626,186448.5535,188659.7409,190858.2585,192475.1903,193988.9184,195502.0962,197350.1862,199482.4779,201378.1479,202937.164,204479.6999,206493.6749,208869.4535,211539.2285,214046.0949,216483.668,218811.7393,220778.904,221971.3429,222646.0733,222796.2501,222697.6,221996.3956,221580.4185,221760.0365,223094.482,225094.6726,227828.9273,230378.8047,232555.1527,233974.8015,234251.0582,234484.1424,235187.3656,236776.6717,238599.4993,240641.2688,243624.5462,246879.4178,250569.3779,253929.8814,257191.5883,260060.0922,263325.2308,267117.7253,270025.5182,271712.4971,272459.986,274120.97,277260.3954,281657.6659,287887.7445,295010.9506,302189.3944,308255.5843,312891.8164,317192.6891,320139.0357,321653.7526,321733.1781,321499.4772,321447.5677,320847.9395,320272.9812,320017.1501,320605.3301,321322.4691
163748.8659,164672.5381,165346.255,166521.6333,167673.5396,168687.0463,169635.0116,170364.1435,171412.086,172378.9359,173321.0517,174153.9043,175420.7523,176617.4575,177698.6313,178714.3026,179736.9371,180959.4039,182519.3452,184514.3372,186596.0042,188552.1701,190141.0616,191566.2882,192938.3555,194551.7787,196447.807,198527.5503,200610.6387,202575.2017,204556.9192,206691.4422,209126.3938,211523.4866,213962.4933,217052.484,220750.1573,224998.7731,228972.1895,232900.0893,236199.752,240400.1123,245147.5603,250815.1137,255542.3115,259851.331,263551.1122,266882.3472,270461.0208,274219.1794,278791.9634,283112.4592,288211.3311,293217.7162,298295.52,303267.5006,308454.7345,313882.5179,319178.924,324736.8163,330345.5911,336189.0891,342008.9309,348189.5345,355980.61,365125.914,374936.065,383833.9869,393664.035,402726.8322,411285.5739,418714.5894,426645.3121,433297.6902,440568.2366,448565.1572,457963.2877,465749.8724,472112.7046,476993.855,480534.715,482620.4545,485147.6935,487878.5918,489772.1541,491321.1595,491137.6455,491569.526,490663.0231,489729.691,487734.9125,486335.6436,483615.9013,482659.1144,479483.3406,476872.5484,467910.6681,456316.7247,442806.8931,429612.284,415615.8571,400813.148,386122.583,369238.0532,351906.2838,335017.9696,322857.6726,309855.0564,297391.466,285405.3298,274038.4122,264014.1543,255713.8139,250734.3106,246218.8016,242185.0988,239197.7148,237251.8965,234019.7793,231103.8,228785.4469,227888.5782,227197.233,227305.1474,227092.4703,224861.613,222274.2564,218821.2307,215737.5252,212187.974,209605.8519,207488.7711,204762.5531,202521.2994,201551.551,201195.8509,199964.2593,198930.0702,198697.8176,199676.5463,199867.7228,200293.9329,200425.6022,201257.471,202561.4374,203727.2027,204841.4731,205675.3711,206908.8061,209147.5867,211586.4035,213993.7817,215930.417,217227.7364,218980.8994,220788.359,222911.8364,224871.7189,227111.4859,230578.7293,234759.18,239674.5374,244917.0899,249722.3242,253834.3539,256713.3964,258983.6567,260893.5998,262117.3306,263369.7604,264616.9514,267099.2138,269877.1693,272561.1797,274873.4269,277048.998,279600.8594,282131.8618,285565.5446,288955.5292,291659.8728,293151.4335,294355.7181,296670.1056,299771.4773,302793.1662,305374.2993,307430.9773,310129.8709,312499.1149,315523.6339,318428.1194,322068.1374,325392.5174,328467.2121,331245.7968,334013.2426,337124.2208,339988.5426,342127.3993,343703.2233,345700.5058,348312.6764,350493.7614,351958.2954,353175.5443,354784.1597,356444.6023,357911.4058,359189.8849,360650.9041,362521.7089,365131.4139,368130.8727,371482.1863,374578.4576,376570.6097,377463.3187,377502.2171,378275.8629,379857.469,381729.636,383266.816,384319.0669,385347.8507,386328.3686,387602.8253,388984.6116,389923.9071,390491.654,390202.1376,389879.486,389109.9166,388750.0546,388635.7445,388857.5288,389573.4851,391270.7629,394540.36,398090.9353,402769.927,407543.5813,412877.8324,416239.5969,416960.3617,416138.0688,415405.0199,416851.4481,419950.9983,424071.1493,428814.492,433557.4709,439140.2003,444893.6226,450824.8555,456209.0144,461322.6686,466903.661,471282.6417,474533.4764,476040.9516,477693.6982,480499.5686,484246.9476,491718.6478,502112.9517,515130.4273,526520.6775,535198.6582,542728.8734,549018.7719,553267.276,554595.8298,554839.6253,554933.3479,553962.4042,553861.3704,555063.4375,558194.4625,561234.296
83876.32325,84308.94863,84318.87649,84637.79684,84488.70252,85091.58873,86230.57827,88066.48431,89354.62486,89863.56724,89742.75357,89622.33439,89606.20584,89950.4048,90138.72543,89962.80368,90112.15241,90692.91927,91752.14011,91893.84407,91755.52011,91479.85396,91727.0838,92199.93445,93025.41651,93879.59509,94740.93144,95423.16067,95994.94652,96041.91695,96147.48126,96179.17581,96768.60699,97020.1498,97567.22979,97925.07465,98667.11514,99185.75386,99593.23776,100186.2211,100493.5783,101567.2881,102758.299,105139.7345,107348.7211,109068.3305,109925.9574,110572.1491,111432.9867,112395.839,113880.911,115386.7158,116942.8267,118145.015,119663.2918,121227.3327,123162.1372,125610.3533,128534.2215,130523.9173,132321.5993,134195.3667,136651.1302,138720.9651,140535.5411,142968.8831,145820.7865,149498.1859,153397.4848,157037.6847,159775.9038,162868.7439,165966.6314,169279.1887,171790.6335,174412.7893,177749.6819,180622.8017,183422.7549,184986.3606,185504.1842,185716.3817,185752.5768,186028.721,186116.2313,186536.3631,186610.4717,185991.8063,184198.9513,182269.6128,179872.8989,178315.3868,177264.9577,176659.4765,175441.7193,173341.3748,170818.0453,167355.4868,164596.39,162939.2735,162506.6964,161618.317,159948.6311,156839.012,154111.0459,152171.8968,151483.891,150966.5292,150268.9359,149009.7211,148051.2664,146437.468,144788.7576,143173.7124,141588.7127,140478.8403,138985.6398,137456.4522,135285.9102,133041.952,130533.3774,128726.3652,126375.5439,124569.658,123360.6894,122348.7104,121321.2571,119878.2603,118845.799,117139.756,115007.4278,112670.3857,110420.2507,108446.6322,107514.5657,107156.3981,106695.5939,106570.4292,106953.8143,107000.5144,106030.0109,104239.2651,102737.2941,101111.0105,100324.3583,99998.72251,99145.25898,97792.76857,96684.80495,96264.73207,96125.87603,95991.10731,96114.78319,95975.7476,95889.47231,96415.38078,97508.36128,98807.00112,99862.64693,101209.7655,102137.7308,102769.517,103093.1966,103665.7181,104287.3126,104899.423,105424.1013,105872.5711,106144.1823,106736.5698,107295.5537,107787.9893,107914.3411,107897.1068,108094.9066,108880.0456,110150.4088,110928.6978,111557.8121,112334.6464,112974.1022,113092.8103,112517.2063,112681.4327,113432.5842,113955.9184,114725.6368,115598.3155,117534.3816,119048.3351,119766.7495,119866.0495,120207.3022,121428.7202,122273.6112,122771.557,122828.6344,123707.4451,124420.8365,125114.6665,125470.0046,126434.0747,127466.4228,128268.7044,128497.1441,128534.1449,128689.5828,129325.7674,130098.2963,130771.4133,131610.3623,132823.2,134892.5436,136940.3458,139112.501,141204.4469,142736.4485,143311.3271,143524.281,143901.0635,144642.5006,145098.0916,145728.5624,146279.4438,146961.5478,148255.8064,150541.6635,153270.3086,155626.1025,157758.3854,159548.9287,160908.9627,162004.7501,163208.7204,164633.191,166053.675,167116.1846,168693.1486,170645.2536,173232.2654,175871.514,178012.671,179780.3608,180759.7948,181388.9203,181817.4303,182630.598,184525.7314,187380.0746,190560.3403,193499.6918,196212.6265,198319.3804,200023.8446,200988.9458,202424.3345,204675.0515,209113.3253,214385.6155,219461.8515,223120.4386,226355.2434,229989.0805,233903.5474,239294.9773,245193.295,251734.2968,258239.493,264271.4176,270295.8013,274440.9847,277293.469,277886.6068,277340.7776,275339.4351,271758.1344,269641.1123,269082.3944,271014.0149,272218.8556
30279.59255,31199.39053,31688.44273,32889.62558,33412.85698,33615.51357,33373.99991,33275.36127,33410.11256,33689.87186,34114.71331,34949.63889,35766.03798,36461.67553,36951.6758,37702.24491,38564.00751,39270.57927,40003.03855,40942.84582,41895.82672,42595.26785,42970.58067,43321.35846,43751.49162,44048.22551,44245.42015,44757.09813,45356.20775,45965.70277,46206.21337,46517.28946,46806.45053,47319.39057,47852.34581,48272.10327,48422.04097,48785.73404,48972.47261,49356.84025,49633.36612,50165.29298,50512.34518,51225.27384,52363.91254,53823.15119,54575.43689,54920.90316,54958.11318,55529.91621,56447.05601,57754.47787,59110.69439,60260.63974,61363.12299,62620.66037,64050.05876,65580.44742,66644.06536,67636.11537,68918.67665,69787.35636,70325.37226,70457.09645,71354.26601,72508.67024,73766.05179,75315.55499,77532.50568,80137.87968,82093.48401,83596.49269,84433.73109,85261.01596,85756.6953,86532.00318,87444.11063,88399.09863,88698.85774,89026.02204,89622.42514,90564.75193,91088.26859,91328.31348,91368.79044,91500.18923,91510.5309,91037.83397,90531.28208,89603.19121,89292.11201,88403.19494,87638.91248,86797.24814,86104.36183,85298.7293,83790.57755,82159.86631,80501.20734,78802.99184,77325.99655,75982.56981,74914.63752,73578.62598,72317.76719,71246.47667,70418.56339,68582.6529,66268.43471,64115.86858,63119.11656,62305.00948,61482.95691,60632.5396,59805.74486,58848.73763,57860.90412,57219.56685,56910.47943,56799.82032,56837.68954,56809.11576,56924.41882,56793.67447,56810.60637,56690.05839,56550.21489,56125.19745,55625.27831,55192.03876,54893.98441,54575.3222,54276.09148,54001.34683,53782.85204,53521.05886,53383.45292,53210.53351,53430.69042,53712.41919,54012.07999,54363.41961,54740.45053,55268.16032,55739.88327,56630.99296,57795.73537,58999.69873,60043.97433,60691.871,60568.70093,59671.80769,58923.83269,58819.17899,59651.95521,60769.55881,61976.34647,63106.42314,63998.61132,64700.17755,65005.3218,65432.78789,65687.0643,66076.75883,66028.40605,65209.80208,63874.02495,62817.33437,63293.41574,64487.29518,65682.59816,66317.67537,66561.73135,66611.71986,66632.56833,66736.77571,66982.39971,66850.24773,67176.75012,68047.36717,70032.1379,72018.65307,73675.80705,74682.36154,75182.99097,75640.49309,76009.49285,76570.73033,77155.74329,77658.01123,77819.18231,77767.96175,78207.44915,78694.50939,78765.81251,78495.88374,78463.76985,78696.76638,78819.18646,78895.62409,79249.84726,79756.86182,79856.01104,80145.84522,80211.17334,80335.72122,79814.50068,79351.4695,79385.38578,79767.46792,80713.82253,81927.45423,83484.29297,84776.03243,85560.1812,85995.46429,86123.0608,86245.34783,86910.45873,88237.10278,89973.89694,91527.89946,92953.02138,94125.51643,95035.87913,95304.0251,95528.98674,95699.65198,96220.90848,96631.48954,96987.4642,97226.12962,97770.33106,98722.58361,100073.7704,101425.0026,102671.1726,103709.3091,104399.7735,104718.788,104311.0285,104416.3879,105378.3837,106915.3679,108333.6811,109159.0091,110702.9877,113108.4772,116379.3058,119314.8116,121258.202,122066.4947,123165.0204,125129.7806,128045.4949,131336.6491,134745.3857,139201.7138,142415.6063,144874.5652,145641.0337,147344.2255,149603.3147,151694.5297,154607.2598,157948.6441,161984.1946,165822.564,169195.1952,173308.2767,175180.7817,174577.6494,170158.6174,165383.9547,161743.2597,159610.3059,161684.8212,164767.7584,168228.8193,169131.3348
170680.5476,171248.4791,172015.8035,173588.6331,175200.278,176572.1471,177879.4589,179475.7011,181191.8892,182788.0185,184416.1705,186038.2374,187441.8768,188891.8854,191363.1001,194641.3655,198366.3824,202735.1958,207844.9024,214033.1585,219729.2658,225333.5807,229831.787,234118.9825,237786.2082,240793.9691,243300.93,245817.9514,248924.7774,252104.4064,255109.7882,257996.2328,260754.444,263873.7884,266677.9028,269595.1921,271968.5498,274399.7437,277064.7285,279627.4599,282676.0559,285857.9065,289662.1466,293190.267,296977.4927,300944.565,305116.0668,308640.0979,311603.9151,314099.6982,317096.1613,321497.0238,327774.0812,334315.8123,340130.0772,346254.4075,353612.2977,361392.3689,368066.6553,374500.8053,380480.2072,387386.3092,394938.0129,403537.0597,412087.687,420743.8775,430555.7288,440795.0488,449969.3874,458037.1377,464851.7692,471641.9429,476593.2753,480049.5786,481838.6661,486145.6175,491411.33,497170.2844,500653.7613,502249.983,502065.9597,500023.8818,498452.8756,497214.2933,496083.438,493722.2557,489133.2872,480964.3945,470253.2589,458816.5964,448097.9534,438036.4593,429097.8945,422064.4683,415595.6351,408081.6443,400021.2492,393073.5958,384293.1749,373397.2748,361631.8425,352736.2543,345400.407,337097.0144,328519.1305,319595.8189,311748.0692,303945.6376,296785.7611,290464.4712,284602.9435,279884.9939,274164.498,268561.2815,264130.4622,260529.3246,257875.0079,256382.3808,255828.6183,255939.9136,255795.2229,257180.8328,258737.413,260015.2854,260672.2043,260476.2284,259726.2112,258289.1519,257250.9143,256631.88,255748.7869,254525.6468,252511.1121,251003.3586,250490.6968,250615.1983,250512.3184,249935.7849,248659.8415,247437.0033,246250.1913,244906.5589,244127.7955,243954.6283,244654.989,245337.1364,246173.814,247383.3053,249184.9517,251333.4952,253356.7454,255335.3162,257046.8666,258847.1944,262049.454,266578.9926,273467.8938,279456.2722,284884.7431,288293.8548,292124.7883,295984.1972,300273.3793,304626.354,308612.3299,311840.4335,314712.4727,318019.0859,322532.347,326841.8303,330616.8363,334134.4553,337962.4426,341370.4548,343580.9534,344826.2211,346323.0716,347503.5935,349555.1515,351820.1567,355600.9284,358730.4387,361226.6753,362705.3888,364182.1164,365436.3361,366250.287,367424.9418,369199.3941,371564.3624,372522.923,372014.4924,371863.4797,372630.1957,375108.3055,377404.2608,380133.6585,382673.4334,385392.7055,387930.5429,389884.1212,391893.6126,392519.7713,391396.21,390058.1425,390739.1364,394287.3061,398446.8089,401996.2451,405247.2279,408169.5075,411937.0601,415966.6742,419376.5973,423254.5336,427348.5425,430431.9887,430457.5988,429430.0646,429637.2146,432507.5918,435772.9091,439527.4764,442788.8182,445619.9788,447866.2128,451398.5709,456336.616,460145.1603,461286.6618,460906.7885,461284.4978,461125.4847,460112.0034,458519.079,457520.8181,458026.7228,459893.5145,463029.013,466227.3368,469844.575,474018.2561,477652.8376,480066.943,479718.8814,478770.0191,478892.5865,481790.9544,487002.3232,493432.4122,501762.2894,510326.1995,519079.2427,527082.6071,535858.2179,545719.2908,556144.6903,566336.1915,576203.3074,585034.2499,594443.2717,604498.5315,615682.4178,627542.5881,644966.3785,667052.6489,693368.7659,717629.4471,738935.5282,756831.7438,768267.6052,772048.0436,767481.1692,761602.1262,758190.9925,756709.5756,754205.8113,751205.1359,751355.1464,753275.9017
54943.733,54937.27272,54894.85692,55212.19888,55768.98452,57082.04686,58699.75559,60663.96492,62433.84146,63975.89653,65325.44499,65967.37543,65896.78482,65304.1562,64930.84013,64903.7,65772.18876,67144.18335,68387.87267,69174.18855,69211.64873,69080.64911,69156.49625,70415.96145,71392.86332,71894.20557,71481.89879,71755.145,72125.42141,72848.15655,73450.86016,74735.52728,76807.97282,79599.47873,81899.74944,82731.6173,82865.39426,82934.82907,84132.15788,85769.07957,87652.9111,88906.38702,88867.41915,88594.39093,87952.22462,87483.55372,87107.48192,87738.50382,88372.93669,89836.1113,90908.08827,92901.11071,94607.0687,97115.03306,100393.669,103490.7086,106168.15,109782.7103,113490.623,116675.4752,117542.8405,117063.3096,116862.9201,118408.4063,121263.5512,124461.2017,126183.9067,127805.7531,128921.2029,131056.4688,133072.4369,134962.1889,135258.7177,135457.4291,136627.2877,138287.7268,139654.668,141211.1446,143724.3028,147161.9393,149735.6155,152085.8426,153826.768,154854.4213,154456.0532,153011.9579,150524.2319,147762.5746,144507.9439,142482.7377,141262.4427,140424.7513,139457.0075,138719.0938,138220.2143,136661.7888,134032.6695,131697.8827,131208.1094,131703.5144,131857.8625,129884.3593,127813.7154,126455.674,126534.8943,124583.3024,121300.2985,117681.4827,116094.1309,114677.5935,111849.1994,109504.9648,107849.1876,107842.6253,107011.6697,104312.8718,99327.97369,95823.46632,94174.17087,94335.06504,92885.67601,91472.17988,90203.51661,88466.16715,87230.79291,86041.4555,85603.59691,83762.75471,81731.32062,79987.25601,79618.2699,80519.76858,80960.64166,79909.34558,77780.51075,76033.32131,75192.17763,74394.44221,72673.69617,71299.48794,70757.32143,72103.96783,73809.30598,75123.75888,74663.33754,73788.57473,72663.74442,72810.40339,72962.57038,72622.91447,72098.23545,71186.73336,70770.43936,69798.46529,68437.31696,66507.78515,65641.50534,66249.87305,68346.02294,70669.40438,72497.69203,73660.87571,74267.42565,75262.0184,77291.91519,80094.21422,81492.72402,81199.67621,81600.89546,84428.63526,88925.02421,91693.52629,92960.71272,93831.35078,95653.6023,97655.33111,99291.9661,100330.206,101763.0809,103388.7193,106648.1139,110405.2498,114003.6664,116202.0742,118074.7846,120199.8395,122550.7141,124454.6957,126004.3252,125879.1914,124910.0047,123403.036,124111.6467,125367.8161,125600.4076,125314.4064,126218.3662,129733.0191,133003.5018,136230.8611,138665.3319,139915.724,141782.7559,145179.9923,150367.6357,155848.45,160681.6978,164722.5509,166786.9355,168787.3872,172927.2852,179707.5992,187936.2014,195091.4574,199316.3189,199711.0564,197435.1024,195182.4657,194271.5483,194371.0097,193120.5126,190604.9274,188707.7976,188062.6604,188189.0706,187902.9063,189982.9533,193485.1345,192356.3991,185433.618,175143.0639,168438.5105,165486.5752,164680.0456,165232.864,165987.0224,166380.1708,166171.474,165830.3974,165585.2813,164723.8004,164380.355,164873.9442,167444.9263,170160.2288,171495.9063,171040.1258,171111.0237,173528.1509,178150.0151,182253.3261,185115.7463,188958.6082,193840.3488,198996.5293,202453.5079,204926.2292,207051.701,204174.1674,196718.3062,186917.8032,180231.9399,177502.458,176893.8253,182459.2422,192203.2637,205254.7694,215914.9965,223740.648,229253.8144,232773.7171,234441.7663,235369.9592,235835.5201,236643.1149,236188.988,236050.5775,236525.9654,240801.3585,246719.1576
144344.276,144535.5509,144844.0862,145340.6101,145832.5424,146392.6998,147195.8884,148172.4114,149303.4996,150504.5161,151721.6355,152826.4538,153572.3065,154272.7143,155133.9865,156347.8133,157681.4,158784.2917,160043.9797,161457.2778,163077.4057,164836.2234,166461.3654,168252.1367,169896.8052,171506.8987,173125.9749,174907.4396,177136.8086,179503.5355,181941.3475,184398.8736,186886.4998,189311.0515,191595.0222,193635.274,195382.5511,197072.8671,199003.7505,201337.0356,203885.3913,206231.7528,208540.7648,210998.874,213558.7504,216142.6705,218931.8118,222363.2627,225886.5695,228887.4733,231440.7124,234158.4665,237441.4783,241546.7356,246077.6559,250615.277,254847.0764,259332.7869,263693.6207,267980.8136,271598.8512,275777.1261,280857.7885,287422.7774,294414.4672,301335.456,308451.4772,314994.0916,320078.5007,323611.628,327045.1792,330929.1479,334999.7485,338927.7607,343073.3713,347658.5739,351603.9247,354666.8978,355883.5123,356315.2101,356284.848,356270.8284,356015.0765,353985.6325,351078.6719,346756.0903,341576.3247,333232.3618,323819.0306,315099.5408,308546.2065,303270.1041,298573.1921,293754.5824,288776.3385,283663.5051,279134.8422,275616.2055,272506.5904,270626.2133,269030.4534,266894.3665,264031.5842,259911.4435,256510.101,252692.9898,249278.3141,246172.7893,243231.9061,240903.5985,237775.0203,234423.2886,230799.4502,227630.632,225198.724,222757.5272,220850.9973,219529.6716,218948.8321,218479.4395,218436.0477,218631.7299,219768.7214,220639.1322,221066.3595,220665.5961,220053.3356,219689.7372,219216.7149,218055.3758,216945.6858,215839.8256,214815.644,213474.9412,211643.2683,210447.97,209691.9402,208817.7225,207282.5301,205497.8235,204187.5734,203151.3917,202552.8839,202171.317,202377.866,202591.6075,202917.3082,203050.2314,203045.3663,203677.935,204985.6034,206900.9236,209113.2179,211151.3721,213676.6753,216364.1657,219675.9455,222780.8413,225355.2684,227217.18,229184.8434,231583.9493,234500.132,237851.8684,241156.8344,244581.0913,247348.496,250154.2582,253058.0602,255995.9176,258929.5463,261462.3159,264126.2809,266453.034,268805.5665,270698.7274,271953.468,273071.2721,274649.7036,277240.3975,279810.691,281933.0714,283781.3399,285624.6505,287668.9281,289954.6262,292926.3484,296583.2643,300220.2379,303451.4351,306360.4182,308375.5633,309895.7359,311077.3724,312544.593,314385.6567,316234.7086,318414.254,320296.2768,322005.5577,323540.0129,325996.6272,328428.4836,330745.0216,332487.0737,334482.192,337231.8259,339901.9615,342194.464,344220.2419,345790.9609,347356.3208,348513.5265,349835.6344,350922.931,352184.0406,353474.3867,355463.1833,357519.5254,359834.6906,361917.821,363788.472,365803.9914,367940.0979,369967.6017,371992.3766,373453.1023,375358.448,376858.6672,378753.4803,380071.7287,381076.7501,381583.7485,382205.4743,383010.3294,384165.589,385352.862,387195.3154,389266.6368,391868.2536,394938.7767,398437.8199,401541.5104,403081.2363,402524.203,401544.0031,401705.4946,404355.2812,409011.8475,414930.0193,421911.3953,429654.1459,437173.81,444382.7902,451336.8247,460182.2115,471386.4647,483801.8521,495562.4358,505098.4858,513304.9025,521834.1158,531715.2205,542203.5646,555477.9452,570867.3259,588730.2158,605511.5932,620866.5633,634800.376,643160.8847,645286.3627,642275.3875,640415.2269,640009.8235,638247.5528,635377.5208,632939.7299,633757.0651,634812.0013
59777.58285,59943.52296,60103.76885,60462.42044,60808.53425,61176.53631,61639.93981,62115.3307,62574.35749,62794.83103,63003.12879,63236.82119,63523.36101,63743.34272,64017.33475,64284.36287,64560.27209,64648.73078,64945.60127,65472.26574,66231.77688,67006.07114,67678.86568,68183.27863,68588.97705,69013.56088,69681.64174,70424.91923,71270.3379,72025.83412,72822.84462,73593.12273,74384.71658,75269.98136,76282.27462,77478.60409,78557.20904,79458.88935,80346.21305,81417.89246,82655.54855,83906.92983,85031.98677,86272.22928,87566.97003,88812.46168,90076.04676,91316.91299,92793.85089,94136.07743,95651.01978,97309.35107,99333.36525,101382.3319,103798.6017,106292.8666,108826.6374,111082.3143,113050.502,115149.3579,116973.5022,118855.807,120829.8445,123268.0295,125901.8564,128909.7383,132585.9141,136119.5446,138920.8975,140885.9147,142950.9445,144874.177,147503.2959,150432.0778,154264.7034,158238.5108,162641.1588,166620.3272,169251.6043,170933.1401,172215.1444,173369.2091,173911.5794,174418.2291,174785.4337,174873.1369,173849.5519,171963.3868,169291.8658,166221.1704,163203.1956,160776.0238,158888.6312,156688.1199,153927.4491,149468.0454,144927.5745,140651.6213,136931.1104,133424.1884,129868.5846,127096.611,124140.2941,121776.5322,119152.6164,116812.946,113305.8259,110317.2995,106692.568,103726.5605,100211.3997,96861.4626,92776.93515,87864.71611,83527.82066,80401.42567,78528.21341,77351.28107,76470.37006,75995.72389,75701.65495,74980.9269,74232.80301,73132.91576,72045.86331,70604.20359,69639.79389,68421.44728,67613.32192,66340.49783,65268.41315,64215.06459,62512.1306,60828.15513,59133.1283,57927.71089,57129.1905,56143.07519,55432.05157,54393.51991,53657.39,53356.51874,53706.71081,55104.51775,56674.84185,58641.88796,59965.93043,61080.83645,62154.56499,63625.10833,64929.72885,65764.82812,66421.96917,67215.45007,68521.18101,70254.25952,72431.7441,74710.36706,76806.93834,78686.14194,80645.8186,82681.04972,84495.41622,85996.35803,86919.78928,88217.60201,89978.00709,92411.40443,94531.59362,96363.54939,97878.98659,99921.53003,102013.4606,104141.3276,105716.5301,107101.896,108511.8974,110149.5271,112092.7807,113677.946,114765.2324,115212.5471,115547.0148,116533.6051,118081.2283,120416.3687,122816.2654,125577.9297,128480.9027,131206.0055,133148.9482,133483.1401,133167.3909,132720.2467,133271.0534,134635.0774,136353.9684,138670.8003,140862.8969,143353.3401,145756.8446,148290.1837,150324.9358,151002.3725,151411.2482,151925.5054,153570.706,155550.7408,157841.5873,160717.7766,163157.8397,165565.9348,167450.7975,169184.6866,170232.5705,170635.6492,171718.119,173593.5954,176256.2872,178623.6118,180752.2986,183065.7995,185308.5106,187603.0304,189418.8677,191199.9314,192847.0147,193790.6724,195067.8679,196209.9792,198115.6854,199973.1269,201719.6332,203352.4246,204717.2879,206758.7308,208997.1726,211015.3431,213070.3477,214746.1025,217509.6572,220043.6229,222491.8668,223619.5143,223423.0669,222998.0616,223301.8809,225017.4541,227981.3187,231140.7278,234331.5797,236953.3183,239858.9015,243173.1139,246857.1431,250797.0788,255097.2863,259891.0597,265084.8018,269832.9901,273981.8297,277087.0074,279863.7287,282965.6455,287519.7143,293324.5755,299800.2615,305977.9441,311171.0125,315511.9379,318101.1831,319213.2028,318791.7079,317411.3973,315589.7458,313802.3116,314130.6638,315739.6652,317527.8809,317747.3272
166818.6677,167184.1165,167982.1364,169167.2684,170598.8806,171863.6642,173549.1369,174963.8534,176623.067,178073.9514,179809.8557,181214.1016,182609.8907,184082.8102,185628.0923,187441.9483,189090.7195,190717.3654,192214.8519,193816.9044,195261.9914,196403.185,197593.4937,199062.4905,200900.8963,203033.5562,205532.4584,208109.9019,210780.9388,213301.7886,215914.2469,217974.3891,219682.0513,221569.4274,223567.0761,225772.1921,227494.4906,229355.0482,231166.2363,233489.7841,236047.5278,238707.0166,241062.8608,243399.656,245644.3145,247686.1464,249964.1936,252397.3529,255517.4499,258267.7203,261347.4824,264861.7885,268923.8072,273232.3132,277173.9987,281399.2936,285666.4366,289525.0344,293630.2485,297908.3076,302720.5394,306899.7367,310960.8589,315567.4501,320153.8237,325469.5361,330455.1376,336042.5665,341576.9202,346869.5684,351618.106,356109.7506,361208.4427,366484.4425,371424.3165,376277.5783,381443.1636,385918.6311,389697.0206,392468.7447,394196.4284,394934.0931,394778.1645,394325.1372,393043.5783,391111.6143,389862.0095,388930.554,388776.8031,387355.2958,385317.2205,382203.0447,379232.3398,375800.1738,372634.6003,369171.4379,365797.6266,362531.5739,358582.3384,354131.3476,348739.3762,343681.6836,339143.0353,334440.5729,329989.6652,325940.4177,322435.1283,319325.0179,317196.5643,314496.2155,312033.0004,307370.9042,303565.2194,299793.6168,298277.2583,297307.9198,296206.9026,294171.5285,290613.881,286631.5754,281739.089,279060.4146,277266.6384,276916.9413,276802.6818,276870.1534,275446.6542,272847.9161,270090.2872,269045.3941,267394.0353,265471.5911,261635.4504,259348.4801,256167.6046,254433.6635,251723.3385,249616.3758,247346.9804,246021.8835,244459.6741,242542.6532,241120.3759,240396.756,240518.9222,239665.4169,238797.8755,237521.4729,235923.6395,234914.676,234505.9364,234621.074,235000.0131,235944.1397,238039.1538,241506.85,244841.6167,247715.0127,248822.1492,250518.0545,252473.6731,255204.7723,257114.7966,258564.9465,259680.1706,261558.7197,263566.9588,266751.0478,269415.2173,272388.2125,274412.397,276916.3747,278829.0153,280342.1471,281821.2263,283237.1134,284594.4477,286049.0814,288431.5549,292168.0591,294640.1095,296433.4045,297040.2105,298298.4137,299863.2637,301378.1977,302818.3579,304914.2575,307555.937,311531.7881,315502.6967,319124.5019,321242.8816,322166.6021,322263.7283,323031.8132,324312.8627,326162.8186,327599.3905,328963.4883,330871.3943,333460.4148,335748.7648,337339.4354,338676.2251,340752.1101,344212.5888,348407.2668,352123.9213,355358.6133,358295.8531,361656.1392,365097.4459,368443.7277,370621.1204,372016.529,373023.4033,375100.3178,378292.5803,381866.7436,385631.8323,388531.9045,390962.6451,392704.2383,394724.1938,396735.0449,399121.3516,401741.985,406934.6674,413085.7882,420754.4903,426024.8686,430872.7961,434961.9432,439036.7745,441562.9452,443279.0556,444416.7339,446759.6982,448549.6417,450010.7495,451164.5409,452309.8388,453991.4022,455641.4153,455361.0149,454164.8152,452784.0702,454082.9313,457621.5127,463239.3634,470532.9675,478195.9939,485947.5972,493362.9381,500693.7562,509224.1239,518896.8444,530228.724,540462.0692,549147.6631,557186.265,565784.1994,576029.5899,588541.2683,603611.8761,620200.3573,636347.5781,649011.4446,659007.1733,662937.5351,662067.173,656968.6977,652782.6595,650551.2684,648533.4773,644228.9426,639156.0734,635856.4037,635060.117
78457.47796,78505.44865,78597.33466,78709.29605,78806.63259,79079.25059,79492.83388,79792.32507,79829.19342,79950.92345,80376.84433,80826.04989,81118.15757,81428.80965,81508.65459,81732.26713,81669.68101,81874.17432,82152.05303,82629.35786,83231.01802,83479.67013,83553.82,83500.18047,83433.41621,83351.13638,83496.77562,83928.20963,84660.26744,85342.17666,85904.36009,86346.01881,86697.81733,87216.09089,87682.24408,88309.85712,88820.88941,89580.94462,90253.00753,90983.5594,91553.32287,92074.88492,92492.1299,92917.69006,93353.07655,94046.75509,94965.67213,96015.57587,96862.2303,97569.33298,98261.88124,98974.84199,99735.5061,100760.5014,101791.0363,103100.9945,104699.1679,106429.9653,108058.7992,109261.6782,110610.8225,111737.1775,113123.0937,114993.0103,117193.7833,119757.704,122562.5675,126113.729,129926.0778,134040.6418,138354.7116,142126.7396,144843.5622,146902.3341,149386.7947,153987.9556,158835.3804,163763.7344,166564.6383,168744.802,169703.1438,169382.6853,168275.8223,167497.4221,167821.1436,169043.75,170445.6944,171079.6905,171257.4802,170609.9813,170369.4379,169696.4946,168615.4473,166747.0661,163652.5677,161319.4685,159771.0725,159223.1401,158138.8083,156671.0351,154956.3586,152696.9477,149992.6223,146386.8837,142939.0771,140846.0642,139421.8194,137375.4425,133915.9293,130629.327,128014.0538,125458.2228,122885.9103,120081.1584,117762.9739,116158.7558,114889.1253,112330.0118,109747.0659,107692.8663,107340.7805,106903.2546,106233.1412,104830.0711,103210.6469,101435.905,100286.9258,98744.28523,97211.39627,96146.6696,95896.38815,95652.52355,94313.91575,92496.32445,90649.92372,89456.29593,88570.3159,88020.52882,87311.52244,86637.08042,86146.91332,85851.56449,85279.32337,84501.74396,83789.43832,83734.2249,84045.55872,84492.87397,85034.55769,85453.40671,85694.7055,85575.83564,85372.7931,85265.11835,85360.45688,86178.60869,87254.13642,88346.49622,89171.02762,90287.68573,91971.40828,93809.51922,95514.95286,96932.31673,98223.86059,99417.00532,100653.6906,101874.5556,103192.0079,104581.7689,106101.1497,107548.0433,108461.3433,109012.6249,109547.0813,110307.6019,110985.2393,111276.1098,111890.6086,112692.0761,113511.8002,114003.4998,114540.4915,115530.0317,116882.6704,118685.1449,120712.906,122524.8438,123903.1553,124925.5548,126055.3691,127557.0758,128932.4085,130275.3889,131044.0212,132191.7272,133136.6547,134317.5093,135289.7257,136618.4674,138122.0241,139614.772,140701.6225,141666.1082,142414.1763,143341.4815,144478.4619,146034.3401,147549.7648,149100.7268,150711.2826,152451.0564,154203.9656,155967.5702,157592.873,158883.5873,159827.8638,160995.0959,162545.8219,164432.099,166307.2521,168240.1579,170465.0212,172616.928,174564.769,175920.7709,177208.0057,178355.8031,179308.4275,180019.436,180552.6239,181127.4155,181725.2825,182567.1946,183604.7071,184859.7866,185862.6224,186838.6595,187858.0575,189186.8615,191006.3003,193098.346,194952.5372,196291.3384,196869.3116,197321.3002,197957.3152,199146.4001,200986.2493,203043.599,205435.7263,207741.2375,210583.2255,213724.4517,217065.9698,220056.744,222969.481,226656.608,230611.1914,234458.7354,237905.0041,241922.8053,246740.7913,251937.5299,258059.6982,264749.7559,271661.4182,277873.3566,282937.7903,287408.5231,290219.9175,291482.5027,291126.2662,290388.9401,289338.9039,287746.5742,286357.7359,285860.5576,286400.5064,286500.9837
49106.487,49069.82058,49035.33285,49155.18011,49295.19118,49607.52787,49849.36951,50363.46168,50878.11899,51539.60994,52012.09707,52528.08547,53079.90148,53768.07012,54536.11323,55296.54488,55832.42475,56224.93119,56379.84376,56580.50866,56771.53946,56982.65751,57074.91422,57077.75907,56992.07606,57181.09028,57408.4657,57756.66915,57832.1157,58010.80259,58208.42603,58637.53103,59041.45059,59427.14809,59884.81304,60237.36606,60543.57348,60842.81845,61301.34995,62003.22713,62546.14142,63084.79341,63622.39405,64285.8839,64914.24939,65569.23114,66011.44182,66564.24072,67402.76424,68734.63099,70228.34262,71617.89332,72352.81455,72894.84451,73488.07862,74917.61857,76505.28675,77934.03516,79286.22439,80618.12224,81921.5071,82838.31709,83789.23165,85020.11433,86702.72641,88504.17719,90306.08578,92422.98092,94454.29223,96389.90421,97622.63617,98921.97628,100060.8337,101317.4371,102345.8256,103333.979,103769.3713,103906.0149,103810.4386,103774.3055,103734.3626,103757.462,103848.6995,103965.5888,103711.3188,103545.4234,103353.6004,103209.6962,102617.3648,101621.7905,100929.8305,100116.0087,99362.42249,98186.92668,97084.84246,95910.21887,94588.0452,93268.03543,91974.35134,90586.74447,89260.59925,88068.74441,86952.75702,85429.30653,83735.17596,81930.82066,80606.8255,79535.06934,78715.86652,77994.49036,77245.68517,76473.22311,75751.49629,74970.12206,74275.04069,73496.82176,72788.75557,72274.24994,72011.00707,71837.23096,71520.34408,71055.17315,70634.31311,70218.98133,69907.01069,69567.84204,69230.58565,68841.43295,68337.13653,67579.21331,66903.70658,66190.4676,65742.17021,65237.87188,64802.30512,64521.26565,64391.87204,64451.77299,64420.75154,64270.87038,64063.06636,63949.51135,63857.06039,63886.54104,63980.60415,64209.59067,64290.97744,64425.67113,64461.76812,64614.9977,64428.6076,64185.49934,63811.86983,63737.44446,63986.53487,64678.48281,65318.57448,65641.9629,65900.5683,66468.57845,67136.12841,67714.70159,68089.16218,68730.14164,69113.98395,69140.49564,68642.76487,68444.50372,68453.70833,68762.80222,69003.7576,69450.24601,70158.89135,70580.64365,70505.14999,69773.3537,68862.82355,67699.0938,66765.18561,66227.67317,66426.21097,66599.37647,66705.34642,66775.84704,66986.18529,67245.9354,67414.50015,67827.26294,68672.44075,69903.79145,71179.09273,72269.23817,73096.63466,73699.15093,73864.60054,73957.51115,74083.38049,74502.65959,75161.21511,76036.28977,76927.68247,77784.41408,78370.87758,78710.5166,78867.55956,79036.69631,79151.62433,79329.19206,79443.98242,79757.16921,80392.52607,81251.27737,82316.27672,83122.14847,83773.22815,84012.85868,83682.84316,83095.85917,82934.22583,83032.82841,83392.27505,83501.22065,83929.10995,84214.41018,84557.3555,84806.76389,85450.16159,86009.34191,86630.47364,87371.60019,88528.57081,89515.90118,90634.42457,91776.87057,92892.09809,93644.80073,93733.56891,93957.31692,93772.41167,93786.78133,94196.61811,95279.21736,96534.60323,97376.63851,97975.82609,98612.75163,99568.64429,101038.948,102993.7624,105068.3868,106974.7768,108267.5977,109458.2433,110797.2534,112666.3528,114790.7342,117378.7776,121380.0981,125252.7351,128046.6309,128818.7767,129296.0513,130887.3334,133232.5227,136846.4753,140932.4135,145116.7754,148844.0956,151674.6138,154685.1621,156629.1152,157253.8749,155774.112,154011.094,152597.1336,151857.8469,153546.9531,155628.6128,157625.051,157190.0234
99499.74181,99919.48865,100225.5467,101089.4191,101338.1185,101304.9839,101204.904,101806.2278,102680.9152,102952.0825,102941.846,102564.248,102638.8637,102446.9163,102449.8223,102169.1098,102436.057,102952.7659,103626.3444,103824.3548,104118.4316,104371.5261,104732.0367,104885.1413,104957.3849,105357.5538,105501.9187,106173.7919,106964.1928,107756.0145,108230.8539,108664.7809,109802.4926,111093.0405,112123.1282,112845.0751,113483.7838,114338.8477,116052.2443,117650.2516,118632.7953,119009.7796,119753.059,121502.0672,123449.8787,124999.7038,126086.6216,127284.1733,128969.021,130685.1633,132162.812,133390.6568,134899.8271,136760.8194,139133.2908,141347.0595,142781.1767,144169.9146,145389.7725,146669.2587,147341.9164,148401.2781,150054.8776,152686.6455,155177.8526,158359.7018,162598.5158,168267.5049,172873.745,176273.3385,178548.4842,180991.7219,183396.742,185426.5236,187931.6719,189000.4371,190624.1458,192156.2384,195414.0605,198099.7312,200163.572,200970.8619,201025.5973,201131.4339,201025.5257,201119.1439,201638.7572,203815.8888,206115.9132,207085.9835,205908.0909,204511.0761,202602.7492,199523.6759,196960.7821,196105.1162,196009.2681,195047.7023,193022.018,191227.203,188822.8379,186142.4095,183390.2044,180792.041,178569.2488,177237.4846,176127.9423,174101.1479,171274.4872,168580.7748,165903.603,163155.2583,160639.4971,158734.6767,156777.8973,154958.1861,153585.4311,152741.6528,152113.4481,151954.6596,152996.0238,154523.2163,155343.3983,155264.7971,154111.0298,152979.4114,151668.3734,150725.1953,149734.484,148538.7261,146867.4569,145290.258,144178.0419,143241.8143,141813.6055,140285.6629,138555.5561,137168.2163,135565.7387,134508.5222,133503.3678,133282.0321,133271.9778,133034.0822,132450.0781,132279.737,132831.4036,133447.0616,133488.8978,132994.2115,132023.7886,130604.2255,129384.1285,128668.5334,128651.5292,129168.9857,129996.9633,131283.7254,132668.2141,133551.1229,133724.4384,133265.9999,132613.7675,132042.7654,131755.0217,132397.3208,133272.4679,134273.9455,135268.2165,137126.5047,139362.3429,141481.0243,143175.3102,144037.1732,144505.4771,144639.1527,145184.9277,145777.4719,146320.9258,146900.5926,147190.1965,147701.9946,148501.7129,149585.1585,150814.3535,151858.2548,153333.9509,154780.6646,156584.6623,158212.8643,159143.6392,159327.1678,159040.5527,159047.2169,159480.0169,160388.9941,161939.2463,163330.2269,164473.3576,165306.4479,166464.1029,167607.8087,168455.6532,169108.9951,169835.7251,170747.6115,171780.5659,173088.5203,174794.4176,176740.7842,178553.9938,179879.5249,181032.9889,182017.8197,183318.5013,184455.8613,185219.0098,185635.5592,186320.6431,187789.4307,189782.6197,191646.5552,193578.5106,195140.9788,196593.2485,197434.42,198378.9536,199483.5046,200011.0646,199641.784,198696.1326,198687.6559,200163.9008,202403.1578,204815.5995,206928.0555,208597.2787,209665.1872,210556.0711,211891.4061,213826.4792,216253.6119,218888.3702,221335.2143,223141.9459,224566.3373,226347.3351,228903.5598,232628.9039,236779.1561,240862.4973,244713.3428,249118.8922,253989.4117,258327.7374,262307.2112,266239.6813,271554.0541,276381.2145,279123.5008,279273.3765,279094.2438,280560.4121,283213.0639,288257.4556,295028.6268,303058.6457,310690.1027,317290.5428,322866.0237,326177.2098,327309.3512,326382.4816,324986.8051,323544.6735,322202.94,320660.0732,320200.7663,321424.5044,323864.5663
46759.8538,46498.3597,46544.71271,46687.61526,47283.15124,47880.81866,48694.57198,49408.89558,50002.96307,50372.23794,50694.82426,51123.70518,51533.72388,52075.79126,52639.45612,53313.19734,54028.82289,54986.82478,55930.31784,56717.94239,57600.85884,58267.92982,58769.13541,58739.16682,58634.35339,58396.2316,58203.48409,58263.39381,58661.97555,59268.05945,59939.09502,60812.92154,61655.76176,62317.88582,62713.13653,62895.75173,63102.67226,63262.65404,63594.94331,64161.53485,64852.92637,65698.72185,66522.57508,67585.60548,68784.73833,69819.3716,70545.43774,70956.73673,71381.96171,72561.17102,73832.62873,75284.37776,76307.88515,77634.60439,79253.44861,80903.34282,82623.49018,84027.82606,85340.09906,86362.85802,87417.84816,88205.87462,89169.97431,90480.21992,92378.96057,94847.67366,97538.69063,100448.248,103247.1635,105526.4883,107129.9066,108078.7756,108895.4532,109640.8871,110521.2289,111504.9205,112447.2386,113143.6004,113332.3714,113315.7328,113351.508,113537.005,113449.2893,112935.8569,112308.4927,111830.7342,111336.2577,110908.6982,110317.7552,109651.5867,109108.8491,108058.0081,106829.5416,105110.9176,103682.1103,102372.3581,101081.9668,99926.04324,98541.3344,97037.06225,95190.47959,93716.58669,92159.12275,90472.73251,88567.27919,86895.02489,85881.28134,85119.09705,84037.12568,82802.74003,81542.92817,80567.06933,79604.16909,78529.16887,77418.08623,76358.64824,75369.96141,74310.58187,73378.52797,72627.99019,72148.27362,71702.0203,71237.41521,70857.06749,70587.51572,70397.32433,70248.5415,69888.48224,69338.61405,68822.60434,68577.98325,68371.61408,68052.65893,67632.25274,67171.68206,66734.74069,66468.78979,66399.02581,66364.66367,66256.5531,66058.17167,65985.52933,65945.08482,65996.83993,66109.14508,66254.34251,66271.19362,66428.60915,66653.27159,67331.62058,67728.14387,67688.65161,67502.44195,67569.00029,68075.53714,68614.52507,69103.01241,69510.53061,69839.0285,70071.59372,70076.56481,69976.69068,69950.82329,70166.37596,70698.94524,71211.15394,71516.13773,71787.22836,71969.32556,72303.35935,72406.27439,72541.41758,72707.5169,72754.74448,72922.16718,72979.65783,72900.04305,72470.62997,72193.39803,72253.78809,72006.68567,71417.82276,70756.58581,70754.58581,71132.4313,71589.79078,72156.50505,72794.83353,73633.98087,74494.7937,75078.5599,75444.98109,75505.46598,75675.33031,75637.97547,75975.07411,76769.73267,77898.7757,78737.06588,79402.81471,79801.99542,80249.50075,80695.0763,81232.33715,82220.28639,83085.7691,83849.49435,83919.78197,83750.48716,83337.63546,82967.52373,82892.98957,83212.6415,83690.99597,84064.27453,84207.64113,84150.51232,84304.7233,84891.2965,85661.6851,86094.25509,86075.98071,86217.68811,86301.55622,86573.60977,86740.01011,87207.9473,87501.29028,87680.30346,87730.48115,88326.203,89016.53991,89990.37071,91133.19932,92442.95398,93780.5233,94691.39731,95633.65511,96123.26708,96405.01753,96521.48648,96763.41242,96978.52901,96899.16278,96810.95725,97047.49481,98112.28628,99898.09733,102190.4125,104509.0154,106862.0125,109036.809,111142.7981,113594.3466,115914.4896,118254.6807,120316.062,123302.9366,125150.5866,125884.6526,125487.8705,125913.5005,127369.4693,128957.216,132464.4161,137258.7386,143477.7448,149139.3394,154313.5467,159389.3877,163512.3049,165952.2586,167101.01,167672.1635,168086.9817,167686.8531,167065.9924,166194.664,165276.6269,164093.6703
93865.00614,94419.37405,94756.23135,94852.36223,95035.95688,95430.82418,96605.8593,97241.28628,97487.95523,97453.56933,97747.46175,98104.8609,98172.85843,98212.16771,98881.37576,100921.8569,102683.1096,104287.5155,103897.7534,103370.5848,102331.7816,102388.2503,102514.329,102800.8338,102819.1401,102487.7141,101609.0959,100662.2812,99513.70281,98446.49132,97563.67271,98177.06366,98896.42315,99605.1714,99756.00052,100481.7337,101250.79,102498.2868,103941.3613,105873.9091,107209.7434,108840.8138,109661.0458,110321.3765,110596.8138,111363.7894,112227.5152,111341.7873,110291.2374,108494.7283,108609.8917,109548.0094,112188.008,114564.296,117360.4123,120019.8085,123718.9057,126613.5313,129667.053,132405.4115,134755.9578,136874.1965,139726.0371,144847.6117,150225.7042,155067.9978,159197.6413,163746.8557,168116.4819,171911.6772,176110.5202,180637.307,185875.5058,189975.6043,193715.3635,196528.8028,200003.0461,201462.8269,202244.7125,201246.6516,200652.4145,200165.7837,199818.0965,200009.7651,199191.5392,197739.3604,195892.245,192604.307,189280.8436,185982.3786,184595.6082,182270.2209,179560.8152,176070.5537,172946.2626,170346.9884,166975.6348,163632.5139,159692.7887,156341.1132,153610.3933,150678.5779,147314.2434,143715.5227,140008.6298,136561.1994,132893.5831,129380.0563,126813.0562,123936.1488,120745.8669,117431.7505,113850.8252,110874.178,108103.1974,107010.728,105813.1304,105458.2251,105127.8094,104819.0527,102912.2273,100533.6062,98516.88329,97079.18068,96074.08724,95024.20039,94236.88799,93203.18237,92626.53725,91676.58267,90898.29642,90385.9925,90293.69191,89687.17581,88717.76214,87022.83094,85781.03997,84004.82627,82915.5154,81706.2625,80778.79536,79915.35852,79326.10871,78180.40091,77751.7333,77871.39896,78464.88807,78651.8053,78762.93008,78944.0059,78756.54258,78217.97165,77898.12526,77951.55245,77902.27258,78396.02081,79158.9553,80689.60428,82036.42327,83170.74362,84179.44997,85364.09061,86233.5811,86783.60467,86972.27474,87232.26982,87269.29489,87688.84965,89045.12664,91251.35545,93160.81042,94615.50792,96043.1735,97489.53393,99099.96348,100665.6337,102358.1684,103602.0457,103983.4184,104486.5241,105009.9497,105614.0294,105743.7542,105946.9513,106832.7991,107963.4423,109021.2011,110345.3276,112172.8964,114198.9241,115383.4089,116174.2055,116844.6986,117864.7461,118867.5098,120348.4021,122292.1861,124824.9919,127098.6375,129041.4634,131106.2697,133303.2015,135027.5237,136413.332,136996.8174,138431.5963,139679.1288,141455.8119,142980.6149,144729.327,146697.2884,148820.2792,151109.7687,153169.6968,154777.7677,156540.0316,158346.9326,160796.2933,162542.3866,164078.5013,164738.2365,165159.3516,165760.4394,166438.2856,167493.4159,168454.7981,169303.7299,170150.8892,171436.053,173727.9922,176042.9701,177764.0545,178303.1407,178718.0723,179333.7831,180665.4122,181760.177,183149.6639,184485.2914,186282.0643,188169.5525,190006.2857,191655.7695,192742.3561,192893.7672,192298.6448,192347.7986,193963.0738,197414.0944,201232.4783,205279.8775,209018.7173,212416.3672,215914.1796,219934.294,224560.3726,229617.5058,235717.7118,242502.6582,248823.4376,253677.5105,257871.3579,262390.5564,266888.0054,272168.6747,277909.0776,284064.4924,290210.9264,295590.0884,300483.9569,302970.4921,302728.303,300864.092,298817.2377,297433.5879,295315.1571,294480.7409,295102.0091,297444.1646,299102.5952
73101.4774,73279.56933,73588.36833,74231.99887,74912.28836,75727.31831,76398.26302,76803.91769,76882.83357,76877.39837,77181.9168,77501.67028,77961.22633,78276.037,78558.3612,78571.25761,78734.19332,78958.06306,79362.57134,79876.91329,80422.10809,80970.24818,81316.58514,81605.5996,81711.23352,81675.25786,81760.41428,82111.99221,82645.01772,83047.60462,83380.75644,83542.97645,83806.86525,84168.79632,84768.45634,85302.32634,85720.552,86044.37227,86518.83322,87293.93238,88330.22625,89442.21718,90363.00541,91264.58385,92102.46243,92932.31487,93703.45558,94532.31587,95390.5825,96023.34706,96367.43793,96774.32137,97577.02571,98913.26564,100512.6092,102176.329,103896.5185,105432.4434,106840.12,107933.8933,108965.6174,109973.8925,111710.997,114323.3077,117663.2245,120911.8912,124211.7661,127305.5228,130581.5845,134457.7671,138594.6656,142608.6335,145955.3504,148685.2807,151929.5653,154966.0895,157507.7498,158801.5629,159466.6082,159998.3706,160123.4175,159914.9304,159882.6902,159800.0563,159418.0505,159007.5988,158627.2876,158608.7676,158466.5056,158235.0555,157677.9998,157296.0722,156950.9676,156104.864,154605.7737,152721.671,151017.3804,149468.4187,147431.805,145683.1244,143292.4773,141274.6648,139139.047,137147.9593,134910.0838,132232.7392,128781.8755,125682.4601,122681.4054,120784.7359,119147.8444,117580.8869,115950.422,114102.7045,112221.7559,110189.3088,108298.9738,106373.9869,105065.4328,104067.5314,103591.7893,103435.9098,103504.0889,103270.3803,102299.5817,100930.6785,100013.3637,99381.40905,98925.72945,98268.13244,97493.97512,96411.79543,95655.05032,94800.70589,93722.04009,91914.57276,90245.791,88870.40645,87442.14032,85958.30913,84710.49509,84608.41291,84653.66199,84593.17427,83535.73988,82838.92894,82255.52722,82489.79015,82951.57911,83504.39356,83559.56082,82951.70026,82171.90504,81684.64065,81764.36114,82767.09705,84098.08412,85601.8501,86579.07999,87699.61111,89031.40198,90374.04053,91514.85419,92216.06583,92908.3613,93518.10726,94111.4485,94921.70569,95990.64527,97481.07835,98805.79423,99867.70477,100559.3864,101175.7957,101971.2653,102651.4392,103142.9556,103209.9268,103553.4202,104375.6522,105381.0425,106071.6214,106479.1938,106777.5344,107317.4757,107885.1139,109006.6157,110118.5193,111411.291,112453.4275,113321.2774,114138.2127,115081.4869,116061.4866,117050.167,118046.9442,119208.9508,120139.4576,121112.7979,122807.1857,125065.0649,127352.5762,128744.1199,129556.5145,130156.9676,130967.8689,132196.4962,133981.265,136145.7831,138443.1081,140420.1091,142101.1409,143541.9147,144671.431,145479.1457,146080.2272,146670.2403,147479.4084,148597.5233,149899.9172,151442.7835,153047.6943,154730.7898,156306.0805,157777.4326,158826.1722,160096.9939,161505.5275,163082.3706,164395.4794,165362.2056,166409.4199,167480.5061,168853.0744,170444.4689,172133.327,173344.7395,174364.5037,175583.5217,177227.2134,179306.3636,181038.6483,182495.5577,183639.8752,184236.0522,184481.8555,184822.1262,186302.8067,188700.7357,191253.1909,193822.388,196113.5875,198291.7283,200380.9411,202898.9311,205801.0593,208994.8922,212714.2202,216017.6981,218469.3748,219964.3385,221587.5082,224221.2986,227841.3973,233832.9459,241066.3496,248769.7867,255505.1148,261370.9044,266839.8254,270719.1119,272731.1287,272795.3726,272362.526,272056.7108,271497.0676,270475.0328,269471.8368,269108.0286,269305.9184
87480.26255,87138.86874,87032.91349,87093.89668,87567.2476,88104.76834,88297.59939,88403.86211,88829.65246,89532.72719,90423.9994,90894.78547,90973.97819,91175.12574,91784.59289,92654.19231,93472.87897,94466.47417,95813.54791,97057.92501,97825.11882,98405.94824,99203.09077,100618.4518,102055.3329,103295.3876,103883.0722,104610.9341,105068.3104,105649.0602,105924.9027,106610.0802,107581.2024,108928.2773,110397.4142,111157.2627,111957.3324,112708.5468,114439.5344,116059.2723,117781.6489,119722.8868,121850.7675,123588.2729,125244.1667,127195.9856,129254.2002,131504.9901,132930.5419,134303.5455,135172.4046,137107.6996,140007.4424,143476.4079,146935.8519,150450.8364,153853.1917,156441.5241,158951.3207,161993.9065,165975.3843,169994.6803,174080.2988,177960.7874,181996.3595,186036.0434,191184.2415,197779.6715,204751.9423,212067.2779,218674.0297,225674.2736,231838.2443,237001.9793,243099.9431,248839.0043,253751.5924,255130.7229,256511.8962,256808.7415,256578.1959,253697.7846,250690.9665,246607.6067,243844.1786,240541.2487,237910.3545,234289.7454,229979.7955,225683.0628,221476.4835,217339.4899,212905.7739,206653.0255,199993.1319,194237.1234,189842.5701,187776.5025,184715.6085,181337.3354,176433.2595,171445.2042,165729.1548,160042.0371,154938.9259,151014.2148,148296.7136,144989.4502,141302.329,136920.2314,132941.5031,129371.9038,125571.6555,121598.9903,117114.6134,112875.9664,109016.0917,105820.7596,104796.9564,106264.4222,108994.0512,110416.1084,110043.0351,109491.2505,109588.8238,109648.249,109526.558,108525.665,107684.8233,106507.8361,104647.2643,102475.3208,100335.8251,99293.26867,98520.3014,98039.61499,97384.48343,97185.8311,97300.5095,97502.09192,97529.15353,97470.61101,97842.31104,98184.95262,98353.64075,98462.44907,98762.84868,99807.57709,101286.8969,102833.7429,104241.8424,105213.4831,106259.5261,107247.7347,108647.3073,110399.2181,112232.5399,113954.2876,115529.4094,117436.7745,119929.8209,122891.0239,125801.2146,128402.5515,130517.469,133006.1263,134823.5649,135636.8856,135732.6082,136100.3649,137429.1318,138725.2042,140172.2639,141627.0664,143498.4292,145452.2934,147268.462,148865.2566,150445.7447,152305.6558,154395.627,156661.12,159208.7522,161576.8555,163837.9328,165993.7406,168556.8603,171457.9226,174376.0021,178019.9372,181437.9088,184275.9186,185951.3086,187266.5433,188526.4552,189932.5262,191730.7812,193856.6268,195851.0836,197422.4821,199008.8144,200729.9225,202210.6854,202921.4822,203445.5323,204365.1598,206030.5941,207833.1842,209200.8017,210840.0935,212394.2843,214598.9126,216754.0046,219286.4079,221480.8695,222672.5398,223125.9109,223395.6538,224433.9353,225445.8292,226601.8989,227313.1569,228026.812,228858.658,230105.2424,231803.3151,233350.7381,234760.6998,235225.2824,235299.8422,234879.8304,234319.7644,233535.7992,233253.8098,233302.7625,234334.6572,235087.6074,236647.8596,238282.7441,240561.3927,242825.0081,244943.0739,246572.6307,247486.9076,247432.8513,247446.0285,248095.8214,250596.3387,254642.9919,259454.5179,264410.7373,268888.8359,273308.6032,277528.7008,282155.0881,287933.1161,294776.6393,302599.759,310278.4087,317669.3399,324249.7351,330928.8358,338428.8419,346420.6898,355448.7282,364830.9042,375180.5327,385925.6688,396782.2615,407232.8307,414933.5977,419415.565,420268.4131,419210.0048,416587.3446,413052.8486,409918.0295,407238.727,405398.1702,403419.3058
50510.21084,50850.62819,51302.91973,51740.65461,51936.15483,51690.21824,51585.3326,51866.34274,52533.82714,53435.17773,54262.97605,55021.78401,56077.67373,56713.96519,56790.12881,56431.03615,56024.33895,56124.60734,56103.99784,56343.09384,56251.99035,56185.64948,55847.98465,55201.61314,53940.75148,52765.95835,51918.71222,50881.53383,49746.01266,48863.45673,48838.85079,49113.60785,49559.57478,50078.06872,50453.94831,51376.47388,52813.06484,54666.50385,56875.81665,59195.11178,61833.3348,63331.52007,64178.44877,64682.82658,65738.11087,66880.42675,68217.66037,69324.16034,70293.0919,70651.20548,70658.23208,70394.47284,70085.41415,69808.1773,69926.1737,70659.47597,71366.35503,72197.02968,72319.65594,71955.00684,71792.81308,72125.66498,73228.62659,74589.84821,76449.60321,78500.6116,80620.4702,82541.70056,84314.51055,85670.08383,87196.80832,88902.91556,90000.47413,90222.97394,91052.77405,93426.63178,96249.50989,98582.04487,99179.73962,99899.64325,100096.5316,100168.2335,99888.06071,100112.1948,101578.5382,103894.7359,106092.3859,108135.8728,109259.4252,110475.8755,111138.2155,111401.2383,110725.5864,109682.928,108505.599,107743.7535,107929.9007,108473.9765,108803.0575,108683.7953,108282.0234,107189.2722,105443.8402,103073.7727,101529.809,100915.5301,101069.3013,100649.4808,99135.22304,96672.92814,94254.88654,91199.8029,88536.10356,85065.06055,82867.7044,80997.95063,80466.3329,80200.9619,80679.95751,80981.31038,81163.1683,81094.88497,80625.1806,80327.70782,79296.62768,78342.52766,76462.82732,74586.89557,72996.36507,70965.77001,68987.51967,66336.51675,63751.31731,61522.77212,59905.13187,59154.72236,58883.88896,59100.89901,59316.81753,59365.31923,59017.54828,58533.06784,58303.19245,58202.12269,58531.43602,58991.04683,59480.21855,59866.87684,59897.40544,59677.65031,59034.6638,58139.54942,57388.84122,56824.88858,56597.77045,56875.49078,57599.86942,58576.19826,59382.40242,60114.40311,60705.1836,61334.31498,61967.3572,62605.50417,62956.2505,63099.86358,63161.5693,63500.32027,64223.77657,65197.87484,65894.23489,66285.88738,66566.66677,67093.31204,67775.97919,68505.50682,68969.98535,69207.39855,69603.03608,70460.83661,71312.3227,71824.91706,72174.011,72635.8328,73395.58836,74205.91563,75429.38923,76604.45286,77584.30757,78415.27963,79476.86034,80981.59614,82687.94765,84224.17849,85406.19382,86363.27706,87275.32291,88768.58637,90480.1764,92406.54298,93885.20978,94942.06191,95323.40158,95508.6498,95167.94072,94848.99684,94239.93408,94523.21704,95359.08126,96855.86385,98216.72682,99621.43949,100956.7309,102580.1251,103971.3965,105424.5202,106299.2397,107014.1444,107896.5699,109188.22,110946.0558,112752.0881,114889.2214,116799.8206,118609.5619,120135.245,121835.1718,123429.652,124659.2442,125311.4711,125695.9677,125818.588,126237.7195,126975.8539,128303.8095,129642.4456,130576.4902,131408.0598,132046.7487,132874.5253,134104.2926,135929.7641,137899.2831,139315.4523,139985.7575,140384.2921,141131.8103,142777.776,145235.2307,147912.8205,150398.2335,152522.9409,155152.0083,158367.606,162014.4255,164807.5352,166955.5064,169192.5648,170902.66,172077.1281,172581.5978,173986.0268,176351.4551,178864.2373,183771.9159,190669.2126,199054.0367,205781.3386,210081.7139,213390.7505,215544.8606,216841.0681,217032.6343,216882.4062,216866.9311,216314.8945,216272.1958,216294.0167,216679.0253,216461.0295
37478.98761,37909.69828,38615.246,39137.31259,39284.91943,38877.33388,38823.96609,38781.94918,38899.31825,38851.83798,39045.58871,39546.23549,40272.74533,40925.94883,41314.9695,42229.17182,43214.0815,44372.22594,45399.50647,46483.90417,47379.69026,47986.18655,48724.61304,49325.19476,49901.58564,50209.51573,50549.5158,51021.06007,51530.49545,52113.08113,52704.98992,53240.32686,53828.7044,54128.21863,54632.59076,54989.68004,55388.29115,55624.71226,55825.21576,56149.42001,56547.45331,56961.36568,57593.7617,58665.59444,60275.45585,61861.12339,62938.90185,63343.92632,63456.7101,63995.41185,64645.34654,65827.19347,66923.63474,68186.79777,69432.7119,70877.70195,72745.04476,74477.71975,76187.35921,77741.8955,79153.7366,79977.45373,80554.66416,81695.85671,83436.20757,85431.71042,87280.79389,89790.5325,92684.5271,95353.15427,97137.31743,98611.09177,100078.4584,101208.4265,101821.4451,102099.3048,102137.5308,101888.2431,101928.2952,102564.6944,103636.5678,104271.5594,104385.1723,104093.2943,103598.7812,103050.1295,102149.3493,101496.1025,100554.7284,99478.27121,98740.37858,97955.58311,97411.36663,96110.41134,94769.16682,93372.4695,91931.00125,90306.76501,88483.59694,86675.39768,84951.00711,83490.85018,81973.24738,80442.07286,79060.28695,77828.65346,76899.12193,76193.20072,75389.49096,74638.51921,73716.73588,72836.26245,71994.10701,71015.5111,70007.20896,68984.83561,68180.84955,67797.28692,67571.24106,67448.59179,67165.2008,66884.18446,66664.96617,66438.63143,66416.46201,66388.86727,66491.55755,66305.29953,65720.22859,65048.06342,64715.14094,64696.70969,64550.14579,64071.11663,63248.05262,62439.19978,61623.84725,61184.84018,60780.52991,60802.36703,60937.22201,61348.39587,61533.32248,61743.40634,62025.56949,62379.42261,62961.27891,63525.31223,63994.17342,64089.5094,63829.63299,63293.61456,63013.0504,63110.61158,63646.24004,64253.29858,64572.06062,64744.29792,64839.94882,64837.23227,64502.24315,63840.95933,63375.79389,63319.33603,63721.58634,64321.67427,64681.90604,65183.40355,65879.50038,66963.71694,67682.36413,68093.02954,68287.92572,68401.60485,68442.80729,68678.44325,69363.36292,69903.38812,70522.4158,70820.24888,71199.85689,71604.71525,72181.87025,72922.6516,73584.58362,74336.35643,75400.57856,76328.29388,77115.00961,77669.58814,78017.74762,77960.40348,77476.57914,76906.03961,76413.72523,76521.62409,77322.91982,78411.68366,78913.61163,79010.94834,79036.61567,79525.27023,79487.21828,79289.53164,79322.14569,80050.13808,81235.00136,82205.30581,83251.13383,84143.09049,85645.80415,87620.61284,89740.67561,91235.27991,92299.01467,93338.10858,94148.78445,95131.59322,96879.73074,99224.64248,101233.3242,102421.7438,103521.8227,104530.2968,105702.8169,106376.9402,107235.0988,107770.6521,108094.1905,107664.2256,106712.7962,105714.6903,105645.7752,106552.2953,107741.2222,108676.3603,108636.1124,108638.5187,108681.3918,109226.4517,110230.3586,111746.1399,113790.1283,115401.513,116262.6071,116496.4119,116900.8698,118322.1329,120669.8891,123020.3865,124645.239,125983.7755,127408.6752,129226.6258,131129.778,132949.8896,134942.9091,137202.2267,138749.3313,139273.4817,138963.6404,139466.8095,140975.4186,142383.4369,145360.6845,148754.2538,152894.8609,156118.2162,158541.8195,161204.5423,163271.8577,164868.918,165464.8613,165361.9702,165069.4335,164429.6892,165807.8683,167118.0962,168443.0119,167551.1652
67802.97714,68009.00563,68081.07943,68418.44216,68783.67807,69238.92308,69534.62274,69618.53381,69755.1124,70193.79955,70748.92096,71331.88982,72002.82225,72730.40096,73156.82076,72944.57509,72496.9181,72303.4404,72359.28088,72521.01423,72755.66729,73095.81816,73756.27417,74370.39016,75099.59689,75262.31068,75250.01423,75047.86537,75330.13381,75910.25469,76419.51856,76723.95877,76988.95958,77469.40641,78023.1505,78189.24283,78352.03568,78685.1313,79445.98175,80122.49535,80606.64223,80775.28998,81137.6637,81707.14513,82660.56432,83370.79312,83867.81157,84321.02743,85058.74668,85966.98473,87234.88266,88469.60154,90186.094,91520.97682,93142.21088,94338.7749,95720.38392,96941.38054,98333.01554,99704.26786,101215.0232,102801.0276,104671.0317,106928.2302,109320.8606,112071.8271,114855.2092,118118.6691,121398.7847,125070.1971,128938.2787,133040.1874,136415.4048,138968.4808,140933.0301,143309.0632,145257.9601,147445.9501,149093.2572,150913.3222,152364.2465,153691.35,154504.6039,155001.8256,155340.9945,155973.8429,155726.4794,153886.1289,151474.3,148934.341,146972.0315,144760.1226,142329.0574,140181.0442,138112.0784,136123.9069,133939.2837,132575.229,132082.5458,132081.7149,131939.0457,131267.751,129602.6256,127271.568,124668.2498,123033.9998,121633.2496,120893.3853,119464.9946,117998.8555,115895.9407,114130.9067,112299.3362,110590.299,109220.2186,108824.4651,109055.3055,109174.5475,108924.2758,108167.0147,107897.0209,107463.6502,107562.904,106999.0401,106227.1752,105375.9363,104696.5267,104084.2545,103220.8856,102103.6801,100564.371,99463.79936,98393.86361,97793.19253,96811.27941,96115.52972,95113.51516,93880.83131,92308.12613,91041.17037,89987.8009,89419.42857,88300.4218,86941.3238,85216.77155,84168.24712,83391.30112,82985.70061,82693.08843,82789.20796,82932.86632,82705.0359,82132.51671,81508.63886,81466.21258,81858.76196,82530.4253,83042.33485,83597.01335,84276.45069,85238.1428,86394.8739,87330.83861,88110.96049,88504.49736,88895.21449,89197.8836,89591.59425,90171.39399,90855.37269,91634.41427,92568.07242,93686.60251,94862.21411,95835.79725,96111.95884,95926.59801,95304.69213,95335.93375,95710.70274,96753.5424,97910.13409,99197.49054,100362.2273,101491.8711,102760.8374,104161.6938,105333.8963,106385.2536,107509.8023,108934.1789,110190.5661,111233.9851,111988.6096,112629.4276,113434.0687,114303.4635,115309.9001,116012.9893,116528.9333,117008.7492,117623.3313,118222.0676,118929.2325,119726.8312,120534.1509,121308.5957,122328.8812,123771.1227,125389.7312,126949.8858,128144.0305,129333.2381,130490.5565,131967.6284,133309.362,134853.8193,136620.1521,138830.872,140628.1971,142031.0682,143168.0682,144675.1821,146266.1383,147654.0064,148517.645,149207.9591,149617.5846,149749.1837,149430.605,149094.8108,148853.6343,149093.2064,149782.5843,150701.3491,151614.9591,152514.063,153675.5907,155356.1338,156993.6158,158485.046,159759.115,161026.0448,162198.0484,162939.6665,163765.1605,165172.9161,167655.1055,170786.162,174473.1909,178324.1028,182228.1372,185485.3239,188421.133,191286.6638,194964.5148,199823.7492,206080.6322,212018.6523,216603.7745,219463.8433,222269.7487,225596.217,228886.1942,233589.8504,239453.7266,246929.9409,254153.4658,260665.4,266631.7741,270790.7529,272987.7597,272954.7848,272665.9845,272452.2986,272009.5664,271220.245,270370.234,270096.5484,269983.1035
111763.4425,112219.4822,112556.1291,113041.2003,113601.2956,113618.2491,113435.1439,112962.3662,112995.8063,113477.3396,114323.2136,115462.618,116622.0535,117704.5838,118827.346,119970.5732,120975.9299,121919.7144,122944.5536,124140.983,125177.0102,126161.6778,126842.8931,127572.9222,128194.9462,128949.591,129959.5575,131271.3516,132956.0294,134731.7845,136271.4914,137658.1731,138703.7921,139948.147,141385.9125,143159.8985,144965.161,146826.7472,148824.8467,151045.752,153076.1443,154956.5728,156794.7831,158671.0982,160360.4875,161834.3377,163132.5465,164368.9744,165592.3373,167003.5933,168561.3478,170832.3314,173698.9221,177448.2533,181279.0983,185261.5961,189834.9112,193760.2113,197151.4866,199535.5438,202550.0552,206293.8386,210900.1067,216620.1046,222666.0043,229474.8875,235938.1151,242539.4856,248792.2341,254459.0225,259196.2765,263070.4731,266612.2603,270329.6737,270783.3452,270189.8333,270147.3263,272921.0027,275639.7706,276970.0038,276897.9351,275835.8277,273441.2819,270260.4257,267191.0355,264682.3668,262344.5909,258753.534,253220.7193,245333.5776,238323.3151,232645.1583,228406.4458,224112.0842,219110.6914,214644.1223,210311.8706,208811.2838,209140.8245,209284.6475,206577.9856,201360.9908,196851.9595,192518.3298,188584.5462,184773.178,182820.2333,182823.7806,183532.5352,183427.1299,183094.1565,181424.124,179621.0781,177242.4282,175165.5109,173442.8366,171230.8005,170405.1962,169596.9512,169960.7212,170288.0066,171248.4614,171916.2105,172236.4777,172414.6104,172726.358,172532.3589,171620.1529,170640.4089,170016.4666,168909.3183,167225.9277,165243.7615,163292.4144,161758.7037,160435.9404,159485.6207,158785.1506,157604.6063,156979.0373,156134.1519,156079.944,156739.3903,158069.683,159044.9393,159335.723,159781.7196,160813.0614,162111.0523,163283.7948,164609.2838,165549.3333,166263.8816,166870.5498,168200.4185,170024.5083,172215.0098,173906.3977,175327.6199,176665.9019,178493.0327,180542.0826,182373.0905,183990.9152,185924.3471,187992.1904,190271.1522,192190.1964,193748.8462,194295.9741,194563.8077,194788.4307,195482.6257,196146.5505,196819.2733,197410.8058,198234.5849,198889.573,200233.0866,201562.6656,203431.7244,204681.4188,205509.393,206358.8433,207792.3204,209863.8395,212132.3408,214439.0261,217061.2779,219341.6632,221128.1315,222081.3092,223025.872,224255.2278,225444.7007,226973.4543,228586.1619,230397.0871,231804.5141,233207.4713,235143.1154,237136.3278,238626.6223,239053.6922,239065.4208,238963.1032,239030.1942,239536.2529,240634.2418,242146.6605,243824.3665,245586.4539,247717.689,249573.1465,251758.2083,253640.5913,255481.6577,256657.6527,257324.2211,258010.8694,258486.6737,258980.6544,259715.2766,260563.4012,261778.477,262689.8755,263580.1032,264473.1958,265372.3534,266764.3159,267881.3925,268760.3317,268666.5235,268357.2814,268425.0395,269347.886,270757.1459,271914.459,273194.7854,274677.5441,276143.3579,277421.1087,278305.6222,278781.8183,278367.1248,278112.4516,278830.8498,281185.3042,284739.0707,289080.2251,293753.5461,298354.366,302647.7789,306846.5022,311015.6635,315652.6656,321182.5502,327967.0454,336398.3726,345037.1084,353645.1918,361665.4904,369538.5648,377308.9734,386154.2754,396422.9835,408113.2689,419605.4356,431208.3145,441056.5334,447659.869,449284.7457,447259.3813,444358.9592,441666.4455,438890.7042,435765.1451,432345.7416,430111.4657,428929.9182
174179.0437,174204.0465,174449.714,175584.7444,177408.1489,180057.5433,182435.4815,184735.5538,186656.6354,188720.3402,191107.1414,193475.6074,195637.6986,198197.1874,200734.8259,203508.1794,205948.0312,208479.8206,211038.4975,213397.5416,215966.4724,218604.2909,221355.3951,224166.731,227168.911,229842.7746,232403.075,235135.2066,238214.3167,241847.1219,245453.7703,249324.6143,252896.7664,256186.3787,259147.2562,262060.5676,265380.2085,268785.7826,272284.9703,275613.6857,279472.0827,282782.551,286152.2537,289104.7183,292417.735,295308.7136,298238.7,301001.0727,303896.7287,306706.4264,310258.8945,313982.0723,317658.3209,321790.703,327167.6393,333800.5592,340461.7197,345994.8447,350204.9546,354384.2018,360599.9711,367981.3685,376013.9056,385484.1996,395335.0561,405895.6487,414851.1871,424693.7316,435073.8046,444191.2838,452291.7541,457479.2687,461736.28,466790.6878,473943.6668,482086.2104,485582.9539,486901.7162,486507.9448,487023.7213,485380.9018,482170.8244,478167.1694,473804.7212,471407.6114,469888.9979,467532.5558,464119.1134,460148.2212,456135.4842,449403.8827,441268.4652,434012.2003,427906.9309,422517.6878,413416.2502,405671.8572,398205.98,394321.2223,389060.7518,383343.5496,377662.8929,372609.7121,367138.4229,360710.9023,353584.1481,346572.7979,341263.7257,336278.6251,331217.3091,325640.4496,319835.9151,316718.493,314376.7044,313098.4211,310293.3762,307027.1661,303586.7248,302014.0329,301822.5945,302584.0099,302544.8428,301784.0463,301355.8644,301067.4606,300221.2474,298545.273,295716.036,293158.335,291613.7559,290220.5376,289252.3836,285846.1425,282136.9904,277850.7042,274348.2684,271218.0814,267809.2209,264882.9053,262893.3522,262027.9585,262336.0022,263406.2599,265077.9271,266816.2584,268194.9448,269408.2418,270843.0344,272580.2995,274674.3056,276876.3649,278831.9079,280637.6456,283088.0925,286298.8687,290282.3915,293414.3446,295729.0901,297669.5708,300075.9121,303072.1013,305921.9117,308180.553,310271.5063,312552.4669,315802.6046,318725.9315,321777.0476,323981.8345,326139.0805,327960.8671,329290.5485,330698.939,330903.7532,330699.991,330128.3159,330542.2536,332125.8408,334286.4899,337161.3548,339806.8775,342827.9501,345499.6719,348305.0258,351082.881,353632.7783,355700.4464,357454.7329,359338.058,362456.9091,365531.8941,368278.5048,370062.5404,371849.7532,374193.0849,377232.99,379544.8968,380912.4902,381711.302,383040.2507,384840.7035,387293.6855,390046.4722,392422.955,394341.9675,396748.0986,399697.6484,403027.421,405147.3264,407477.2844,409913.8771,413521.142,416853.8648,419610.6087,421803.8624,424609.698,426258.2961,426985.1315,427317.5909,428647.9168,430617.4116,432040.4004,433960.6372,435834.0588,437505.7157,439175.0619,441618.0347,444797.3535,447191.1903,448711.2146,449923.8057,451028.1625,451951.7231,452971.3716,453970.3585,455109.1254,456285.282,457971.3085,460245.2948,462393.6103,465587.3904,469444.0932,473725.2444,476380.683,476839.5712,476332.9566,476025.5409,478111.9908,482283.5664,488461.1903,496143.5851,504241.825,512471.8818,520310.3665,527731.6515,535600.698,544790.744,555986.8277,568179.8851,579199.2209,590316.249,600162.4479,609817.8023,618725.8716,632090.1429,649052.1999,668625.4647,688472.9115,706232.2242,721919.9876,730780.4871,733389.1179,728822.4206,722756.3768,716606.6735,710580.7449,705507.6026,701034.4599,699472.2709,698146.9709
81324.00958,81588.38118,81760.39171,82081.07791,82406.22433,82786.37223,83358.42044,83845.37666,84571.72981,85370.07151,86260.07219,87000.07035,87566.53872,88056.23164,88566.34305,89302.63608,90142.82553,90987.4082,91790.70712,92679.04797,93492.57443,94439.34647,95248.59953,96388.35577,97502.65564,98770.7919,99935.71342,100944.9961,101947.6776,103119.8863,104472.4163,106277.2094,107978.7704,109623.5737,111048.5076,112486.7982,114015.5303,115516.7015,117330.3034,119136.5332,120998.4831,122518.2654,124136.5339,126001.8657,128080.006,130015.8482,131643.1722,133763.1276,136185.7736,138639.5216,141052.1322,143591.9164,146636.9432,149754.5019,153364.0031,156992.6066,160444.2211,163512.9755,166570.6552,169574.291,172345.1171,175067.5563,178098.7233,182313.2293,186994.7337,192217.8949,197324.3091,202280.347,206783.8407,211049.5203,215343.1925,219166.0396,223008.9128,226521.0227,229918.5419,233663.051,237299.2901,240702.4943,242607.2982,243138.905,242940.7001,241609.566,240168.3144,238672.9279,236337.5659,234069.557,230949.5853,227413.4986,222716.7766,217857.5223,213225.1762,209107.0398,205325.1407,202432.8155,199252.6053,195509.6028,191555.1453,188748.2371,186671.7292,185065.558,183529.1623,182174.6134,180300.5814,177004.1974,173050.4436,169178.2323,164891.265,161558.0433,158304.6764,155956.4304,152570.6189,148956.9994,145175.4373,141493.5615,138099.4978,134988.1147,132150.4338,129886.9115,128796.8795,127712.735,126342.3478,124243.0819,122932.8435,122219.0601,121532.3451,120717.5841,119610.2456,118728.609,117669.7085,116277.4036,114788.9581,113171.863,112045.6849,111270.4461,110627.4353,109981.0859,108596.9177,107164.3958,104856.8498,102973.225,101616.2326,101297.1578,101743.6022,101559.646,102495.2864,103222.8758,104435.4453,104573.8847,104727.1227,105215.584,105632.7813,106107.954,106557.2759,107427.4059,108694.2936,110737.7453,112340.6277,113614.0861,114770.7438,116727.7632,119531.7557,122575.516,125657.276,128629.4835,131399.1774,133471.8166,134992.9635,136550.4513,137887.0651,139205.9471,140421.3763,142516.6329,145201.1563,147418.2667,149222.5462,150827.3871,152546.8891,154565.1501,156350.2108,158469.8345,159867.5927,160801.5993,161553.4614,162948.8853,165371.1364,167879.0102,170960.9441,173827.3393,176936.9533,179697.0161,182493.2182,184768.8468,185835.907,186153.7979,186381.9844,187373.6315,188732.3534,190266.319,192430.4745,194471.9637,196679.7817,198385.469,199747.4868,200540.844,200943.9763,201718.5501,202994.4584,204212.3752,205231.5084,206177.3314,207781.6892,209807.043,212126.8906,214199.6828,215803.5576,217208.6172,217810.6075,218585.4709,219187.1303,220302.7153,221743.5201,223112.3347,225264.7651,227226.2283,229103.3939,230468.1056,231824.2766,233495.3031,234614.5224,235711.9746,236350.4892,237099.7832,237702.4913,238321.2793,239663.5179,241309.7464,242848.3844,244195.4909,245982.1836,248788.97,252610.847,256612.5809,260091.7563,262053.9068,262182.3942,261567.1531,261476.8515,262523.1443,264698.3927,267029.7392,269977.6383,272920.4634,276236.905,279660.1464,282979.4474,286431.49,290321.8563,295339.3486,300936.3853,305859.6498,310041.7027,313838.1361,318192.8552,322839.0868,328961.8427,336056.4706,344421.581,352343.0696,359277.7884,364699.7197,367405.9283,368003.9315,366625.9101,365162.7225,362996.4996,360091.5384,358448.1699,358221.5898,360120.5458,361398.2953
153455.2624,153941.321,154179.7675,154654.4686,155360.1508,156210.3256,157438.5908,158606.7486,160004.9356,161744.2316,163596.8804,165676.9257,167440.5203,169175.6687,170462.1368,171992.4013,173657.076,175928.2052,177707.6583,179296.01,180600.7677,182443.8189,184361.0177,186347.2229,187850.7597,189474.8256,191075.5365,193368.7888,195928.8248,199073.281,202059.503,204786.2663,207324.9026,209668.2943,212383.7055,215378.9141,218312.0497,220805.3375,222989.6326,225806.5257,229369.4994,233038.4547,236829.2728,241051.9516,245940.2301,250922.8483,254798.5843,258707.0437,262234.4505,266588.2339,271164.9567,275999.5466,281480.55,288005.6806,295283.9601,302914.8897,309519.1694,315896.6996,320815.5008,325788.8597,331141.3179,337982.2289,344684.1881,352317.4747,359297.8858,366516.6588,374696.9999,384838.4949,394282.7853,401619.5206,404434.6394,407035.867,409298.6321,414546.7297,419174.5229,422998.5466,426207.3779,429073.482,430330.7118,429601.6756,426483.6065,423133.2017,420324.0151,418489.2426,416577.9068,412512.9883,408184.5241,404199.2155,399817.4816,394908.3078,388455.4849,380934.0998,373580.445,367025.1527,361881.1206,355659.2075,348682.6413,343118.1583,337764.5794,332844.7433,326524.4934,320472.0797,313444.1902,306702.285,301033.1172,296740.1418,292822.2563,289484.3298,286393.9231,283701.4651,280803.67,277683.5732,274366.3969,270962.7062,268077.0335,264997.1832,261658.5062,258714.7618,256947.6658,256000.7965,255376.3678,254177.9566,252948.3254,252269.1204,252116.9903,252208.1658,250988.6468,249163.1635,247341.6511,245430.0252,244309.9299,243415.2864,242589.7794,240694.6214,238492.4449,236289.7239,234608.4652,233678.8011,233460.3216,233562.5312,233673.4546,234452.4684,235726.3187,237027.2283,237457.8947,236984.9198,235832.174,235238.5976,234909.7902,234741.2301,234768.2447,235061.5829,236316.4766,237544.8586,239664.8763,241892.0836,244418.9903,246935.7175,249744.2548,253142.6989,256447.7291,259133.4598,261192.1094,263360.6203,266049.7758,268128.0344,269485.2785,270437.9439,272700.9798,275910.2398,279683.0768,282512.6389,284338.8645,284492.7148,284915.3916,285857.3976,287781.161,289430.1318,291622.1095,294339.9096,297431.2659,300268.2461,302753.6307,305151.5127,307220.9742,308700.3786,310251.1345,312613.4361,315533.0147,318517.902,320616.5199,322254.1834,323721.8049,324932.8924,326254.793,327612.7503,329574.5274,331699.5673,334352.9353,336814.2301,339201.3819,341152.7887,342474.5958,342991.0144,343871.7983,345703.4354,348924.1498,352421.3744,355985.4838,359379.6901,362779.6119,366570.7922,370436.9475,373102.3613,374762.8087,375834.1418,377247.8578,378421.2669,379822.7075,380915.7309,382353.0124,382837.0097,383681.2021,384601.9149,386046.443,387411.2239,388800.1357,390840.3244,392434.7694,393301.6163,393363.4988,393209.8795,392859.649,392694.5606,392801.2465,393347.8981,394119.6957,395718.6468,398401.3101,401558.4067,404363.5915,406976.7183,409339.9438,411871.921,412911.1767,413409.9595,414344.9681,417019.0411,421210.2547,425666.8699,431577.4085,438448.0397,446336.0032,454149.1917,461874.5569,470834.8746,481057.0909,492176.9471,502644.3228,512067.8268,520185.8533,527794.2738,534615.5724,541583.367,551096.2494,563913.3981,579494.205,594972.7264,609221.8442,620745.2395,626166.092,626260.6695,623659.1954,623774.4471,625025.5432,624318.3088,620135.7973,616260.7992,615892.2408,619177.4404
78493.19752,78451.36315,78491.96275,78777.21506,79644.78646,81371.91104,83105.86448,83961.74375,84334.99839,84723.84788,85629.80134,86084.39796,86334.32044,86829.71271,88773.74785,91192.04832,92986.89282,92894.88488,92781.2972,93529.78921,95111.85656,96013.87171,95697.53134,95179.74218,95611.49464,97667.8752,99850.18896,101186.502,101246.3835,100936.4177,100009.7094,98863.73955,97656.5351,97976.85251,100051.6354,102685.191,103920.4339,103383.2566,102355.1026,103626.7236,105711.7128,107846.4157,108211.4481,107673.0745,107266.9341,106356.669,105326.2876,104490.0746,104392.8871,105415.7707,106240.1448,105748.432,104977.7128,104419.9469,105934.9369,109025.2123,112606.7226,115139.5861,116826.0627,118562.3194,121884.7689,124971.5016,127947.3731,130390.4194,132868.3878,135823.6395,138064.5181,140554.061,142589.494,144938.2636,146193.5831,146787.6865,146852.1328,147897.1644,150506.7463,153605.0403,156356.1094,157129.0758,157491.8489,157270.9014,157795.8258,158883.9919,160357.6916,161797.7312,162719.9159,163468.8282,164535.3535,166281.6826,168582.7549,170340.8843,171845.1085,172846.5268,174384.5032,174790.7531,174450.8811,172974.6648,171552.2645,170126.8752,169533.9641,168736.133,167529.1379,165232.9715,162742.9521,159685.1459,156486.796,153446.9399,151068.2105,148832.961,146737.7455,144678.5684,142538.6555,140519.1265,139044.8531,137881.9109,136585.4331,134991.4876,133389.7691,131956.5334,130782.1076,129641.2139,128761.7399,128230.8235,127937.3576,127740.7536,127307.4194,126850.5503,126382.6352,125802.2366,125126.7664,123995.8619,122808.0814,121327.2199,120205.0292,119384.062,118671.003,117834.6434,117104.0973,116698.2565,116295.5289,115527.8429,114763.3169,114294.1845,114223.2958,114174.7678,114031.2598,113864.4336,113726.2074,113625.832,113357.5788,113235.002,112649.6567,112004.3278,111211.2455,111106.2778,111529.2566,112545.8447,113359.0823,113741.3322,113584.8962,113908.2796,115139.2949,117228.225,119642.1241,121699.0991,123044.1571,123904.3797,124365.8909,125184.1318,126511.614,128480.0221,130014.3096,130567.1202,130558.316,130824.7702,131334.5642,131783.8442,131735.2767,131323.1295,130971.3375,131511.1582,132832.7806,134368.5463,135461.0987,136350.885,137315.0952,138642.5783,140371.9187,142721.4914,144939.9221,147014.9122,148327.665,149699.1597,151367.1295,153373.1037,155225.6498,156775.6411,158239.4508,159475.8065,160604.6667,161913.4293,163429.7457,164871.4146,165618.98,165914.5311,165919.9211,166268.7162,167500.227,169599.5877,171737.6912,173245.3378,174327.6002,175838.3921,177784.6619,179730.2562,180919.0829,181806.3701,181732.6303,181520.092,181741.5419,183134.9806,185045.9793,186223.6425,187440.4262,188675.5989,190608.8562,192266.7621,193185.4549,192985.516,191742.2077,190502.9488,190026.0594,190614.6256,192313.2166,194395.2257,196665.4739,198666.8518,200278.0663,201846.6549,203580.766,206250.3384,209398.5001,213025.9811,216197.4657,218513.3667,219756.9607,220212.3759,221177.2665,223185.4386,226783.3035,230349.7303,233777.9676,236560.4355,239832.6519,243355.9149,246854.9624,250490.7531,254438.492,259443.5837,263446.2526,265920.2378,266761.1368,268004.8981,270629.726,273518.0481,279865.1457,288728.1952,300188.587,310619.5243,318908.7455,325427.0719,329287.6161,331187.7383,331144.1693,329809.425,327250.8878,323102.355,318661.2848,315023.2541,312773.5355,311671.2777
117496.3284,117827.4143,118178.5235,119171.6949,120281.5653,121458.7686,122784.5191,124158.2478,125676.1829,127004.9068,128274.3974,129457.1197,130237.5254,130833.3561,131409.3391,132151.9631,133135.1438,134348.351,135587.1176,136927.2324,138276.1142,140023.9215,141939.7581,143662.2838,145144.8798,146241.8271,147709.5783,149277.2278,151129.1908,152975.3727,154886.2716,156718.6273,158468.3237,160221.4481,162215.0336,164291.6204,166275.7343,168277.5076,170106.5305,172181.6492,174190.7534,176404.3401,178927.234,181651.1136,184400.4063,186853.6528,188983.2069,191357.6042,193530.6042,196022.0343,199222.8872,203193.8048,208218.8979,213982.8718,220775.21,228262.3904,235374.6088,242416.3992,248722.8628,255028.732,260913.0164,266988.8545,272874.1052,279301.3727,286187.3895,292650.6002,298717.2552,305214.4178,311166.3763,316062.53,317250.4142,318201.3063,319036.21,321683.7321,323692.6383,325164.1002,325732.7328,324432.0086,320939.2408,315385.8794,309927.2988,305321.5189,301821.3937,299187.3038,297109.7522,294415.0271,291427.46,287861.917,284554.0691,280524.931,275256.1359,269540.7639,264326.624,259838.22,254886.1267,249462.0411,243866.1556,239627.8408,235139.8933,231438.389,226802.8904,222791.647,218058.9654,213891.5967,210025.6443,206557.8536,203211.1924,199998.6689,196761.2599,193481.9895,191094.0147,188819.7349,186816.3559,184483.4869,182898.2775,181441.7564,180299.712,179855.055,180466.1257,181018.9368,180606.0502,178953.0438,177192.3704,176833.6261,177608.0477,178188.6928,177268.9315,175470.8072,173942.2919,172633.2524,171467.2619,170291.3092,168863.4803,166960.226,164642.4391,162270.5775,159787.6134,158337.5572,157466.8603,157451.4756,157510.4784,158417.0375,160016.674,161732.6073,162994.3846,163679.9861,163921.2752,164332.2878,165009.4584,166132.8821,167821.9151,169592.0556,171112.3842,172189.2293,173476.304,175375.769,177765.5308,180572.1912,183780.8628,187218.9757,190038.6066,192463.9865,194614.8259,197025.3845,198725.0473,199658.7804,200017.7265,201128.5349,203102.8897,205470.8389,207712.4129,209525.1002,211442.7337,212541.1967,213734.3498,214534.0314,215571.1482,215861.4338,216464.064,217543.5419,219581.2795,222041.1058,224268.9682,225953.6483,227299.4969,228843.2114,231154.5178,233576.1322,235889.936,237824.5435,239539.0543,241250.8799,243083.3266,245122.7088,246700.2854,248345.0441,250384.9351,252813.0003,255347.541,257786.2547,260438.0453,263022.7086,265396.025,267577.3985,270059.7599,273009.9239,276452.5866,279451.974,281852.9672,284108.0453,286867.6223,290055.7231,293364.8012,295601.6518,297292.9476,298420.7486,300085.4266,301948.0771,303959.3918,305397.0121,306575.8121,307225.6569,308272.3911,309044.1314,309397.865,310096.4962,311905.8413,314745.5078,317547.2235,319909.188,321820.9992,322899.7512,322985.8151,322764.5575,322732.7404,323274.811,324294.1126,325261.7203,326451.9194,327871.2445,329454.8414,331100.573,332710.8905,334480.1282,335407.5267,336063.9948,337245.3101,339632.8348,343226.8504,347217.117,352228.179,357393.9172,362846.6241,368180.1539,373949.1301,380469.8945,387900.6834,395910.3396,402743.9463,407521.7069,410284.3798,413886.3247,418765.6483,424894.6942,432548.514,441174.1029,451191.2319,461279.1336,471070.5482,479606.7288,483565.7508,483480.5107,480415.2721,478664.2967,478542.0683,478799.7236,478389.05,478110.2064,479463.6768,482305.1188
188547.6859,190483.0965,192296.7769,193350.8365,191764.7333,190078.1019,189510.5511,190713.734,190419.5946,190585.3569,190133.9365,189383.043,188665.6186,188881.8828,190199.607,192904.7709,195027.1264,196662.0996,194941.0275,193103.9005,192181.7584,194068.2751,196163.6667,199845.0512,202959.9673,205547.0126,206116.5313,203778.0937,199925.896,196094.7784,194123.4204,195436.9589,196685.2911,199881.7188,203581.9127,207593.047,211732.5286,214959.0336,218640.2275,222785.2375,227089.2006,231145.3629,233260.0862,234841.0558,235783.8714,237061.404,237630.5827,238162.5664,238944.1649,240191.9067,241228.6095,243445.1069,246630.0886,250050.9779,253207.456,256829.9353,261241.1493,264805.6133,267705.3548,270834.0668,274539.8774,278752.6204,283141.3731,289740.1205,297769.3334,307304.8282,315783.5022,323637.6315,330952.2967,337826.8378,345369.7417,353682.4955,362473.595,370587.3515,378223.7958,387621.6236,397130.2782,404967.7194,408120.842,408337.3176,406818.1587,405678.2544,403157.2409,400506.1022,397287.7954,396926.4775,397016.1898,399246.198,401166.7404,401248.0217,397787.4975,391922.8035,385978.5512,379152.6548,371768.1426,364041.9883,356625.6318,346854.5138,336704.3913,327498.3675,320339.9272,313783.8291,307205.1557,300205.7877,293627.6066,286513.6946,278224.27,268635.582,258052.4528,248748.526,242320.1212,237239.9598,234171.2641,230428.7873,227915.7075,225085.7038,222598.1454,219461.5072,217490.7008,216267.0801,215498.2399,215026.0667,214969.0191,215208.7163,215278.6202,214710.38,213548.8336,211261.9334,208197.5479,205518.1014,202965.4938,201035.8323,200225.4576,199954.1088,198817.4353,196953.1227,194566.6883,192663.0576,191024.0023,190534.7983,190823.2487,191075.7137,191123.6909,191012.1954,191456.1192,191639.0817,191625.9054,191475.7818,191832.1358,193069.1233,193985.8576,194701.9525,195211.201,196207.0978,197604.5314,199677.8616,202544.3601,206024.2157,209640.6476,213132.4829,216998.1462,221510.7062,226386.0742,231542.0698,236481.9384,241142.5796,244788.5618,247941.8583,250872.0051,253438.5988,255673.446,257552.5961,259451.2308,261154.8129,262648.0049,263967.4068,265034.9943,265669.3068,266144.3283,266785.5692,267834.2544,269038.8971,270083.2224,271213.0841,271909.152,272667.8939,273065.0596,273852.3963,274583.5954,275433.399,276615.7192,277967.2763,279677.7689,281087.7893,281794.496,282455.26,282727.6613,283293.8433,283239.1136,283702.8285,284824.998,286382.1839,287729.7088,288921.0207,290083.0964,291535.4535,292868.83,294773.9077,296220.1161,297726.4095,298413.7917,298971.3183,299913.5525,301533.4928,303456.8955,305306.1513,306833.5855,308545.4231,309959.8548,311362.6541,312494.6521,313479.8843,314415.0379,315433.9148,317077.1047,319069.8272,321074.0929,322537.5515,323546.3661,324561.8972,325288.4843,325604.6153,325869.2298,326735.3399,327958.0968,328772.1141,329197.5658,330009.111,331502.8906,333584.1545,335861.5625,338076.9017,340114.4205,341502.7682,342034.9762,341963.2856,342361.2363,344273.0188,347483.1442,351215.1882,355057.0512,358838.8676,362763.2584,366725.2107,370668.0802,374741.1214,379854.2926,386106.7949,392809.9426,399223.6194,405306.7265,411997.4639,419212.0392,427145.7954,436533.2732,447151.8553,457808.6628,467368.2808,475596.3241,483052.5948,488478.807,491056.0985,490930.3619,489814.6509,488640.1564,486747.236,483678.2295,480992.9239,480342.0879,481639.619
98207.91444,98337.09935,98463.11184,98795.20337,99019.47815,99359.02611,99557.06425,99888.8032,100055.7844,100524.8525,101241.0941,102053.8342,102759.726,103342.0602,104155.571,105130.9137,106121.803,107220.9449,108298.7672,109719.6874,111112.0523,112541.7424,114002.9891,115734.1991,117283.6413,118689.1166,120016.5486,121754.2838,123754.336,125681.053,127611.6726,129336.1959,130877.7808,132205.8676,133665.7212,135506.4697,137416.2583,139258.7327,140809.5707,142478.9733,144262.8531,146052.8388,148226.1084,150561.046,153428.0053,156016.5595,158204.263,160205.7875,162320.1449,164685.0099,167606.9767,170634.8711,174091.215,177663.1208,181946.463,186509.6453,190845.781,195537.4381,200224.9042,205328.6182,210222.3026,215255.8273,220593.6501,227627.3101,235283.2223,242992.6936,249525.2297,256443.5879,262359.3232,266917.0539,269092.0779,270911.8783,272643.7063,275736.0062,278394.8691,280586.075,281843.1466,282616.7858,282247.4171,280201.5721,277742.1523,275353.7977,273208.8852,271120.6597,268226.3775,264814.9958,259400.1593,254585.864,249735.4605,244467.5864,238528.9246,231942.4613,227157.9622,222389.1272,218105.7685,213670.6853,209632.2418,205654.8172,200872.8442,195983.0619,190341.6956,185535.0585,180234.504,175743.4878,172092.9531,169378.6171,167332.0096,164859.7547,161786.3381,158610.1486,156324.2753,154571.4113,152878.2531,151151.0197,150054.7458,149510.2316,148602.0212,147720.7581,146956.1479,146416.395,145888.7814,145385.5453,144424.984,143655.9685,142550.6524,141469.6922,139791.6996,137667.1797,135878.8526,134107.7228,133016.0802,131749.3274,130612.8209,129208.2698,127741.0077,126257.323,124773.2679,123846.5502,123184.0903,122755.1502,122331.4356,122172.4085,121977.5161,121743.3089,121570.036,121270.4519,120783.6783,120096.444,120037.4308,120010.7802,120162.1915,120173.5767,120469.1468,120949.281,122110.5553,124077.966,126592.2681,128229.4736,129766.5943,131155.3933,132972.2282,134870.4419,136545.7138,138433.1169,140101.482,141586.4116,142787.7839,143845.3718,145801.1475,148085.9706,150779.9381,152665.3465,154323.7653,155064.3838,155934.8579,156532.2799,156934.6196,156697.8646,156663.1406,157279.5695,159072.6794,161220.9936,163329.3249,164693.3657,165995.2672,167513.9496,169390.8555,171400.8392,172817.7966,174217.526,175055.9643,176082.2671,177037.0683,178617.5821,180443.2806,182052.0268,183538.9103,184989.8586,186541.8835,188070.4287,189378.3803,190612.112,191375.152,191997.6587,192912.7626,194195.3671,195734.2546,197274.0301,198758.5711,200412.1782,202067.0826,203708.3053,205497.0546,206805.3072,207845.2317,208893.7711,210275.2684,212257.0326,214786.9342,217334.4479,219560.5311,220591.4435,221882.3859,223446.3124,225127.4852,227413.1666,230151.9439,233502.7807,234186.6959,232596.9483,229605.0002,227595.5651,226462.6845,225897.8707,225812.0529,225877.9314,226331.8788,226897.5666,228178.0797,229717.0775,231886.5253,234552.6152,237623.4938,240121.6082,241377.6779,242007.0064,243370.3804,245451.9283,248046.5184,250128.6667,252628.3277,255096.0274,258225.6513,261959.6409,266461.425,271248.7246,276701.8871,283365.3304,291574.9334,300031.1488,307111.4852,312605.1156,317562.1157,322911.1662,329520.9588,336211.8754,343637.5489,351226.1899,359044.0123,365984.7635,370112.0866,371092.1905,370785.2314,370581.2788,370434.1272,368561.6925,366044.7356,365192.2568,366464.5978,368790.6284
173539.7,173788.7536,174376.705,175358.6649,176645.9427,177828.6231,178683.5311,179400.7115,180139.7205,181558.572,183425.8834,185259.4382,186516.0072,186981.0406,187663.269,188844.1009,190471.2207,192087.6977,193737.9105,195175.2022,196559.2166,197594.8043,198554.0134,198903.9289,199256.6196,199749.8955,200829.8079,202110.4949,203931.4941,205943.8076,207724.3056,209270.7885,210388.0252,211630.7728,212938.8314,214243.1297,215785.8722,216902.0228,217637.6541,217964.9454,218414.3477,220049.5756,222296.124,224765.1726,226564.5637,228278.159,230450.976,233349.9428,236001.9006,238445.1289,240552.0115,243364.4542,246448.697,249606.1399,252315.7032,255884.0731,259669.5909,264230.8301,267851.5836,270678.1466,273421.5574,276753.2398,281719.8312,287997.998,295457.5657,304661.6096,314483.0923,323760.3469,331115.5596,336739.3945,343016.362,350818.3457,359114.7388,366913.9488,373809.4829,380965.6272,387311.9769,392797.5732,396060.173,397170.0989,395656.7468,394566.4652,392936.3657,391558.8083,388031.7945,385352.179,382125.2775,380098.2817,377719.8466,375027.4242,371034.0143,366663.5126,362614.7528,358484.5033,353979.1143,348627.7549,344938.5491,339734.5728,335131.7694,328945.2594,323443.0062,317450.5278,311200.1143,304844.3008,299431.1782,293714.8706,287304.2435,279350.2528,270534.2887,262180.1513,256290.3274,251948.4722,249550.9216,246275.6881,244241.3531,241797.4484,239666.923,237428.2775,237895.5527,239706.636,240375.0618,239998.8376,239696.5661,240110.7095,239689.0313,238237.9913,236495.2283,233907.5235,230912.8766,229204.652,227453.6959,226092.4509,224401.0477,223449.3652,222077.6101,220419.1738,218307.6826,216533.2872,215133.3551,215112.9784,215808.5963,216102.7051,215994.459,216038.7977,217212.9843,218208.9955,218426.9076,217825.5169,217181.1438,217748.4188,218714.8537,219801.5449,220912.2833,222816.7112,225478.875,228683.8735,231760.2229,234779.7238,237006.6715,239250.5183,241415.4982,243774.0833,245409.1826,247247.2083,249545.2145,252522.7978,255236.9952,257677.3453,260265.7092,262899.4371,264857.1731,266185.1904,266495.3262,266440.2387,266271.0559,266510.3739,266841.4846,266505.9486,266701.8408,267899.9525,270612.7197,273730.7696,276463.7151,278921.9749,280479.8051,281783.7746,282547.612,283901.2774,285691.426,287510.0752,288708.9068,289338.5664,290204.9767,291360.0902,292097.0346,292841.1028,293848.2983,295384.2731,296415.5105,297042.9656,297841.6845,299076.9526,300149.9276,301064.4058,302309.7673,304089.1271,306039.3593,307895.2274,309596.1912,311238.7145,312572.5194,314027.7915,315814.0016,317896.6084,318785.5869,318937.9483,318507.2757,318952.6514,319840.9972,321165.8185,322628.6459,323968.2479,325785.8108,327883.0066,330545.9311,332657.2864,334463.6775,336019.3574,337622.6644,339694.7405,341480.0335,342709.8171,343059.5127,343676.6329,344584.2741,345670.6052,346523.8354,347340.2094,348393.6788,350068.248,352400.0907,354939.0091,357264.9469,358876.8565,359304.6546,358823.6124,359034.1561,361307.5441,365235.7847,369695.5267,374932.3232,380245.7334,385783.7853,390893.9999,395535.5692,399664.6549,404015.0801,408560.7353,412726.2028,415637.6311,418000.52,421010.4814,425392.5516,431487.7728,439877.3256,450289.3652,461508.1305,471908.2764,480025.6329,486301.924,489822.8449,491440.4683,491516.8925,492232.2872,492807.7626,492702.1116,492220.984,491874.081,492767.2394,494687.0037
207215.3602,207924.9158,208777.0066,210681.7024,212576.817,214741.3601,216799.359,218991.9572,220878.2224,222725.5796,224559.2709,226701.0951,228894.2864,231132.0767,233363.1409,236006.867,239050.6326,242002.2353,244974.0183,248108.0288,251206.9086,254243.7209,256720.6234,259122.8022,261181.7265,263014.7048,264944.069,267204.7336,270055.8071,273185.0197,275985.5625,278752.9113,281389.7843,284082.8399,287037.4476,290438.1383,293849.577,297019.2359,300029.8223,303361.886,307576.4093,311610.2888,315179.5028,318159.1435,320932.5338,324410.7339,328170.5415,332637.8801,337521.9263,341656.4988,345441.4778,349212.8589,353885.0129,359196.2241,364649.1157,370143.2198,375302.292,380856.704,386439.8765,392853.7417,398882.8132,405803.005,413356.5902,422065.8523,430705.345,440086.134,451237.7087,461892.0204,470857.6534,476441.6814,481758.8936,485672.5718,491203.6553,496759.0408,502883.0636,509068.7973,514522.1894,519287.1843,521225.3692,522164.1551,523257.9443,523885.5481,523467.2388,521908.8656,520115.1728,518986.1645,516977.4252,513790.4234,509090.8473,504417.0423,498984.2401,494116.458,489600.4112,484993.1739,479379.5846,472742.6704,466332.0191,460469.6862,453781.357,447541.1317,441560.1806,436782.6356,432141.7496,429185.435,426803.4249,424856.2476,419550.1586,415757.8316,412526.7299,412371.6538,410847.1875,407755.7595,404138.4522,401293.7713,399535.3166,396359.1445,392340.7786,389488.1326,389721.7907,391411.7008,393602.5584,394273.2191,395322.7326,395780.2903,394930.3242,392098.8276,388720.1589,386044.1077,384305.3772,381992.3603,379784.0767,377744.2524,375359.8783,373469.2377,371100.4491,370810.3308,370457.3212,369517.0367,367607.2563,365771.4402,364645.8974,363334.5101,362996.5503,363775.3577,362896.4092,362111.5337,361823.2075,364469.0476,367005.5597,368509.0062,370002.8347,371488.674,373457.4428,374899.8299,378373.4973,382866.8637,389440.7128,395003.5088,400333.4395,404417.4197,408314.1243,412676.1834,415693.9142,417788.9595,420112.6395,425364.8864,433661.1619,443035.5584,453628.1908,462759.4261,471759.6561,478092.0907,484358.0401,488844.3155,493193.8324,496827.0964,500144.4644,504379.8076,508932.4703,514251.3482,520208.73,525508.5972,531083.0988,535378.4751,541579.8495,547522.1802,555272.6099,564019.2836,574620.5736,584526.5104,590438.3002,589828.6258,585789.2647,581776.9779,582496.2293,586365.739,591487.1959,595187.7324,598144.0651,601069.2172,604716.8949,609593.221,613554.3925,616077.8442,616433.6641,618328.4481,621498.7977,627016.0477,631901.2517,638478.6834,644438.5533,651730.6724,657753.5716,662851.0673,664839.9072,666252.3563,668007.4858,672322.0775,678555.5538,684184.2565,690878.8413,696088.2569,703850.0413,709941.2451,716585.6971,721928.4488,729279.2106,739103.9003,750452.6347,758270.6005,757405.2914,748947.7352,738853.6504,733875.8162,733360.803,734644.0232,736070.6438,739491.0245,745547.6484,752088.0988,760615.9643,770815.3388,780802.4896,786885.7681,788413.6807,786931.0681,784719.4634,785521.7264,792283.4675,802801.9133,815281.6005,828734.6938,843144.9203,859232.8913,876215.1586,895523.4144,919514.4434,951196.4625,988905.6917,1027048.866,1063550.222,1100683.566,1137509.182,1171739.833,1211687.971,1265500.492,1338986.241,1423905.957,1503282.698,1573122.18,1621709.285,1655092.302,1669317.008,1677930.255,1682637.872,1684512.997,1680260.913,1674921.514,1682220.243,1683335.107
93687.36143,94388.99738,94865.03191,95678.8606,96255.12854,96798.76799,97272.29834,97558.37818,98024.67772,98363.6895,98796.47813,99136.90128,99831.96564,100456.5769,101002.8476,101699.4874,102836.4521,104124.6963,105486.2351,106892.1177,108513.4916,110002.3904,111382.4834,112586.5259,114254.4497,116143.4742,117862.2161,119047.4852,120444.7218,122408.557,125167.7203,128104.5245,130680.5785,133092.471,135295.5234,138407.3055,141704.9962,145592.208,149378.9601,153316.407,156265.9377,158559.4135,160353.4873,164334.8119,169724.1257,175541.3382,179624.9026,182153.5357,184481.3079,186481.4826,188984.5552,191217.8197,193665.7881,196413.3332,200022.5816,204091.8661,207750.9883,210914.7903,213941.2331,217888.6946,222276.7094,226638.1191,230508.1156,234262.7129,239839.01,247240.2904,255186.3014,262258.7411,268972.2902,274969.829,279997.0715,284099.0884,288808.4023,293299.2886,298754.0922,304642.9694,311137.7166,316012.8016,319113.7911,320351.5093,320712.7096,320633.6417,321530.0097,322364.3859,322397.8771,322119.8182,320754.5826,320117.0884,319034.5012,318876.6111,318666.4764,317906.5996,315823.6611,313735.3177,310964.4606,308473.9101,302634.6642,295353.0111,287077.7575,279834.8558,273355.5976,266607.5574,259138.459,250240.4088,240402.1673,231107.5172,221991.6519,214029.5233,206814.9704,200637.3059,193723.6931,186990.6402,181194.3578,177635.1475,173972.1872,170240.0855,166440.545,163657.4369,160797.7368,157522.6368,154520.7779,152320.6845,150324.6413,148216.5945,146459.9016,144649.1916,142990.7172,140833.6834,139206.0393,137464.8984,137013.154,136858.4832,136837.8951,135962.5208,135387.1843,134900.8987,133770.084,132333.6526,131551.5278,132210.6917,133772.1809,135364.0449,137124.6863,137630.8812,138111.5905,138575.995,140245.6247,142158.4918,144260.0967,146387.8268,148993.2168,151515.9993,154278.4217,156934.6391,160227.834,163625.6533,167350.7042,171550.8017,175808.2426,180029.3589,183923.0048,187606.1144,191251.7999,195227.5491,199528.7668,204028.9681,207261.7529,209691.0488,211218.4979,212903.7625,215263.334,217712.5839,220307.4908,222214.7769,224126.304,226100.4567,227742.7806,229162.1803,230354.41,231524.3661,232446.0975,233165.0388,234598.5623,236427.1951,237779.4301,238354.6254,238899.9603,240301.727,241811.8443,243419.5669,245203.131,247287.6372,248671.0787,249494.5742,249661.6169,250264.9305,250366.3185,250644.2324,250323.6801,250271.8439,249804.3313,249915.4575,250300.6613,251079.9553,250375.1396,248758.9079,246625.8011,245875.2524,246133.4714,247155.8619,248091.2398,248798.8074,248640.2548,247948.8764,246833.6525,246491.1241,248761.7184,253214.4231,259089.3338,263667.5206,267084.4706,268832.9214,270322.8402,270672.584,270860.3218,270528.4566,270412.1617,270894.6374,270992.0246,271076.6663,270194.7521,269230.1023,267838.1996,266192.2973,264088.3413,262065.6033,260454.9084,259887.1926,260267.3232,261668.2559,263574.6219,264966.8147,266138.2653,266489.2971,266006.9256,264845.7825,263892.3082,263850.628,264407.8927,265487.5755,266745.3808,268278.5799,269516.8954,271082.8773,273302.5416,276390.5286,279820.8131,283893.3148,288442.5592,294405.1655,300732.937,307334.2165,314444.9745,321741.2034,330463.5819,339007.0249,348729.411,358422.5849,367485.8193,375574.2429,381306.579,385244.5026,388409.3777,392001.7466,397284.1351,401596.3901,403907.0934,405080.1538,406493.3393,410330.9447
81803.81321,81871.47864,81998.36133,82527.3025,83127.06302,83948.08475,84623.77199,85491.62972,86201.23286,86674.88178,86953.96902,87344.39299,88045.74083,88834.20904,89713.48705,90253.16001,91034.11171,92286.30232,94027.70158,95786.0578,96940.92342,98274.34231,99386.27168,100117.788,100055.0494,100248.7602,100728.6697,101446.2997,101903.1577,102252.2689,103018.0159,103923.9767,105379.1032,107091.107,108940.5686,111068.2026,112947.2057,114712.5235,116331.9634,118037.7868,119949.1898,121458.115,123192.6028,124948.026,127113.4563,128995.2794,130821.3896,132224.1731,133474.3681,134512.2773,135783.6105,137726.9352,140476.9945,143471.1018,146316.663,149230.6054,152444.649,155379.5484,157947.4062,160273.0084,162374.8365,164449.9391,166746.7711,169906.4495,173515.8135,177557.2139,182539.8667,187802.4138,193115.3633,198339.277,203644.1087,209090.1558,213356.6822,216695.3624,219339.9889,222922.441,227203.6992,231848.9271,235695.3858,238217.0821,240141.4026,241057.5662,242610.4196,243927.8071,245426.5637,246216.224,246208.7253,245010.6023,242956.1607,239423.5543,235126.4068,230657.324,227544.6358,225011.141,221495.8548,216770.683,212089.6918,208210.769,203444.3798,198501.3869,192233.6757,187474.3128,181675.9539,176019.0804,169565.3902,163377.7015,157520.6801,152281.809,146980.068,142086.3137,137318.4958,133868.1156,129708.7697,125747.7894,122053.2272,119981.4765,117776.6936,115692.3248,114144.8275,113036.957,113211.192,114158.6764,115193.7183,114491.1736,113001.9562,111367.9528,110041.0868,108355.4761,106642.6452,105164.0663,103099.2571,101463.97,99824.0889,99485.51596,98964.29418,98375.31809,97243.11384,95250.14847,93107.03374,90756.96576,90039.85025,89411.87649,90319.36036,90919.57536,92285.52264,92747.30524,93571.40896,94232.02999,95007.70708,95651.80504,96473.32482,97470.61812,98480.53633,99363.36283,100710.7458,102530.974,104949.242,107258.7401,109699.7336,111802.9667,114391.5503,116943.886,120148.6236,123547.2654,126946.5208,130227.2417,132588.1441,134710.3384,136665.4793,138997.5393,141770.1298,144443.306,147452.2617,149854.9084,152379.8788,154373.2695,155971.3378,157163.5923,158763.5571,161111.9276,163545.1535,165370.9554,166895.6622,168481.7154,170863.8535,173253.0556,175745.1525,177878.0585,180173.4609,182389.0593,183010.752,182183.9175,181076.6723,181338.7632,183025.282,185029.7948,187918.4945,191323.9892,195295.7786,199418.0921,203688.8239,207814.2188,209661.7724,209895.8156,209705.3645,210784.5537,213391.562,216315.5282,219845.3489,223112.7777,226250.3976,229137.6814,231687.1011,234147.6691,236560.7003,239750.2837,242063.2525,243177.4376,243746.5635,244947.6089,246903.6554,248866.0374,250848.7305,252783.2452,254216.8435,255912.7976,258855.3625,262573.4996,266033.9061,267828.3145,268778.6385,269556.6201,270813.6337,272657.9218,274364.577,275966.3589,277097.4472,278815.5944,281240.7344,284430.0682,287407.154,289133.6378,289439.0107,289167.8945,288890.9573,288731.3729,288802.6374,289403.4838,291616.9573,294465.0882,298683.83,303311.9487,308973.7732,313917.0741,317913.3525,321035.4602,324550.2288,328365.4309,331461.3488,333149.034,334117.2405,335561.0707,338912.7202,343359.1722,349671.2189,356658.8316,363946.3042,370623.2997,375899.6112,380731.6546,383485.0669,384693.749,384745.5704,384752.5143,385483.7526,385287.3524,386374.1489,386960.341,387833.9904,388140.2585
79192.43815,80121.65305,81227.43626,83007.06289,85335.19749,87549.23868,90393.66086,93339.50496,96722.61739,98855.3613,99793.51987,99718.5941,99697.96074,99449.38894,98923.48556,98498.66034,98185.31873,98488.64201,98140.48872,97839.98933,96826.59505,96541.83143,96735.00963,98063.96198,99645.35422,101462.535,102438.841,103418.854,103751.7187,104008.6994,103998.3282,103012.5289,102061.3283,100908.4072,100849.9495,100637.2624,101111.5242,101477.1206,102490.3603,103353.3801,105315.8663,107400.3462,109717.7572,111986.8505,114310.2215,116207.2396,118119.098,119928.309,121885.7157,123239.9136,124403.2308,125193.623,124918.0111,125412.4989,127662.0488,131346.1309,133956.6482,134411.6388,133720.3451,133554.877,134705.2571,137239.2044,139778.3077,143168.5379,147070.5784,151902.3404,156444.2065,160210.6174,162867.7221,164868.3869,167302.4845,170852.3994,175082.6129,178589.9862,181232.706,182714.4279,183333.0471,183891.7943,184039.5225,185483.1691,187243.763,187891.2371,185954.0369,182420.063,179916.295,178574.9455,176855.8169,175602.9744,174751.6613,174714.1416,173181.0138,171109.3298,169741.4565,170077.7504,171133.659,171752.3282,172091.4285,172181.7217,172473.341,172015.3508,172074.1484,171515.5041,171273.4715,170027.4962,168301.7225,166260.3361,163287.0936,160724.9639,157919.4173,156458.3437,156287.3342,156510.6356,156133.7972,153823.1371,151836.7993,150006.1352,148804.39,148611.538,149018.2291,149753.9664,148566.0977,146592.2642,144778.2647,144517.135,145007.0583,145593.5861,145234.3175,144497.9091,143121.3052,142683.4457,141731.6526,140778.4391,138670.7219,137387.7354,136393.9503,135742.4245,134761.7189,133388.6969,131616.0993,129359.9429,128050.51,127380.8902,127297.0074,126625.8916,125726.7289,125498.4003,126107.7587,126865.5081,126924.4171,126186.4738,125396.5285,124615.6422,124044.094,124255.4158,125615.3351,127150.1803,127890.2084,128303.2395,129195.8908,130588.8948,131530.0229,131918.4118,131957.2962,131896.5937,131454.5915,131042.6339,130862.8926,131201.2266,132003.3793,133419.2249,135423.3391,137035.539,137724.2979,137528.5245,137651.2267,137852.3928,137465.4341,136417.8164,135859.3346,136337.1464,137020.6779,137488.9466,137883.6156,138653.4883,139237.0055,139918.1962,140875.9449,142079.6641,142865.1444,143037.7132,143510.3753,144268.3626,145313.9205,146185.4489,147109.4938,148372.7413,149414.7733,150458.1166,151167.6384,152186.3043,153393.3594,154001.5113,154165.9656,153678.019,153469.9428,153122.2646,152941.4881,153274.1864,154242.1374,155608.9572,157216.1504,158957.5954,160920.052,162055.0207,163044.3847,163506.354,163666.039,163486.8543,163860.5837,165258.861,166804.8144,168020.1046,169479.0527,170680.3608,171848.6692,172370.2354,173395.5181,174214.2123,173904.6855,171508.3902,168158.1693,165360.3576,164265.5632,164510.7266,165465.7427,166436.6255,166946.9432,167738.9292,168574.93,169829.9618,171388.4892,173638.202,176255.8881,178565.8148,179935.5387,181073.1017,182196.3563,184006.0027,186277.3042,188949.0134,191991.2046,195069.5355,198780.3934,202839.6751,207182.8805,210900.9849,214279.5737,217881.7223,220132.5246,220665.6585,219574.8427,218913.0206,219511.0686,220455.2971,223878.2634,229284.8702,236253.9228,241906.8855,245815.1531,248973.1432,251554.0058,253438.5823,254211.8689,254672.9118,255039.6087,254863.3227,254989.5554,255456.8338,256373.1558,256704.7019
55995.56227,56704.98662,57207.60462,58106.66508,58788.71862,59366.09951,59966.56177,60603.39769,61414.86014,62338.17671,63225.88388,64419.62031,65503.35686,66462.39989,67168.78642,67843.69652,68718.27319,69049.27241,69194.50082,69032.34629,69600.5363,70794.61842,72224.85343,73277.787,73593.07202,73704.84978,73761.56464,74360.48218,75198.92647,75918.40754,76260.47681,76598.5249,77321.63736,78222.15604,79176.05891,80213.23433,81046.45922,81604.90848,82158.26524,82877.55235,83625.20618,83948.34292,84224.18246,84860.28313,85938.74959,87566.82065,88896.73569,90229.83,90983.55204,92137.43636,93350.33929,94787.79539,96011.12769,96912.8164,98370.88326,100439.6953,103111.1594,105305.2569,107212.0745,108897.0333,110692.4227,112243.0922,113491.8504,114939.4724,116930.9206,118776.3104,120619.3501,122884.7189,126256.7448,130023.8674,133036.7071,135496.6335,137416.5064,138769.4158,139463.7353,140122.0876,140718.814,141062.7197,140966.806,140855.2421,141169.1672,141573.8001,141687.7607,141551.3725,141147.5239,141101.7042,140906.345,140530.4262,139509.1631,138150.3541,137416.4911,136378.1199,135379.14,133502.6485,131865.3372,130164.1681,128515.8066,126953.3808,125476.6352,123822.6306,122061.683,120371.7485,118687.9441,116611.5244,114186.0439,111919.5908,110373.5288,108768.8969,107434.251,106653.5192,106155.817,105324.168,103979.8053,102715.5939,101537.6446,100277.8743,99034.5019,97813.29765,96846.75321,96037.28054,95459.34551,94932.09596,94633.95188,94265.03858,94087.78426,94024.31992,94142.99931,93945.63289,93333.59043,92732.01237,92303.28739,92051.07182,91743.32611,91397.19871,91029.92316,90700.25447,90512.38386,90356.44998,90190.26812,89949.55093,89744.51848,89678.66544,89701.66175,89898.32226,89984.22158,90262.47866,90565.94605,91069.87199,91563.39056,92244.16796,92627.18535,92477.59022,91983.27695,91970.87852,92385.72723,93233.01712,93990.31006,94636.17832,95076.75571,95427.34614,96067.34573,96881.73464,97381.06105,97680.77409,97515.84926,97529.67218,97430.50651,97730.78588,98918.55501,100807.0832,102918.2558,104137.265,104812.9055,105083.2086,105391.2174,105598.998,105756.7841,105763.4886,105935.557,106364.1922,107516.5152,108782.3075,110023.8617,110886.8426,111637.7532,112377.6666,112907.7297,113635.4238,114354.3618,115216.0386,115542.0064,115522.5479,115915.0798,116430.5602,117262.4963,118144.8586,119227.2167,120088.9262,120332.8914,120823.3717,121620.1199,122630.4448,123213.4029,123949.5023,124712.8231,125275.9313,125638.4781,126062.7795,127057.158,128131.6831,129669.0298,131171.2803,132769.2453,134054.8318,135133.988,135780.5731,135518.1658,134952.3685,134841.2964,135814.8241,137036.1159,138022.4203,139158.3031,140770.6424,142659.6482,143901.2474,144996.0969,145797.093,146085.9299,145708.3436,145329.5277,145380.7949,146171.0832,147262.932,148874.1087,150458.8002,151714.9433,153046.6127,154459.8153,156168.8015,157549.3538,159105.5601,160666.2178,162286.742,163669.9251,164770.2669,166344.4495,168575.5658,171764.8978,175139.0125,178220.2806,181020.7442,184099.9641,188219.5999,192329.3643,196732.7934,201070.5715,206866.4005,211241.564,213291.3386,212892.4472,212698.798,214267.5626,216184.196,220967.9932,227737.2136,236060.2782,243192.5914,248121.1804,252914.9154,255662.4498,256390.4023,254529.5875,252472.7847,250798.5463,249016.1853,248155.185,248273.0824,249580.3974,250548.9267
43547.74894,43945.1545,44072.3764,44625.83861,45143.1156,45967.92569,46609.18979,47016.88584,47016.95621,46982.4417,46960.15919,47100.73797,47532.13623,48079.0012,48811.94054,49218.66713,49601.44125,49773.10882,50142.77955,50491.5853,50894.60746,51343.71377,51923.88685,52669.0264,53374.77792,54221.20687,54874.30529,55468.80975,55905.06886,56379.88676,56771.65436,57082.36329,57305.07609,57504.01479,57732.95473,58132.90803,58574.6538,59091.44972,59647.03514,60332.98659,60936.85999,61503.15772,61889.26258,62345.43941,62794.17991,63443.45052,64089.60563,65323.0437,66223.03829,67240.97461,67857.93114,68910.94615,69863.97686,70843.6211,71867.48692,73110.1254,74359.48838,75505.05495,76724.12918,78048.1118,79643.04501,81138.51409,82669.72856,84182.57169,85890.39181,87739.23992,89558.03943,91445.5317,93110.04962,94856.92604,96422.65514,98005.74768,99710.45159,101189.873,102692.052,103739.1116,104760.1625,105342.4799,105687.0334,105534.0181,105282.6564,105087.7232,104987.6093,104753.9059,104493.398,104401.5904,104575.268,104613.3486,104275.7445,103537.6551,103012.1456,102153.9472,101017.1723,99281.23341,97626.06498,96097.18972,94657.07669,93400.83938,92166.11385,90813.23124,89399.57669,88213.89413,86973.93507,85404.24959,83652.84226,82149.81092,81188.53931,80251.54608,79254.8373,78346.69998,77563.76306,76800.22176,76002.80555,75164.98737,74220.59013,73088.28273,71886.23901,70824.1327,70036.26721,69342.43809,69323.42931,69584.55397,70087.69657,70173.95784,70138.69556,70174.71656,70104.90817,69839.73798,69320.18716,69255.91027,69498.61428,69692.57308,69466.09369,69092.59326,68818.03982,68467.3576,68131.94991,67866.51214,67664.28714,67468.88423,67314.9983,67065.41848,66789.53101,66535.93697,66592.04907,66788.53049,67096.76547,67082.24609,66963.83614,66650.62746,66196.60947,65343.43064,64315.77723,63543.96681,63436.38697,64025.35537,65107.66835,65932.50492,66627.29824,67092.06111,67408.11464,67385.40195,67088.92357,67145.37931,67175.12185,67163.76273,66936.09789,67028.74897,67258.80129,67572.71143,67801.00763,68356.40169,69034.23253,69845.49381,70155.09777,70381.07623,70039.60864,69131.79023,68332.7009,67934.73729,68240.06658,68183.27894,68210.15958,68495.16783,69446.89341,70486.88519,71731.13721,72498.72534,73542.29077,74351.83825,75321.97306,76060.79731,77015.045,78087.2585,78847.74908,79399.54198,79815.37875,80648.87467,81673.51047,83172.53742,84612.41351,86424.0797,87854.98532,89014.51388,89353.31416,88844.69869,87951.99284,87273.2132,86910.2393,86747.83404,86683.84166,86962.11545,87724.29995,88589.39818,89390.20356,89816.51459,90241.53479,90981.51299,91998.60614,92594.84317,93197.72029,93582.99665,94488.96351,95379.40351,96461.39735,97016.97617,97213.60823,96895.76364,96445.37965,96488.72407,97298.72561,99300.45069,101579.7109,104120.8369,106039.5368,107664.2181,108789.8175,109512.1084,110012.3758,110594.8648,111030.035,111886.7237,112909.9105,114180.6598,115078.1906,115586.4711,116340.9872,117698.2313,119901.1419,122421.5758,124788.8346,126549.6754,128220.3727,130086.1373,132525.9463,134985.0392,137608.8067,140815.7214,143220.7901,144470.8572,144144.8918,144245.1787,145039.1027,146255.8929,149835.3397,154782.38,160676.0304,165008.5118,168491.1615,171852.4312,174974.3983,177118.5018,177905.5453,178274.1898,178562.9237,178755.3101,178516.8651,178241.1022,178605.2927,179496.2946
173405.8083,173731.6935,173461.4658,174929.5367,176157.4737,176651.9301,176685.3757,178104.8086,181192.3705,183186.3806,183955.0196,184311.8055,184506.5964,185407.3702,186808.2775,188957.8412,190985.3407,193299.6555,195642.2722,197413.5209,198575.8738,198578.1576,198883.5617,199917.254,201151.3476,202080.8193,201894.4369,202272.0472,203907.0339,206826.7544,209707.1655,212367.4049,214719.5126,217077.3363,218712.2128,220241.2317,222219.7876,224371.6495,226915.1468,229802.6953,231999.4122,233600.1356,234458.9192,235414.516,235640.9234,235508.8443,235966.9286,237457.0467,239011.667,240911.3464,244007.4142,248814.083,254648.8974,258789.2593,263378.8568,267103.6196,270927.8887,273381.1821,276909.308,281819.3844,287587.332,292250.067,298391.0707,306430.3128,315115.5258,324688.0848,333381.9765,343688.483,352147.4191,360248.498,367976.4335,376000.8775,383829.0999,388121.2767,390734.1083,395298.1069,401656.4695,406968.5104,406832.3281,404911.6124,401977.5732,398267.8032,393792.5383,388758.0804,385168.133,383064.3517,382403.2422,381365.3146,378754.7892,373527.5137,368192.3439,361490.5968,354986.8105,347320.2927,337115.6161,326679.271,317684.4965,314708.6203,314633.0382,312428.5348,305756.6946,296383.4029,290875.4641,287233.1777,285549.2617,281038.8681,277568.0144,272665.7513,267728.6587,262195.1524,255071.823,248307.3765,240662.8775,234720.8804,228280.4678,224241.1118,221850.3049,222714.9906,224144.7409,226868.0692,228867.0301,230950.7678,231969.7113,233238.6045,232483.6947,230349.5665,226595.7435,223212.5683,220399.4801,217519.8842,214367.602,211395.8788,209281.0939,207838.2576,206261.661,203867.0424,201142.0998,199311.6085,198010.5412,197860.1345,199053.7856,200447.1041,200924.056,199792.4452,199022.9656,199578.0775,200794.3527,202651.6175,204450.6099,206863.8651,209014.5576,210802.8637,211608.8065,212341.039,213101.0814,214531.2139,215968.3594,216845.477,217340.4732,217644.7882,219831.561,223027.1594,227319.1469,231002.7529,234046.9756,237835.4643,241149.4817,244271.913,245967.3794,247586.1769,249490.2765,250753.501,252821.3556,254926.9765,257219.6963,258363.6227,258803.3435,259659.4446,261415.9714,264106.822,266687.543,268353.2491,269510.6374,270220.3198,272027.572,274627.5766,278120.1711,281534.7805,284697.2598,288951.5933,293856.6815,298499.6746,301593.0719,303086.2244,304306.8813,305460.7936,307476.4998,309539.8282,312087.1712,314060.8651,316190.9984,318980.5916,322371.883,325880.1054,328692.5813,330832.593,332510.937,333693.4492,335376.3819,337930.3117,340791.6461,343213.7876,344476.3089,345997.7897,347147.429,347472.8733,347192.194,347195.4039,348771.1951,350930.2108,353933.7823,357093.5915,361013.4102,364411.3819,366560.4623,367934.2561,369373.8777,371847.8672,373147.648,373826.5276,373362.1409,373452.1315,373400.8042,374642.8139,376497.4799,378739.3601,380762.0884,382533.2009,384871.0327,387216.5694,390304.9365,393263.3561,396066.8151,398059.9493,398528.5204,398265.7518,398852.0057,402384.9741,408947.3786,416711.3034,425630.1184,434831.9854,443713.9757,452390.4373,460451.298,469602.1413,479464.8988,491395.2875,501415.9159,508648.8769,512679.2991,517700.7366,524426.3334,531387.1509,543413.038,559898.8353,583377.8509,608047.2093,629723.0195,646026.189,654080.7255,656047.9857,651097.6613,644369.4758,636616.1715,629283.4554,620700.4318,613215.7016,608256.4029,605925.6059
62672.55497,62830.0353,62902.41693,63262.27942,63465.80777,63319.25015,63031.60719,62663.39328,62507.36938,62454.11869,62718.58476,63257.51408,63640.13448,63885.92858,63578.73091,63221.48743,62967.65759,63500.2728,64150.25722,64670.48414,64917.28433,65116.1887,65532.43762,66082.84343,66715.17427,67091.44929,67382.49069,67474.44654,67818.06657,68094.41533,68568.13324,68673.52642,68790.80124,69078.0684,69703.0076,70572.24896,71296.34802,71914.37086,72452.74152,72902.24424,73347.76355,73758.10353,74368.42449,74916.04606,75188.50411,75047.95697,75010.35802,75293.76532,76234.75173,77141.89552,78120.70663,79222.03549,80913.64636,83152.06848,85496.89398,87940.17243,89965.04463,91527.82712,92555.91922,93667.5704,94926.9027,96436.13822,97565.57662,99229.95456,100990.0205,103381.1703,105773.1101,108271.6704,110901.7748,113181.5851,115337.1382,117611.4891,119912.3564,121827.9955,123779.1364,125775.4815,128258.4138,129960.5563,131779.7905,133443.702,135158.559,136277.5871,137002.2866,137134.5143,136938.0527,136800.818,137080.1732,137494.4408,137476.5725,136919.8368,135771.0997,134637.2014,133955.5069,133903.4567,134371.9078,134064.0879,133428.2263,131988.3362,130629.3051,128915.2544,127880.5747,127358.4693,127454.2554,127203.4902,126331.1414,125369.0188,123354.0616,121696.7357,119710.671,118354.6021,117240.6766,116184.8554,114899.1012,113481.9982,111827.3444,110370.6443,108802.8347,107972.9658,108219.3528,108865.36,108823.1619,108403.1978,107436.0274,107013.8071,106259.7792,106187.9617,105899.3877,105960.8243,105531.5603,104787.2288,103330.7538,101628.4742,99773.5419,98216.03316,96119.54223,93480.93623,89543.84995,85754.13382,82466.02119,79911.71531,77832.51394,76652.237,75982.48324,75968.87615,75094.46781,74804.18913,74643.59641,74990.85673,74745.04241,73838.78051,73218.74362,72882.49039,73335.2227,73801.61836,74517.15239,74830.38302,75487.75719,76273.54248,77577.11718,78633.0975,79527.99661,79919.76193,80190.6967,80292.34367,80060.83116,79511.78532,78664.50822,77842.70108,77907.88367,78849.11288,80317.81544,81327.2487,81709.99809,81835.38229,82176.26764,82625.68637,83207.4341,83048.63433,83230.3358,83591.58191,84443.41775,85353.88814,86326.82743,87345.09144,88181.84009,88518.3056,88924.47158,89353.06769,90200.47363,90991.9282,91693.70058,92619.98149,93518.92128,94486.32691,95392.67425,96756.7089,98173.84105,99332.35164,100234.5475,101214.1258,102506.4324,103476.2269,104001.0585,103525.3843,102832.5436,102317.4831,102623.7925,103733.8937,105427.275,107153.4734,108814.6047,110392.0514,112026.9459,112946.3375,113398.2647,113359.4006,112939.8229,112087.486,111703.7943,112443.1441,114126.5087,115985.5522,117777.4686,119375.3936,120925.6278,122132.8971,123254.9551,123153.9274,121144.5487,116309.7923,110372.0704,105266.862,102544.5455,101517.1663,101657.3192,101973.3013,101728.2042,102037.2954,103880.6067,107811.1788,112957.915,118320.6172,123782.8559,128250.1301,131123.0903,132714.1365,134114.2341,136673.3335,140249.6452,143980.3298,146786.1677,148990.9455,151938.9643,156019.7755,160484.4255,163661.7405,166042.7868,168046.5773,168752.8116,168429.9846,167516.0067,167704.1563,168755.8837,169860.3139,172876.9864,177598.2238,183810.3956,188613.6899,191900.3341,194734.5451,197255.0013,199165.7621,200228.0999,201210.8309,202329.9734,202947.3539,204013.3087,204679.6573,205398.2308,205443.333
70582.09159,70713.42667,70936.98405,71252.28747,71597.55041,71826.81234,72034.09213,72316.19384,72753.21005,73401.12929,74000.60698,74523.47985,74861.96705,75193.78255,75461.14561,75728.67783,76213.54736,76883.07179,77625.99045,78199.33781,78696.39145,79353.1691,80039.43543,80759.28794,81289.46995,81579.96419,81793.73372,82156.88607,82640.29683,83170.88051,83505.56227,84032.04306,84587.94266,85400.65157,86175.58593,86812.95995,87466.17403,88303.63274,89512.9341,90817.15393,92042.58933,93196.40314,94316.2401,95377.93452,96217.81895,96977.22302,97772.1802,98769.57997,99460.46691,100044.5709,100475.1502,101223.1609,102021.7908,102979.5614,104230.8835,105874.8734,107598.9489,109088.7227,110344.1721,111587.9497,113181.1531,115068.4016,117143.3977,119254.3019,121610.8813,124638.5048,128026.7489,131561.0787,134572.1916,137463.9021,140641.6203,144343.6696,147638.0113,150464.922,153153.3534,156340.6658,159726.0948,162795.0489,165350.9889,167248.1423,168749.2482,170289.9848,171125.7766,171505.1196,171147.9543,171307.157,171442.0365,171671.5453,171693.1095,171354.6118,170877.4714,169802.3057,168550.1665,166574.3744,164537.5973,162136.9056,160354.2326,158206.8658,156152.9374,153048.7762,149334.7077,145419.652,141427.0465,137583.4838,133970.9163,130766.5631,126016.6481,120591.8987,115450.0133,111671.9404,109218.6574,105741.8678,103214.3393,100126.2388,98212.11847,95755.71005,93515.43274,91097.17763,88976.13174,87117.361,84437.74156,82700.78794,81096.17478,81247.90609,81889.59287,83068.87158,83930.88008,84528.85986,84267.33764,83619.87137,82575.68218,81740.97768,80982.51106,79826.81339,78243.66721,76852.20236,75665.80621,74821.37374,74347.41019,74240.0612,74301.41418,74463.38062,74660.36498,75082.33527,74841.82413,74217.53824,73030.80932,72318.26726,72112.74748,73117.24473,74226.88932,75487.98389,76693.88424,78224.67158,80000.21124,81764.2412,83400.17837,84864.90111,86359.67208,88309.88691,90472.40995,92261.72839,93671.63503,94855.15267,96496.05789,98445.26078,100503.7115,102624.4445,104653.6189,106855.9856,108545.6621,110067.7549,111396.4357,112834.013,114401.9533,115756.8601,117090.5182,117910.8439,118777.7518,119773.9026,121458.8486,123376.7698,125493.5851,127541.5067,129258.0619,130741.4546,132095.9883,134203.0717,136542.7949,138927.7973,140444.7271,141282.7726,141713.9017,142453.957,143633.1775,145150.1418,146253.4453,147165.2097,147871.8424,149326.5994,151089.3876,153210.5782,155006.8494,156468.2321,158006.8397,159785.8154,161861.5319,163627.4093,164916.7262,166121.9378,167388.5497,169022.7156,170859.4285,172764.4248,174333.8156,175474.1538,176057.6608,176370.6366,177012.4025,177771.5549,178821.3652,179761.5952,181030.8121,182501.6614,184160.0009,186163.6508,188379.2934,190497.6409,192233.7938,193606.2569,194782.4249,195731.8461,196793.8001,197321.1097,197514.0672,197106.7386,196873.7549,197219.9863,198633.1512,200841.1394,204041.5428,207503.4979,210877.429,213377.9624,214535.5558,215546.3932,216731.9595,218704.4854,220653.2337,222594.7164,224822.3149,227224.834,230730.5518,234865.2865,239470.9794,243446.2653,247213.4898,250935.999,253181.6631,253801.9822,253320.6132,253640.8352,255575.1904,258846.6323,265305.1814,273619.4701,282709.7866,289612.5337,294091.1101,297295.3456,298970.9333,299227.3053,298248.0959,296999.7339,295807.4163,294197.0194,292343.1084,291529.0203,292028.0401,293609.4596
174752.5369,175744.3993,176433.168,177712.2953,178486.4409,179497.0752,180807.3568,182340.4319,183369.6421,183934.2217,184368.5141,185172.0094,186147.639,187291.6809,188526.0518,189800.3675,191359.7062,192625.6269,194114.0431,195713.2187,198487.7898,201390.1409,204267.3721,207166.5988,210456.7372,213883.2601,216875.1605,219897.2433,222634.26,225614.5903,228636.2363,231962.1254,234168.306,235862.1126,237145.0112,239362.0315,241912.6093,244953.9214,248270.1014,251165.238,254575.6366,258541.6983,262947.3942,266534.9879,269530.1822,272613.6347,276416.5285,279936.2983,283960.9908,287564.7136,291980.103,296335.1688,301753.3323,306582.9505,312423.2514,318658.1441,325492.7413,332271.0666,338367.0872,345067.8789,351377.1521,358537.7582,366330.3851,374809.635,386387.8252,400319.991,414955.2209,427317.4191,438222.6433,447656.8604,455145.3311,460428.2619,465505.5359,470423.5213,477824.8044,487474.7483,495699.3424,500332.9125,501924.8257,502915.4951,503650.823,503920.092,505887.2543,508092.8021,509036.8631,509393.0508,507468.8112,505228.4656,501659.7188,499011.1391,496238.9113,495467.4992,493226.5415,491585.8894,486959.4314,483727.3862,474947.2524,463002.8006,448976.5164,436993.9884,425067.4356,413051.2256,401423.7228,391023.8429,381022.3208,371619.2576,362629.399,350972.8108,339208.9566,328066.0577,321078.9597,315240.8101,310715.7528,306099.1808,300516.4844,293942.411,286630.1095,280741.6659,273914.1181,267908.4368,263198.3148,262446.9478,261764.0757,261573.0592,260809.9742,258592.0605,256383.7624,254102.0489,253540.5657,251712.2045,249347.0912,247021.436,244844.6373,242554.0338,239430.29,236111.0803,232695.611,230440.0678,228945.5636,227855.7945,227095.1791,227289.082,227926.7393,228337.5439,229158.8324,229726.6412,229299.8517,227568.9822,226172.6659,226844.4501,228742.9378,231860.2143,235163.0312,238462.7083,241337.4669,244056.1475,245909.2933,247282.9182,248488.1223,250495.0609,252948.1575,256225.2902,260356.5734,264387.3702,268320.8191,271435.4486,274979.1277,278501.0997,280827.8615,282355.993,283012.2187,285146.4059,288221.2857,290937.8698,293185.5859,294476.197,296112.0564,298232.3503,301775.3967,305933.1733,308674.9167,310123.0206,311265.4267,314366.4688,318602.2595,322878.6974,326208.2849,328231.7905,330441.6186,332366.2924,334614.6049,336362.7243,338724.4909,341601.0833,344559.5424,347002.5565,348907.0293,350902.5838,352739.4584,354167.1849,355171.7598,356935.1227,359306.3984,361568.9205,363328.5374,365451.1126,368106.4302,371031.7709,373028.8691,374786.4706,375904.485,376780.9133,377910.51,379437.4122,382235.8063,385342.9789,388378.5415,390711.1066,393140.957,396104.2188,399212.4713,401784.52,403170.1416,404078.4632,404500.9228,405065.7937,406153.705,407643.1569,408670.6398,409517.4467,410392.6638,411514.3704,411445.0371,410974.7497,410981.0752,411593.5153,412221.3635,412291.7498,412920.4646,414327.587,417840.3175,422039.6181,426361.6733,429057.9677,429404.0995,428497.9065,427766.982,429243.8405,432418.1105,436643.0765,441852.4176,447427.2672,453344.5765,459220.2629,464920.2515,470744.7649,476480.6291,482977.8884,487575.0055,490004.0387,489294.0879,488640.1316,489463.7889,492248.7716,500270.2441,511978.1598,526572.3697,539052.3597,549328.6268,558220.0182,564931.6788,568568.3677,568647.2284,568692.7621,569190.905,569915.2271,571833.7872,574947.8595,579325.4854,582671.4526
164422.6378,164860.8568,165407.6535,166480.5914,167479.4902,168248.1977,168884.8328,169583.2903,170820.5743,172139.2408,172988.4094,173504.5829,174034.9014,174758.3821,175309.4049,175834.5051,176658.1442,177433.1506,178059.0287,178574.9496,179496.4825,180807.7626,182534.7306,184167.5338,185595.2502,186636.5555,187956.2011,189503.9141,191335.6446,193294.4087,194701.2919,196235.3626,197165.2206,198392.4409,199522.4107,200823.1221,201964.0901,202815.584,203977.1163,206124.9649,209027.2028,211532.9806,212864.9139,213599.974,214367.4143,215721.3808,217357.9303,219238.4627,221400.7381,223301.6993,224993.549,226768.1712,229233.0233,232324.3631,235781.4878,239630.544,243338.234,246696.3791,249584.2465,252590.5825,256744.0264,261655.6181,267006.8527,273007.5339,280821.2001,290789.5619,301268.7819,310765.7504,318828.8389,326065.8333,333502.1876,341010.0844,347937.0058,354881.2323,362052.8242,370311.8694,378000.9855,385115.2684,390211.5694,392528.344,392730.0808,392622.1854,390793.6637,388069.9086,383032.7427,380656.2785,378052.1602,376917.0692,374551.7274,372058.7973,368725.0666,364982.4257,361674.898,357611.8922,353698.094,348799.283,345078.0296,339253.0531,333117.0932,324516.9593,316271.046,307804.9932,300662.8623,293572.1281,287216.0683,281169.1773,273913.8911,265823.8896,256503.4924,248162.7221,241350.4936,235161.8032,231164.4475,227171.0641,224324.8619,221135.3853,218533.7501,215554.024,214838.4581,215246.7135,215255.5612,214646.4582,214267.0907,215020.0653,215408.271,215041.1156,214769.3034,213750.9902,212631.0189,211013.4489,208791.7646,205227.6376,202046.0571,199633.1086,197061.3284,194407.1367,191572.5697,189636.5783,188628.6396,188549.2077,189012.6485,189392.1587,188457.4369,187261.958,186051.2405,186001.0999,186227.9515,186626.1448,187311.345,188395.5185,189185.0019,189880.1521,190682.643,191705.9095,192676.5342,193874.4321,195647.1219,197624.6125,199517.1113,201657.4585,203823.8664,206147.7432,207766.72,209932.9411,212132.2211,215222.3259,218295.2076,221930.0894,225455.7502,228877.3045,231455.1818,233627.9674,235365.9003,237232.5606,238237.7086,238918.4357,239196.3283,239583.5543,240447.6832,241785.3091,243908.1912,245979.8592,247936.3767,249886.1909,252009.5774,254025.6756,255477.825,256968.1036,258309.5941,260131.5916,261507.0726,263082.0594,265017.8592,267095.474,268750.02,270205.5289,271706.9806,273603.6608,275012.0541,276275.0921,277482.6408,279283.4821,281174.6648,283367.2557,285384.5238,287444.7693,289164.6372,290719.9444,292227.3812,294223.5394,296125.2747,297998.1072,299498.2646,301390.929,302891.7975,304315.571,305605.2969,307376.3417,309410.7384,311438.9612,313466.8414,315548.9471,317607.8393,319602.4249,321583.8081,323769.5392,326258.2955,328602.9192,330239.8055,331282.3208,331813.2551,331563.0763,331131.8828,330731.6581,331159.0182,331445.8917,331594.6952,331440.7165,331885.9466,332925.7429,334909.4906,336803.6488,338419.1425,339380.1478,340010.4171,341087.6151,343033.5207,346071.6759,349584.0576,353306.1553,357593.9965,361879.2928,366159.7689,370228.7845,374151.5362,378046.8015,382866.8761,388941.2718,395519.1852,401506.6012,407121.9675,413324.3677,420118.6754,427284.2765,435490.0546,444595.8476,454559.8687,463842.0746,472103.3241,479115.9731,484140.0223,486739.0477,487562.714,487666.7106,487725.0914,486591.895,484762.1925,483110.7198,483020.4218,483695.6218
61247.50464,61301.12163,61314.63768,61875.9742,62754.84616,64030.48921,64724.47709,65031.53356,65264.04602,65387.17908,66136.61806,66832.80135,67897.12014,68497.87289,69433.39649,70540.65725,71743.60459,73102.93995,74221.36243,75702.43061,76523.89347,77240.46546,77704.59135,77670.8788,77827.58803,77367.04172,77771.3647,78398.10988,79272.58079,79442.77398,79262.84955,79071.65284,79416.50514,79532.1265,79874.57068,79894.48504,79851.68738,79926.57716,80294.11886,81010.24058,81818.40601,82689.97926,83405.18011,84024.36335,84489.6516,85025.25387,85402.61215,85861.08708,86073.58281,86513.38782,87228.68136,88658.22142,90380.04395,92295.364,94359.92271,96147.99719,97017.93812,97434.70414,98267.72501,99695.13412,101286.6252,102448.408,103300.8883,104571.2841,105158.6495,106724.1472,108591.5442,111940.5941,114855.2258,117689.8461,119988.9566,122627.0251,124760.5886,126950.8331,128689.9505,130717.0957,132301.8022,133495.0859,133887.967,133658.0488,133289.9315,132746.6627,132707.9496,132610.2599,132670.3143,132288.6666,132133.2,132092.1047,132501.9806,132267.9716,132313.464,131308.3219,130286.7384,128167.9151,126475.148,124436.9679,122723.7156,120843.8361,119059.4839,116976.172,115028.7836,113479.4998,112250.0021,110499.2357,108459.7407,107195.2758,106761.8044,106693.7489,105212.7856,103503.8929,101483.3603,100285.3664,99406.87174,98643.69476,97483.55157,95904.95193,94439.28862,93224.10255,92401.95376,91737.22782,91302.81215,90819.12804,90364.16436,89996.16569,89865.52543,89943.48054,89881.78173,89606.63061,88982.16535,88073.91296,87217.58472,86465.27638,86301.54746,86158.33126,86043.90033,85755.88832,85737.80599,85789.61651,85808.09361,85570.19129,85450.74996,85275.50927,85308.53509,85384.28401,85912.8962,87047.66475,88395.01726,89517.02023,89885.56281,89887.8951,89177.97977,87930.69438,86720.52715,86004.90128,86015.06391,86455.78816,87103.10191,87914.07585,89012.61692,90249.10053,91188.36553,91806.22496,92043.71184,92274.81123,92148.62289,92083.22664,92234.27265,92426.03535,93313.65966,94707.94255,96359.52118,97433.74266,97829.49294,98173.05775,98625.88808,98871.54707,98620.19789,97796.74719,97146.51913,96702.47627,96231.00643,95554.89083,94387.97554,93397.88659,92988.61314,93372.72104,94005.27295,94327.04599,95038.79131,96251.42095,98109.00006,99976.19552,102147.4291,103892.3543,105155.5872,105984.4014,106711.9785,107827.9695,109166.9689,110720.313,111904.9585,112605.4838,112801.517,113024.3088,113212.8696,113371.0074,113421.7801,113507.6132,113791.1701,113819.9376,114284.2276,115624.5948,117725.1101,119773.559,121440.4256,122496.7632,123118.2931,122858.689,123146.1069,123663.8881,124778.7958,126142.2505,128298.306,130490.4043,132498.3799,133309.1866,133871.4984,134047.7957,133342.392,132136.4358,130509.3102,130378.2509,131005.9888,132578.1521,134404.3747,136436.9846,137819.0758,138541.1637,138696.9189,138796.0387,139746.7009,141723.2938,144636.6632,147348.4306,148922.578,149412.4608,149730.2204,151253.5999,153372.0661,155427.309,157433.4061,159162.1995,160781.996,162515.5725,165607.659,169710.7988,173874.2953,178139.4731,180654.1382,181305.2809,180182.1362,179846.1659,181202.911,182621.1167,187005.7003,193123.6076,201402.0713,207944.8737,213158.9179,218330.6075,222427.2111,224362.2346,223254.7481,220885.513,218221.3892,215536.1103,213745.2819,212747.6425,213654.6706,214708.7549
94081.60052,93269.97388,93623.95525,93822.92273,94026.25324,93305.69144,92337.72272,92059.37048,91942.81344,91798.95089,91620.91496,92009.48841,93144.97386,94593.16637,95804.75463,96949.15761,98448.94174,99920.53506,101342.1258,102101.3855,102873.9363,103067.4943,103270.2438,103469.1829,103715.1963,103823.1925,103921.3899,104251.0686,104625.4816,104887.1699,105388.4918,105822.4117,106468.2499,106710.298,107198.7101,107830.8991,108738.9221,109915.3177,110800.085,112005.1831,112481.8275,112631.1566,112266.6697,112386.5825,113107.3114,114291.9864,115678.6986,117108.4305,118382.9175,119863.567,121273.6849,122841.4603,124303.9189,126348.1069,128402.2244,130426.6063,131965.5333,133314.7369,134288.4351,135017.6347,135730.8769,136909.568,138748.1866,141234.7435,143996.7239,146663.4696,149396.3877,151910.8867,154450.3846,157030.587,159687.3724,162324.6892,164961.351,167547.4867,170297.582,172624.2407,175058.4416,177452.2362,179717.421,181723.4266,183575.2206,185428.1081,186592.0813,186888.0258,186582.3442,187045.8642,187742.7872,189131.0686,190503.8046,191200.9243,191323.7317,190199.2398,189224.9584,187671.4055,185948.6609,184430.8971,182905.6729,181110.4881,178731.9838,176213.9449,174524.653,173057.2001,171213.0075,168160.9205,164703.0037,161771.251,159306.6712,157144.3097,154652.7155,152698.5267,150903.6665,149200.9232,147312.2927,145416.352,143738.3364,142230.9358,141032.7034,139997.7681,139128.3771,137941.8545,136843.6101,135962.3134,135399.974,134747.6305,134257.5508,133830.9167,133562.187,133055.0473,132391.8319,131682.9972,131130.3724,130415.8539,129696.0031,128808.9172,128007.645,127003.9394,125999.7616,125156.9222,124608.8361,124051.9893,123484.702,123026.7158,122977.24,123147.9328,123484.3924,123756.7143,124156.8044,124543.3798,124564.6177,124223.5972,123308.4321,122475.7675,122008.3899,122027.6216,122156.115,122405.7644,122623.6074,122761.4556,122878.7803,122939.9042,123041.2259,122875.3193,122554.0274,122391.3202,122357.9106,122603.8845,122874.2063,123350.7856,123983.8527,125059.814,126285.6392,127568.6164,128535.0232,129300.3933,130106.3926,130788.8545,131215.1206,131074.436,130906.5186,131120.3647,131700.6516,132336.1795,132615.3557,133133.6636,133628.4524,134517.1203,135241.0888,136271.6976,137611.36,139514.1057,141105.9733,142288.7968,142987.2958,143836.3601,144530.2343,145157.1307,145914.0831,146750.4486,147472.1346,148307.2511,149148.5668,149990.4132,150343.805,150673.8971,150855.0396,150877.0418,150925.9323,151688.9738,153019.5542,154385.7176,155670.9467,157057.9733,158683.2208,159948.119,160849.3112,161367.4323,161845.96,162197.9676,163155.3514,164241.2448,165391.5251,166130.6484,167313.8734,168346.2846,169191.4893,169440.9377,169880.009,170517.847,171711.838,173204.9653,174671.4181,175817.9957,177141.6055,178579.0894,179799.7368,180471.9699,180883.4352,181440.3589,182445.6075,183846.4316,185490.5375,187448.2792,189359.1111,190767.6376,191082.1331,191129.8088,191918.1432,194112.1665,197428.0539,200889.0882,204539.475,208043.0408,211544.2317,215083.9057,218503.6246,222426.3631,226581.8522,231642.2964,235456.0905,237732.91,237942.8194,238762.1821,240947.7205,244311.0173,249298.5384,254724.4302,260651.0704,266304.9977,272082.596,277848.8933,281959.1678,283727.0181,283239.8948,282026.1297,280402.0085,278780.6042,279119.7479,280629.9767,283024.0321,283655.0921
100880.8117,99706.19597,98704.20961,97106.89848,96726.1259,97870.0381,100028.4571,102125.6395,103570.488,104672.676,105729.5159,107203.1338,108463.915,110194.7705,111557.7322,113219.7235,114643.7873,116231.9271,117354.0955,118488.7517,119468.813,121064.0064,122057.6143,123106.3075,123960.5941,125622.1143,127451.2382,129557.5681,131553.4644,133624.5489,135339.9731,136895.093,138133.2471,139580.7981,140907.9681,142442.8397,143635.3043,145280.0077,146895.448,148923.9364,150523.896,151816.9037,152642.9239,153970.0435,156124.5072,159205.5258,161905.7364,164409.4884,166507.3593,169504.5164,172840.9105,176455.6665,179691.3013,182981.9206,186467.3504,190748.3257,194877.9892,199362.2523,203503.8617,208192.2703,212629.2176,217126.8304,221805.8502,227177.7921,233154.8034,239265.4921,244473.5345,250109.839,255587.7009,261756.521,266638.0433,271237.7474,275372.1378,279156.3692,282737.1606,286088.5478,288898.0949,290514.3499,290725.5525,290212.2345,289384.9595,289022.181,288735.1022,288581.4275,287951.8277,287674.2338,287374.2331,287140.1785,285357.5798,282407.0295,279427.0547,275779.6011,272294.8349,268139.106,264674.1535,261080.0878,257380.4205,253913.8432,250455.6267,246602.5208,242010.6388,237188.8325,231952.9116,226231.2039,220657.6786,215713.4553,212094.592,209396.2799,206860.1019,204798.8438,202648.342,200872.4884,199105.3806,196999.7142,194558.9222,191732.0331,188982.5207,186484.566,184613.4681,183109.2366,182051.0472,181058.3324,180230.4034,179485.2729,179241.1808,179126.0019,178999.1964,178317.8297,176796.8801,174977.0464,173457.1708,172433.2582,171732.9854,170851.1691,169561.54,168047.8653,166735.7142,166093.1437,165570.3421,165293.884,165041.0335,164976.6783,164685.2408,164378.1903,164050.5286,163839.7847,164246.5108,165244.6518,166113.3503,166866.0852,167863.1752,168975.6471,169692.8641,169676.6473,169569.4731,169977.2007,170366.3976,171104.9905,172473.1461,175176.7384,178467.3718,181096.5484,182307.0682,182872.1668,183377.2247,184044.4456,184672.3477,186011.273,188081.0227,190385.0006,192721.0692,194468.3566,196280.0997,197221.4104,198314.4173,199470.5848,200945.746,202318.3631,203495.0701,204607.6802,205757.4519,206903.4919,207787.3667,208721.1359,210145.0248,211910.001,213786.6035,215793.7763,218086.9784,220735.4156,222675.6884,223600.5143,223603.5992,223558.3044,223819.1307,224682.4522,225809.4065,227270.7503,228327.3016,229133.5209,229981.0414,231194.0657,231432.8316,230442.2809,229556.9064,230159.7693,232100.0328,234434.651,236745.2034,239317.3642,241818.5896,244547.843,247619.1916,251159.5044,254770.6417,258124.0832,260786.7253,263437.9873,266377.1765,269344.0796,271795.8719,273195.2637,275086.1746,276980.0898,279249.6937,280977.4466,283203.5604,285301.4742,285631.2139,283129.6193,278722.3918,274598.0698,271371.7789,269808.455,268908.7163,268175.6763,267187.4342,267028.1102,268651.2092,271359.3745,274771.1941,277713.5863,280425.6224,281886.0958,282361.4742,282245.7125,282842.8961,285348.6631,289689.1347,294238.9525,298862.7476,303299.8701,308982.4263,315976.3702,324125.6673,333064.7023,341883.2247,350148.8985,357677.2632,363550.6535,368802.6976,374593.0063,381472.2776,388514.4264,397300.5031,407672.6068,419378.4962,430731.8219,441867.11,452770.8851,459856.3325,463822.7272,465284.9384,467044.9675,468415.4147,468360.3694,467864.7543,468325.4546,470949.7204,473944.9578
115731.2816,114812.8944,115021.1555,115999.1749,117968.2574,119381.8098,119806.9694,120120.7745,120339.6102,119802.9201,118537.9247,117212.6541,115748.8403,115397.2645,115893.4723,117578.4974,118693.9906,119201.8632,119565.8807,120277.1147,121314.5344,122714.6469,123921.2737,125015.4501,125835.8038,126750.3067,128002.6937,129441.1309,130654.8376,131583.7285,132523.7565,133837.1121,135203.6701,136448.5916,137098.1557,137154.5821,136474.1115,134996.2766,133625.4584,132696.4291,132783.6116,133068.6603,133615.8182,134256.7407,135179.711,136024.7554,137021.6679,137749.9186,138253.1329,138976.6329,140272.5797,142456.0019,144651.6738,146721.7169,148653.4048,150916.722,153367.8213,155470.5895,156987.6055,158386.2918,159907.2615,162417.0506,165233.6909,168048.8145,169960.8567,171497.9873,173361.4154,175816.5559,177936.6156,179983.5071,181630.6682,183781.9037,184555.5584,184862.7517,183059.3131,180083.7638,175995.3388,173275.3988,172253.345,172095.1432,172255.9756,172314.8602,173053.6594,173631.7652,174497.3902,174950.9251,175134.0174,176878.0109,178829.4888,180653.3307,180073.3704,178308.7086,176107.7194,174000.9199,171968.8097,170004.3921,168038.4347,166029.9995,164460.8808,161768.9566,158397.3509,154207.5399,152026.5366,150263.9943,146218.0521,139472.9518,132436.4753,128431.1108,126275.5641,125421.368,123756.7058,122615.3506,120450.8962,118611.0073,116025.7387,112757.8563,109256.1306,107884.9767,108329.4785,109130.636,108272.5233,107632.3728,107623.2385,107648.8927,107141.1941,106077.7647,104672.2823,102885.272,101353.8265,99430.83937,96976.63822,93202.07353,90248.17978,89784.26833,91499.29716,93827.69331,94950.13319,95996.50577,96284.49745,96820.5583,96426.93239,94733.49461,91916.17526,89796.99048,89184.45816,89299.80886,88843.13756,88356.30313,87742.15885,87267.28249,86351.41478,85442.06582,85225.90782,86233.91398,87971.74058,90012.59758,92171.41232,94176.31484,95855.24902,97116.81635,98653.0561,100278.3873,101977.7047,103821.6999,105319.1348,106317.0198,105985.8058,105581.7331,105469.0043,106424.251,107347.3036,108402.5629,109189.3978,109905.2751,110451.3093,111297.1181,112632.3831,114033.4096,113943.4616,113082.5882,111329.3456,110207.505,109088.5527,108557.3684,108354.5652,108401.0403,108601.6419,109670.8134,111305.7431,113935.724,115482.4263,116681.8907,116977.0108,117519.8555,118053.7816,118756.0866,119533.2227,120525.0104,121125.1562,122076.4134,123269.6067,124974.1106,126338.145,126749.9019,126401.3452,125620.1328,125261.1388,125347.0108,125858.649,126613.5987,127712.6048,129257.6504,130680.2697,132331.1156,134235.7118,137088.3889,138825.0349,139124.7113,138283.492,137602.0453,137705.8649,138003.9745,139122.3247,140074.7087,140897.0246,141507.8446,142875.3326,144935.0871,146898.3113,147868.0218,148149.5809,148202.5548,148757.833,149385.8077,150091.1979,150653.8396,151042.7478,152174.0262,153789.447,155831.4733,157729.1706,159252.6559,160486.3389,161126.2243,161221.24,160992.6592,161109.7479,161927.4305,163540.0042,164743.5631,166511.1313,168251.4978,169893.3514,170811.8774,171681.103,173366.0207,175101.4364,177104.8417,179345.5545,181985.758,184393.8,186488.0931,189245.2569,192620.1168,197536.8662,202682.2132,208278.9124,213243.0593,217478.5072,221422.1232,224206.8892,226609.0462,228123.2011,230162.626,232358.1505,234207.5221,236613.737,239330.0592,243417.7612,246895.574
111847.5463,112365.9152,112925.0936,114141.0789,115925.9709,117813.1335,119485.7659,120921.1538,122192.1963,123849.9247,125191.7392,126798.1324,128217.1542,130071.8369,131727.452,133829.2618,135634.0728,137740.9023,139072.2869,140454.3479,141644.9932,143202.1063,144648.7325,145968.5103,147175.1954,148561.4582,150270.0828,152200.5472,154144.4357,155453.4439,156796.6056,158392.9368,160647.1662,162762.0582,164383.8055,165751.3718,167182.82,168351.9678,169776.72,171262.568,173355.1207,176102.5999,179298.7919,182647.2593,185968.5722,189292.1476,192153.9132,194419.1796,196770.4509,199522.1164,202780.2297,206929.6338,211605.2534,216489.8297,221248.7497,226092.5986,231104.3645,235451.8488,240048.9517,244761.0041,249339.3981,253413.1608,257463.475,261933.6867,266931.9034,271317.4012,275859.7666,281045.4435,286190.2311,291379.3089,296009.7175,300410.0541,304107.6035,307798.0863,312595.8171,316844.4403,319956.5757,322257.1306,322985.9743,322162.4521,319995.0854,318105.4855,316045.5167,312174.6982,307519.8553,303173.7879,300145.2708,297751.8057,294942.5836,291637.4442,288078.9788,284733.7158,281698.1882,278852.9499,276344.6538,272567.5566,268000.3832,267131.8291,266843.8116,265895.9309,259659.3896,253904.2549,249717.1255,245946.3013,241797.7598,237569.7527,233933.3965,230957.9499,228371.7295,224895.2417,221304.7542,217451.1655,214432.0075,211552.2716,209145.3639,208363.9021,208026.7314,207491.0481,206237.138,204390.9123,202156.1388,199669.4104,197515.3512,195959.4078,194450.3454,192219.1592,189887.2852,187764.3331,186904.7369,185124.919,183496.7842,181851.8078,180932.7793,178746.457,176771.1547,175191.6414,174874.585,174201.0171,173802.8634,173405.5866,173141.5295,172461.3118,171609.5355,169692.4634,168123.834,167278.2158,168243.6173,170006.0936,171953.1917,174099.1643,176606.2315,179047.086,180571.2906,181017.2196,181041.5516,181894.8547,183711.9072,186043.3434,188391.2683,190878.7164,193839.9463,196860.947,199207.3843,200757.1164,201415.7916,201696.2875,201866.3179,203066.5811,205724.0804,208618.4232,210992.1717,212503.7481,214451.4653,216597.3974,218728.799,220553.1178,221968.0336,223287.4021,224578.6989,226457.2333,228441.5243,230152.1957,230960.9959,231694.4444,233055.74,235101.2524,236817.8594,238261.6118,239738.3314,242022.7556,244088.9309,246237.7429,248027.9772,249492.6977,250134.0093,250652.2314,252059.8582,254533.3687,256876.3592,258924.7351,261145.6364,263861.6012,266606.1185,268936.121,270288.4183,271545.2352,272085.6877,273041.9648,273972.5992,275846.4343,277782.1687,279704.7977,281258.4508,282821.7761,284297.2392,286311.1244,288793.0498,291518.905,293592.8642,294795.3079,295378.0284,295342.9296,295299.7996,295167.4791,295213.9425,296127.1557,297945.3298,300723.0418,303652.4691,307088.7827,309746.6244,311432.3589,311358.6277,311253.1969,311301.9481,312379.2183,313639.0644,315604.9712,317765.4487,320292.0935,322906.9656,325292.8333,326954.7833,327496.0596,326911.3505,326425.153,326879.9654,329301.9497,333265.5983,338358.6506,344655.5376,351280.2704,358135.1886,364394.9319,370997.5203,377901.2734,385670.6646,394172.7488,402985.6887,411426.4411,419010.8534,425233.5173,431192.9218,436271.11,442651.7886,449938.5077,459147.1377,469675.0778,480803.1492,490351.5705,496558.2707,497860.4647,496596.8295,494628.3399,492797.7115,490249.0564,488134.2138,487522.8756,489674.9319,491208.8466
148776.0436,148968.1809,149238.7983,150182.4357,151582.9687,153285.7761,154833.9508,156425.802,158040.4585,159799.805,161620.9586,163456.8521,165127.1686,166843.2449,168521.3077,170345.4118,172078.4131,174116.2979,176155.4736,178316.4661,180497.5396,182677.113,184873.1628,187051.9438,189537.6993,191973.2,194640.1499,197532.3205,200562.1103,203470.1643,205773.701,208006.8406,210096.4978,212475.7848,214674.5659,216774.2064,218985.1423,221611.6347,224452.5206,227332.9581,230136.0007,232755.1449,235394.0527,237865.3056,240401.2444,242474.9698,244381.3644,246341.1569,248554.7647,250661.9074,253204.5787,256464.9729,260470.5523,265271.3454,270910.0353,277215.2995,283353.0655,288502.9012,292889.6212,297261.1597,302884.4441,309363.5981,316250.6327,324395.195,332337.8178,340218.9796,346672.2867,354080.465,362330.127,369757.4931,376134.4827,380469.0783,384762.4673,389845.5048,397109.0189,403430.6088,405932.1993,405453.3176,404175.3253,403561.4314,401762.698,398504.3886,394692.139,389557.2141,385805.8548,383111.5062,380176.2927,376385.1462,371557.1368,367756.6958,362921.6045,357622.0207,352483.8868,347773.8554,343353.6276,336961.1016,332218.8871,327635.5523,324980.0701,320599.5488,315951.924,311202.9217,306946.8841,302232.3843,296906.3065,291540.2196,286316.702,282437.0191,278199.3228,273611.371,268298.03,262788.103,259267.4571,255960.0711,253448.912,250381.143,247637.5439,245450.5022,244693.9859,244631.9634,244998.0677,244718.9085,244148.4292,243389.8409,242181.243,240661.6416,238951.6427,236731.0958,234717.0883,231365.011,227723.9625,224322.0928,221222.6511,218295.2479,215411.0718,213404.5075,211877.1196,210026.5888,208502.8806,207420.3443,207014.098,207762.4348,209826.4747,212500.1215,214774.3691,216126.8828,217111.8103,218215.1679,219568.0356,221281.9549,223172.8998,224800.0518,226118.2042,228046.5227,230543.2198,233606.8369,235518.1137,236801.773,238138.2081,240180.1955,243169.9419,246124.3215,248523.3254,250501.3928,252389.0315,254813.2874,256132.2089,257493.3153,258520.6111,260490.5069,262259.2636,263877.3063,265104.872,265588.203,265486.6787,265003.2753,264864.8786,265759.1603,267674.1926,270877.1679,273543.4122,275830.4629,277506.8191,279513.2381,281494.8917,282825.5242,283641.6328,284761.8547,286674.6704,290219.1413,294036.5433,297996.2139,300697.2309,303013.7473,304577.9907,306791.004,308929.9673,311162.3041,312750.315,314447.6735,316362.1533,318660.2944,321132.1572,323416.8645,325221.1844,327336.7192,329159.8966,331346.7603,332729.7363,335405.0038,338322.3824,341387.4853,343179.6816,344916.2345,346674.4622,349528.8767,351472.0945,353518.2767,355478.387,358183.9663,361047.3359,362947.7423,365521.6761,368640.0312,372681.0617,377124.291,381145.8167,384922.2258,387366.3375,389336.9366,390942.1344,392330.6336,393574.6556,394574.0598,395444.9144,395987.8637,396409.183,397180.717,398790.3928,401083.7382,404224.2639,408135.5074,412149.6963,415206.395,416431.3132,416754.988,417049.1352,418606.9336,421761.6595,426434.5936,433014.3164,439742.5608,446195.4566,451943.7876,457685.7262,464677.9245,473805.9698,485171.9239,499082.9153,513441.1016,528882.8526,542213.8046,554684.2292,565739.7372,579039.6872,593617.9139,610448.9638,629323.3299,646994.728,662840.5805,670645.792,671957.7289,666780.6333,661433.6125,657068.1039,651635.1872,646064.0255,640529.7764,637523.0911,634810.2402
227808.4398,228600.0648,229993.3678,231807.7355,233510.4888,234821.181,236579.4177,238373.9992,239398.5671,240654.6111,241769.7823,243329.9256,244577.0959,246121.5695,248316.6569,250829.7437,253589.0113,256015.1961,259182.2571,262393.9135,265676.6281,267577.9853,269080.9375,271169.9037,273870.2755,277167.6555,279644.8581,282221.1907,284612.417,286982.5013,288898.003,290629.7974,292373.8123,294846.9134,297162.0749,299682.6464,302647.9139,306150.1315,309405.1077,312198.4619,314283.8696,316098.6969,317455.8091,319509.0744,322076.6459,324655.6737,326941.1733,329236.3798,331685.518,334627.8049,338185.2472,342402.1588,347262.9303,353011.1886,358887.0157,365770.7379,372357.6296,379495.122,385869.8677,392145.6176,398754.7955,405746.7142,415393.9544,426137.285,438476.3947,451137.9369,464015.6932,476018.9862,486249.0374,495917.2825,502598.6459,509397.7616,516900.3019,524848.8937,530088.4431,532298.6237,535683.338,539982.5811,541182.0114,538082.4353,532492.4156,526338.8296,520728.423,512416.5109,504514.866,496829.585,490222.0428,483994.8601,476145.0776,468651.0402,461740.7846,454151.8807,447160.164,439712.3078,434170.0513,428577.2625,421006.7058,413790.1363,407117.0488,403361.3481,398671.2111,392947.2729,386349.6761,380107.4164,374060.4561,368145.1003,364107.5857,361169.204,358873.6189,355785.4516,353043.0124,349434.4602,346029.1331,342157.4138,338567.9435,335335.7549,333028.3164,330321.4591,327760.2065,325619.7747,324388.4651,324212.4443,323921.6931,325569.3659,325759.739,324815.254,323099.5681,322126.8958,321743.1437,321142.5572,319407.023,318465.0174,317437.6103,317320.3322,315892.0052,313591.5666,310965.0069,309138.6773,307313.4235,305727.5783,304394.1182,303924.2323,304308.7105,304383.6995,304071.5219,303360.6381,303476.2198,305115.4332,307279.6138,308970.1168,310680.7186,312197.9764,313328.7616,313883.1597,315295.5657,317373.4169,320258.1177,323027.3842,326382.4622,329620.0161,333293.8799,337418.7012,341225.4441,344602.9605,346859.1993,348546.3227,349858.8766,351805.1989,354505.2298,357285.1078,359731.8493,362029.53,364198.0754,366163.14,367781.6168,369359.6019,370669.9568,371514.0955,372585.5017,374211.9595,377317.7338,380346.8049,382841.5372,384280.0984,385944.4846,388326.2785,390975.3955,393992.5873,397636.7122,401303.6049,404530.8422,406355.3873,408230.9225,409358.3242,410698.9135,411745.3738,413127.8473,414271.3257,415093.5638,415635.0762,416075.817,416310.0931,416732.9019,417162.0665,417619.8948,417453.7863,417671.4577,417563.0659,417350.554,417148.5436,417818.8917,418753.9338,419312.573,420144.9617,421435.1353,422343.9629,422895.7309,422689.1761,423284.3815,424028.8939,425777.6059,427883.3379,430882.4823,433698.1935,435643.7079,436053.1085,436090.8237,436600.9365,437365.7308,437764.8496,437729.1304,437321.7165,436329.0597,435300.4034,434930.7892,435750.8728,436603.8672,438769.1526,442351.9992,447592.0132,452511.4164,456718.1856,459928.4313,461864.3182,461943.8341,461653.0377,461934.2377,464322.4049,468623.9868,474250.073,480996.8712,487977.6589,495436.9944,502868.8054,510465.2121,518775.6535,529206.73,541978.6331,556089.4455,570366.8207,583895.8924,596737.1002,609551.7594,622322.4854,637793.6987,655826.8428,678713.8922,703014.3881,725289.5357,742683.8594,750954.6147,750898.4527,745691.7094,742835.9806,743013.4469,742646.2091,739631.8687,736342.0118,736629.4572,737838.7113
92339.5576,92444.79871,92733.61605,93189.06218,93560.0004,93923.84553,94130.99525,94634.97806,95089.98302,95817.43998,96355.83089,96841.54957,97164.07378,97652.11134,98388.20103,99053.9876,99930.04203,100463.6989,101264.054,101446.5933,101370.753,100973.8524,101067.4617,101652.4753,102290.0883,102588.8041,102550.4123,102784.2903,103136.0857,103822.5257,104286.8922,105019.607,105763.2978,106655.622,107448.2677,108255.7897,109259.0273,110192.6047,111443.352,112630.3478,113760.6431,114806.4289,115843.7027,117056.9741,118277.7088,119816.4719,121648.5,123297.8036,124715.2252,125949.8928,127262.5203,128850.5915,130215.3606,131999.2432,134086.662,136983.7919,139384.1267,140942.5021,141868.9234,142925.8049,144411.1017,146149.7501,147781.5356,149677.174,152175.9557,154788.1744,157662.081,160457.7029,164460.4635,168500.1058,173073.7202,177171.3315,180930.1249,184332.5867,187771.5791,191591.1936,194780.2679,198007.1331,200887.4192,203663.2155,205244.0118,205724.3177,205455.8671,204094.5689,202426.8631,200989.3162,200260.2556,199254.5678,197716.938,195626.9744,193478.6458,190731.2246,188387.3979,185337.019,182790.5707,180202.4958,177690.3688,174725.0468,170930.7379,168562.2647,166321.1116,163906.7909,160619.5109,157698.4104,155462.2392,153770.2765,150706.5883,147260.5888,144928.5063,144852.302,146288.1006,145708.1526,143258.6699,139694.3827,137147.3774,135342.9685,133513.1546,131751.4823,130492.6081,129656.9095,128611.9016,127913.1357,127734.8004,127833.8716,127525.9887,126765.468,125972.0391,124343.6107,121898.9602,119406.4539,117493.4347,116247.1964,114448.0243,112401.6609,110148.112,108030.6284,106200.9083,105221.1201,104271.9575,103584.9525,102674.4549,101310.4497,99404.12402,97150.66905,95702.7584,95099.54741,95342.7172,96513.17399,98057.9972,99100.72369,99510.28182,99511.17841,99595.6333,99947.14123,100368.8021,101199.8659,101865.7004,102500.8606,103114.1954,104256.4572,105904.6131,107589.9156,108798.7179,109758.6014,110655.4937,111751.6587,112495.3022,113253.8373,113736.9952,114316.0504,114913.9056,116166.5936,117884.0883,119257.7702,120179.3354,120742.8057,121443.9496,122355.7308,123480.0256,124989.1145,126195.8853,127139.7085,127784.4471,128633.849,129937.5224,131344.2247,132811.3946,134422.9027,136335.624,138915.9292,141536.461,144161.6994,146264.6681,147988.9208,149314.2018,150676.3871,152222.749,153718.4409,154761.9829,155984.3337,157678.7625,159730.9447,161447.076,162725.3362,163746.4261,164616.4492,165407.4222,166492.625,167983.7181,169694.4918,171370.4919,172815.154,174533.3878,176542.9947,179106.5174,181647.4461,183929.5693,185148.2251,185675.4378,185743.498,186120.6176,186743.3237,188038.1826,189754.3332,191947.2339,193975.0926,195945.4659,197820.9409,199401.8987,200655.1454,201399.5501,201957.6765,202725.3483,203711.481,204942.209,205969.3869,206766.0981,208106.5497,210001.6809,212339.0014,214763.6603,217133.6875,219547.6454,221114.0295,221660.5283,221791.6917,222469.1868,224192.3597,226917.7363,229821.6053,233153.9279,236254.3898,239324.7991,242289.9226,245202.2556,248576.6647,252471.1201,257217.0334,260779.4742,262289.9535,262026.0418,262141.5554,263821.277,266459.2918,271521.2939,278457.1574,286832.9548,294221.6303,300412.128,305842.9926,310666.2636,314304.9769,316406.4357,317252.0941,317256.9257,316661.5369,315541.3841,314772.5398,314456.4585,314750.865
48571.92852,48816.19499,48853.25523,49232.68314,49473.33852,49919.47612,50232.79072,50453.61165,50541.46199,50575.89379,50821.89598,51252.12028,51575.42198,51818.46819,51803.30977,51877.62782,52079.92277,52477.79616,52764.05719,53139.89529,53545.52852,54052.37745,54406.63802,54596.47921,54867.03661,55303.04927,56169.92998,57016.87813,57864.75069,58410.19817,59002.39765,59436.60342,59889.36695,60325.34712,60656.11563,61025.88331,61367.42849,61921.17145,62624.51924,63482.13785,64309.19884,64922.54586,65393.44214,66729.1499,68201.43326,69350.22813,69389.16306,69125.5727,69289.17037,69962.24532,71280.23455,72986.50309,74690.44479,76124.44424,77453.11576,78905.71452,80617.33441,82135.7986,83611.33654,84796.72757,86172.05557,87213.27927,88444.44624,89804.10323,91865.54583,94023.08634,96250.04794,98580.02934,101253.3763,103838.9345,105658.581,106935.2697,107972.3149,108781.7507,109781.8014,110785.224,111950.1715,112189.8847,112364.3165,112453.3723,112982.2572,113172.0174,113187.0554,113042.133,112946.9816,112715.4608,112533.7923,112039.5572,111192.725,109863.9287,109076.7816,108311.1457,107622.6284,106457.7885,105159.4643,103663.6015,101811.6574,100098.9122,98604.11878,97080.87415,95366.07818,93632.25083,91968.5436,90140.70552,88259.2386,86626.3648,85465.37424,84380.49507,83355.70144,82495.95237,81813.8335,80933.98353,79971.4597,78835.36511,77764.73371,76616.711,75622.26055,74784.87902,74245.13225,73999.27378,73874.05183,73858.52527,73640.19397,73381.61124,72993.7886,72728.0113,72533.83642,72274.06636,71878.73794,71311.77912,71065.4369,70840.70522,70675.54285,70239.63569,69659.57464,68989.32321,68441.65169,68026.8879,67712.40175,67338.20995,67009.58117,66878.98107,66881.22755,67347.95699,67841.86699,68387.94208,68680.94608,68946.90357,69074.25875,68906.7497,68136.7717,67092.64038,66223.55674,66053.47719,66318.72881,66899.76082,67320.66913,67582.45855,67692.34276,68240.86164,69258.0926,70399.57575,71156.59266,71604.99539,71694.85389,71960.03208,72358.43611,73190.47863,74151.4449,75047.22345,75557.19246,75737.75092,75779.97133,75809.03023,76231.08338,76723.3994,77170.96228,77263.66485,77411.62066,77685.215,77848.74335,77602.5706,77332.52844,77211.70018,77376.79123,77728.75869,78415.47066,79635.18697,81310.21867,82808.23932,83924.47476,84646.6849,85411.09936,86254.12759,87079.82677,87889.18238,88619.87626,89193.54871,89234.72394,89563.22727,90007.48374,90830.74815,91377.14455,91708.91909,92117.99892,92274.63848,92529.47993,92744.30895,93280.91569,94090.17965,95267.53977,96130.69788,96931.5941,97471.59494,98046.61252,98369.2226,98761.10202,99046.48647,99704.97603,100433.4295,101784.8848,103276.8209,105003.7336,106624.3192,108197.8607,108998.8881,109368.7599,109082.8932,108899.5427,108848.4491,109321.2958,109845.2943,110445.2699,111011.3254,111815.2003,112615.017,113230.907,113937.9155,114768.9098,115700.7771,116421.4097,117271.4043,118271.9172,119255.4008,119823.8679,120079.9511,120850.5268,122423.3083,124815.2474,127397.1413,130133.1396,132406.4271,134559.2131,136418.547,138585.4141,140317.1786,141954.3077,143664.065,145243.0238,146584.3846,147624.4704,149675.7026,152301.4614,154785.1389,158003.8489,162677.0054,168919.34,174502.294,179148.7687,183402.9314,187102.7269,189221.7895,189598.517,189352.0006,189018.0393,188336.83,186664.2211,185548.4944,185492.0989,187356.7482
63007.80283,63066.87735,63408.72327,63933.27971,64765.30567,65465.79354,66035.05403,66687.46343,67111.28118,67705.89808,68643.74659,69985.52569,71525.51571,72787.80739,73884.75689,74447.63863,74752.8775,75126.27579,75809.57517,76389.16111,76835.19064,77387.80358,78150.87444,78608.02832,78613.33363,78503.82572,79083.18155,79811.63095,80722.4908,81428.49418,82055.1114,82382.826,82567.93904,83345.49708,84226.33636,85137.95512,85874.74451,86550.72833,87436.04752,87960.14141,88429.34455,88571.22604,88808.83441,89227.12595,89884.38421,90856.01395,91771.04081,92626.48992,93480.05265,94891.63431,96830.92143,98703.6727,100054.3655,101258.2952,102829.0867,104747.5383,106405.9817,108000.0142,109780.522,111685.6284,113359.1782,114713.7856,116372.8876,118358.0281,120870.6405,123666.8729,126676.4424,129781.7097,132361.7643,134875.6127,136978.7794,139273.5424,141219.9144,142474.2964,143221.3954,143784.3712,144711.7485,145866.9077,147025.7028,147638.9715,147191.5973,146786.5742,146437.9659,146322.1885,145318.849,144382.0771,143854.1027,143572.4709,142861.9457,141849.2471,141721.1899,141132.9321,140126.2634,138296.7432,136621.192,135147.7232,133028.2037,130976.7077,128971.8355,127712.7359,126608.5408,125544.4869,123539.3373,120721.1795,117803.2773,115444.2715,113545.7352,111122.9983,108643.5656,106350.5275,104662.2545,102756.4344,101181.7679,99629.00671,98293.87676,97003.31093,95716.97878,94074.34692,92573.82479,91125.10815,90379.15286,89637.77722,89007.78263,88411.2171,87853.45086,87683.44431,87806.49196,87939.54022,87644.17682,86861.63364,86027.90086,85062.39371,83863.96826,82920.16858,82272.42181,82124.90371,81875.28848,81550.28474,81105.28191,80831.75262,80671.38069,80610.55608,80484.65277,80359.00145,80554.76314,80763.46685,80782.45166,80470.60428,80072.71549,79808.352,79554.44979,79265.81547,79221.14567,79831.32472,81078.16013,82533.52247,83594.16326,84396.71471,85223.23259,86168.62376,86937.61283,87479.31558,87718.25372,87786.96209,87398.49544,87303.58774,87321.8623,87793.85603,88621.79419,90185.37422,92067.62835,93412.1528,94171.29375,94704.89788,95301.34496,95789.71426,96034.46347,96343.63534,96765.28593,97590.11743,98498.23159,99367.16942,99984.4525,100442.8185,100872.5628,101195.967,101524.8982,101888.742,102354.1377,103071.7938,103708.633,104086.0177,104344.4977,104704.2666,105212.1723,106102.991,107493.4342,108971.5133,109697.5812,109544.6032,109424.541,109709.5319,110336.654,110844.8807,111064.6062,111177.7656,111134.6446,111129.275,111231.7305,111430.4849,112090.343,112767.2313,113675.5669,114425.5048,114757.9333,114635.1947,114399.1576,114139.7723,114435.3213,114576.5069,114893.4422,114831.0532,115020.4486,115487.5394,116198.4548,116815.8646,117430.2382,117920.9108,118246.0187,118486.3585,118982.4857,119234.1724,119474.313,119895.109,120803.0903,122351.7965,123704.4815,125126.2875,126272.5513,127647.5161,129200.0557,130430.7958,131512.7568,131816.1294,132069.4806,132326.9815,133299.2512,135070.3605,137453.7037,139901.8517,141914.9236,143569.2195,145794.5542,148964.7685,152294.8206,155255.2967,158066.6105,162108.5102,166595.4712,170960.5625,174136.9354,177224.8432,180074.5077,182693.7864,185804.1053,189041.7263,192126.2031,195000.3128,198278.7982,201588.3637,202592.1202,200887.1322,197162.2164,193884.1026,190761.6141,188161.5121,189020.5519,191802.932,195759.5756,197156.5264
26176.46266,26226.25265,26353.35134,26523.10009,26686.11342,26655.84649,26690.75899,26724.2386,26990.86602,27232.44884,27308.27588,27256.39897,27112.58688,27145.32557,27089.35095,27079.54414,27184.76555,27187.07108,27193.30952,27084.27253,27165.33171,27192.52886,27388.93409,27689.19315,27997.89718,28079.1077,28140.0384,28429.59567,28716.64027,28953.8528,29107.88866,29360.20632,29668.57837,29880.66634,30246.46423,30622.99239,30934.3425,31097.82903,31334.14069,31789.55669,32317.01484,32792.18987,33219.82659,33670.52185,34105.82747,34609.4818,35121.53162,35737.15225,36412.85359,37142.52923,37957.5111,38802.84726,39765.59386,40807.53621,42061.29983,43327.18844,44545.51182,45668.24339,46798.71448,47981.65217,49141.74428,50461.21636,52179.62532,54355.42031,56554.54941,58601.9619,60680.99954,62760.03682,64636.82549,65896.60584,66949.96923,67630.36461,68428.00617,69232.74117,70225.47025,71294.29087,71987.14318,72504.83812,72444.64681,72301.51494,71939.57395,71492.27393,70966.40188,70328.11665,69722.12131,68996.55635,67889.10562,66362.70838,64569.08446,62868.22889,61016.23539,59309.1573,57707.56095,56398.4373,55175.09464,53941.57394,52756.8524,51785.08694,50800.5678,49853.98732,48759.73584,47832.35866,46892.50194,46039.17426,45059.28225,44166.18078,43005.65713,42063.42202,41218.25983,40597.75136,39988.76082,39435.17355,38976.86901,38708.93466,38107.4734,37413.8482,36568.19448,36198.57246,35908.97934,35695.11478,35141.35929,34664.45213,34253.78552,34158.7965,34023.59259,33818.47513,33272.58999,32767.31624,32322.61213,32136.32742,31918.79799,31651.48193,31282.52609,30946.98302,30442.6731,29991.49748,29524.77432,29194.96551,28767.09385,28357.36131,27969.77405,27744.7819,27645.42395,27608.97375,27555.46959,27473.99697,27480.67738,27543.0063,27545.57008,27406.28754,27490.70332,27610.87034,27769.18453,27820.20806,27916.67633,28074.33691,28400.61159,28721.22522,29070.01079,29192.42071,29210.73906,29167.21605,29192.62836,29352.16874,29616.64335,29849.83477,29925.98334,29913.49177,29986.35673,30339.11661,30924.27211,31589.27093,32031.56771,32207.42051,32321.22273,32497.75214,32751.86776,32863.36846,32993.75388,33174.67724,33582.79309,34050.96616,34422.14433,34601.95681,34734.46429,35077.4785,35748.13154,36442.29918,36987.2023,37468.69981,38093.27552,38680.91359,39248.50332,39718.57601,40303.67398,40899.10456,41575.33751,42346.16377,43045.19459,43680.89737,44377.68501,45189.80363,46289.24083,47297.75554,48150.27937,48761.66539,49519.6203,50343.80478,51216.76378,51955.67313,52890.50852,53747.07,54669.7591,55427.76569,56258.74325,57010.3498,57629.24181,58080.53471,58472.34152,58687.08114,58825.0768,58867.39226,59320.96159,59746.22047,60110.82517,60217.55718,60613.61447,61311.83682,62570.7574,63875.91646,64896.11716,65289.77391,65419.89582,65721.13257,66295.04357,67101.0244,67717.35469,67988.73323,68015.91081,68236.30293,68551.40722,69034.38866,69397.52332,69872.49485,70113.63674,70257.5048,70227.68984,70604.70736,71312.17182,72344.244,73237.25596,74012.52955,74310.57641,74535.86679,74922.33487,75923.32184,77316.26926,79193.30893,81409.59299,83648.10241,85553.54128,87389.68417,89255.3167,91361.15507,93714.3091,96410.29532,99324.59937,102327.3772,105132.9569,107962.335,110314.4691,112444.9908,114147.1474,115747.6088,117248.9688,118697.2169,120323.0344,122193.0577,124179.7134,126083.3601
114832.2327,116019.3171,118334.2209,121572.6783,123559.6149,123530.746,121513.7641,119224.5502,117141.8807,114706.2896,112331.0626,110019.7707,109886.3155,110306.7093,110519.2831,108578.3361,106579.242,104715.1336,105849.3491,107155.6481,108926.5204,109823.6115,113216.288,116780.8725,120559.8192,121441.3749,121235.2576,121520.9651,122569.0868,124066.3701,124113.8324,123654.6635,123094.7376,123381.2677,124307.9862,125848.9788,127608.0487,129392.2078,130559.0085,131965.2186,133594.9184,136039.8847,138136.2975,140297.1529,141395.5201,143011.4164,144455.3485,146713.6353,147658.903,148902.9306,150704.2349,151592.2987,152827.5146,154199.9107,158420.0046,162724.6813,167828.073,172594.4694,176437.9408,180214.4019,185247.132,190203.9045,194767.3604,199351.7667,205023.032,209471.1813,213002.2891,217008.0971,222562.2046,229000.5307,234355.6903,238863.1043,240482.0206,241534.8564,244821.1648,251783.3144,260539.3183,266663.0625,268936.187,266648.9764,262605.5229,257657.6082,253949.2109,250083.0779,247150.936,245965.9028,245373.7078,244750.5016,241810.2918,237264.5401,232971.8944,230482.4515,228154.7996,225520.7505,221927.7987,219950.409,217820.2289,215535.8369,211721.5078,207084.3824,205627.1921,206524.8646,207203.1645,204440.2454,200473.5004,196613.604,193113.8404,190394.623,188337.9471,187288.2722,185678.1255,183634.3467,180277.4126,176677.8143,173585.6639,171280.7997,169539.2059,168361.6816,167191.3244,168466.1866,170838.8702,174724.0811,175949.6094,175786.6947,173426.0244,172212.1451,171546.1574,171340.1462,170087.7139,169388.9746,169417.7645,169163.7488,166921.5916,163682.0279,160661.4327,159155.8524,157992.1682,156005.2588,153485.939,151485.8021,151312.6168,150987.6275,151015.2872,149783.5103,149177.8269,149338.916,150792.7693,153038.3437,154247.1605,155438.6156,156017.8555,156865.4599,157444.5846,157946.0981,158993.1732,160156.2807,161209.5762,162172.7957,163728.7718,165737.2484,167647.9386,169654.6522,171872.7838,174263.8355,176712.2459,179473.3409,181913.0165,183480.7187,184508.5866,185662.8316,187034.3968,188087.0869,188803.5678,189504.879,190546.4239,191783.038,192671.96,192840.0363,192815.0847,192449.3458,192805.1387,193197.9934,194286.4414,195176.0,196386.5458,197515.0293,198773.1418,200521.1385,202491.9632,203814.5487,204071.7367,203590.7653,203978.7926,204719.4028,206022.9912,207573.4493,209192.8537,210740.9215,211819.7082,213451.6625,215339.8426,217117.6072,218081.07,218236.1161,218737.7982,219770.7517,221608.5781,223372.5045,224511.558,225167.657,225814.47,227396.0181,229409.4685,231388.3445,233388.8894,235426.9666,237884.1608,239374.9065,240812.2365,241698.2419,243304.4999,244734.1503,246412.3767,248036.685,249555.9197,251127.0043,252588.0782,254263.2227,255949.0397,257219.9862,258334.1896,258930.9747,259737.4693,260970.6055,262485.3046,264846.1167,267321.9835,270683.9481,273870.884,276882.8965,279886.107,282305.7701,283795.0969,283989.8771,283714.8189,284385.812,285862.8363,288520.228,292056.0698,296493.6223,301930.0698,307737.7065,314012.9838,319831.6809,325362.2891,330674.4916,337200.7836,345390.8605,354047.9289,361977.3179,368402.9061,374684.7477,381430.1226,387766.3193,394480.7633,401332.7753,409380.3329,417948.6382,426550.7124,433851.5236,437497.5655,437557.1941,435472.7038,433093.0767,430921.8201,428125.6565,426370.2659,425532.8761,426063.2832,426232.4499
76036.41501,75680.7193,75458.09919,75336.07665,76226.69774,77557.20502,79521.5353,80101.28658,79636.84772,78754.59871,77807.54498,75996.54664,74229.38939,72145.77892,70413.8306,68540.24848,67365.52933,66880.62436,66305.29572,66416.68264,67484.73233,67861.06707,68618.99952,70512.18158,73024.02813,75641.69373,76683.20541,78271.06452,79511.19135,81453.99805,82673.35821,83275.37109,82595.92027,82380.81999,83125.43175,84451.60982,85884.43397,87146.27973,89018.24148,90329.03443,90660.59261,90776.93489,90738.72599,91464.93254,91714.12545,92502.19723,92365.42038,92346.10076,91932.63601,92109.04049,93110.15781,94330.4813,95466.26557,96216.28168,96761.0165,97742.4827,98222.99714,98171.95247,97358.65413,97641.14398,98449.5614,97755.72596,94252.65041,89211.59322,85122.58011,83123.91034,83363.90665,84255.10635,85626.23385,87472.23239,91102.8609,93715.12607,94951.0951,95356.28536,96370.04964,97264.05814,97288.66868,98108.00552,99509.91054,101044.8138,101636.1694,102121.5284,101636.146,100430.7789,99119.20976,97906.81883,98153.48405,98930.64898,100904.5282,101346.9403,100515.9093,99329.662,100214.0866,102322.2297,104891.6929,105173.335,104554.0741,104322.0843,105109.9628,106750.8513,107263.9986,107461.5358,106574.5643,105569.4485,104360.9096,102960.2469,101273.5725,100337.4896,100650.8209,101310.6727,100911.9826,99462.07742,98624.24754,98278.82199,97841.03151,96157.8262,94368.05751,93548.35277,94507.9327,95789.92694,96774.52043,97384.78792,98347.26498,98812.64748,99216.48958,98517.68396,98092.18542,97971.35366,98494.12758,98548.94452,97085.65835,95601.81614,95049.05506,94521.60548,93313.94305,91844.92339,91294.92755,91785.63676,92357.70548,92567.60221,91718.17235,89805.14995,88083.11714,87126.19815,86752.21716,86592.25497,86607.0726,87184.35607,87602.13448,87708.80699,87273.68521,86440.79349,85277.84827,84703.24762,84720.93736,85477.82896,86078.76069,86981.63667,87933.78058,89232.93836,90082.68951,90732.6399,90795.42011,90951.06105,90400.50595,90589.55977,90951.80327,92445.0922,94072.23932,95612.24812,96576.2954,97516.75365,98494.96405,99636.45916,100403.4725,101047.3464,100960.6549,100557.3815,100498.2894,101402.7819,102974.0582,104344.0448,105139.1888,105341.5719,105054.8578,105184.3952,105529.6917,106550.283,107405.0965,108365.5023,108779.122,109065.2364,109239.3282,109215.5594,109397.5983,109563.5491,110001.29,110578.7142,111094.4369,111889.6231,112353.7639,113093.174,113441.2052,113682.212,113888.3955,114265.9593,114788.6277,115423.1615,116093.2084,116937.1937,118074.5748,119803.5784,122026.9438,124194.9659,126008.7609,127033.1506,127317.4771,127548.7884,128211.5504,129252.4685,130011.1337,130580.2494,131049.6565,131817.9771,132877.2854,134080.7768,135415.7948,136277.9254,136444.7445,136103.6684,135936.5443,136245.5857,137374.5916,139049.151,140777.3497,142518.8107,144032.5244,146242.8024,148174.1745,149962.3986,151637.3072,153293.5313,155051.2497,156132.2486,157069.1199,157753.2656,158879.5645,160967.0595,164199.3548,167954.7556,171697.174,175357.2589,179193.801,183107.4821,186658.2395,190046.6039,193861.3632,198357.0312,200192.2746,198567.8423,194760.2504,192073.343,191504.5596,191451.2853,196022.9277,204438.2873,216392.8928,226453.5945,233676.4105,238983.9613,241695.7609,242586.7623,241314.8108,240425.4614,239625.4657,238661.0446,237713.2919,237305.0226,238372.6241,239942.3558
85365.16153,85506.47288,85824.24412,85896.45839,86365.47818,86861.88393,88334.83054,89455.62604,90487.28167,91149.1241,92046.11746,92973.78827,93820.32319,94482.3723,95054.20989,95672.20938,96595.99627,98005.90171,99077.50747,99865.58496,100223.6946,101103.5734,101828.9066,102579.1385,102805.487,103029.2992,103575.352,104277.4251,105456.6518,106451.2005,107700.6911,108583.8599,109506.4987,110381.8878,111273.6413,112264.3948,112992.0134,113284.9266,113735.8512,114498.2933,115758.5748,116629.9668,117684.5951,119062.3041,120865.4877,122949.5061,124795.3209,126750.1687,128197.0393,129917.2615,131499.419,133251.1932,134853.6966,136686.9332,139099.6232,143481.4401,146916.2052,149984.0943,151540.5963,154159.0621,156827.25,159498.1713,159936.921,158528.8728,156192.9783,156089.012,158460.3619,162776.0645,167999.7233,173524.1594,178897.7805,183258.0266,187640.8622,190491.7797,193727.3452,196837.2232,201709.1923,205725.7823,209686.9308,212713.0807,215516.5788,212975.3313,208224.1141,203314.5373,202053.3379,201429.5395,200474.7158,199008.1135,196918.5074,193973.2662,191877.694,189675.84,187983.8301,185828.8,183918.4142,182068.1755,179995.0929,178109.1293,176134.8563,174124.3831,171656.5778,168727.4043,165122.2574,161372.5368,158098.7925,155708.8235,154046.3611,152625.6513,150895.7847,149596.6405,147981.7258,146516.7988,144776.703,143058.8912,141050.6308,138667.6133,136450.0216,135058.2992,134344.1656,133903.7023,133252.0705,132617.4146,132133.5726,131898.9013,131670.6038,131485.7164,130813.8725,130104.8838,129228.0241,128898.4445,128712.3711,128294.5534,127592.0808,126726.1298,126029.3781,125466.9282,125021.036,124662.1105,123978.2347,123025.6317,122004.4023,121199.6039,120775.6745,120567.9613,120620.4343,121061.786,121802.9537,122771.4497,123533.4614,124117.8608,123707.422,122649.8993,121477.46,120706.4222,120240.4424,119983.493,119824.6443,120200.5672,121361.3922,123414.9587,125405.7901,126659.8232,126826.4302,126956.1521,126850.9212,127311.2791,127239.3574,127200.421,127237.9865,128050.1697,129475.0797,130920.4975,132373.2491,133729.6042,134795.5487,135541.3837,136044.9323,136412.1707,137068.0862,138167.7393,139734.5263,140865.9901,141375.4117,141931.402,143365.0905,145127.2733,146924.7137,148528.7304,150203.3153,151646.744,152412.6137,152842.9567,153378.3575,154039.7288,154715.407,155634.8497,156979.5708,158344.3057,159539.8187,160363.7316,161349.0286,162258.7261,163061.4003,163614.6028,163768.4182,163500.7383,163372.6022,163565.5262,164382.9607,165377.6865,166765.0003,168093.0613,169779.1304,171623.1801,173933.588,175845.2509,176945.1485,177193.8587,177740.1747,178917.7906,180553.2778,181612.6654,182847.1669,184274.1697,186360.2154,188311.5133,190337.1976,192328.994,194318.9378,196519.7811,198522.4424,200055.5734,201425.8127,203062.2517,205048.0723,206927.2932,208271.7228,209921.3576,211492.7631,213506.6794,215637.5972,218453.1864,221402.2247,223857.9982,224624.65,225163.2348,226222.2812,229474.9648,233881.51,238949.3372,244096.8448,249288.3861,254826.8866,260661.1207,265374.9424,270484.9301,276314.1664,284878.9202,293559.4131,300502.4085,304750.0597,307759.0201,312062.7314,316684.229,324450.5683,333760.002,344942.6626,355825.8827,365505.2063,373965.9913,377360.7972,376403.1039,372202.4497,369985.7516,368926.9543,367944.3105,368562.3559,371409.3795,375685.8291,377803.1522
153660.7649,154202.289,154675.6381,155626.5759,156370.9207,157020.1263,157851.0234,159083.6668,160587.2208,162185.3587,163556.9202,165115.0685,166382.6921,167953.6867,169790.7653,172550.7859,175689.5053,178948.0642,182588.9175,187043.6373,192355.1547,198014.1666,202821.3505,207170.8072,210604.6338,213930.1952,216699.3496,219893.4927,223036.5054,225889.0595,227739.2294,229757.5747,232077.536,234918.867,237655.0457,240243.4159,242484.7065,244587.0572,247092.247,249642.4822,252508.3288,255057.0128,258322.336,261674.8118,265286.7017,268366.1112,271176.0044,273669.3298,276228.1661,278649.6399,280698.3927,283400.125,287220.6381,292328.7152,297525.2442,303308.81,309877.5063,316515.5184,322841.6135,329208.161,335392.0214,342140.9807,350014.1817,358971.1845,368499.6665,376595.7408,385820.3828,394652.51,403647.5526,411858.2592,419315.1145,426395.8258,431357.5111,435013.1547,437267.3701,440973.6892,445287.3164,451264.9338,455019.1982,456841.3689,456277.5516,454327.1469,451963.4991,448256.1492,444480.8966,440287.5182,435853.5163,430854.1892,424251.8778,416765.2925,407925.8269,399198.7869,391151.4643,384221.5173,377647.6886,371127.7419,365077.5422,359649.8192,352762.3663,345433.3046,338051.9314,332237.0915,325514.5074,317524.3935,307552.1016,296313.9409,286372.8089,278540.5813,273756.2087,269644.3715,267257.5799,266123.099,265257.1115,264206.3387,263101.9047,262389.5755,261518.4346,261212.2905,262191.9243,263710.2642,265291.2969,267037.4789,268258.3749,268949.8498,268792.675,268304.5974,267920.0377,266698.1605,265670.5942,265096.0106,265771.3673,266397.8591,265804.6258,264202.8796,262769.7033,261536.8036,260101.4166,258563.562,257350.9396,256808.0137,256853.9912,257150.6417,258199.4608,259461.1467,260361.9546,260920.911,262153.9003,263912.1281,265918.6591,267784.7262,269998.6771,271967.0549,273840.4129,275697.986,278323.5814,281677.5812,286118.0796,290168.8243,293178.902,294800.7214,296395.8419,298609.1071,301451.0655,304553.0282,307602.0764,310828.7912,313804.0905,316431.3203,319106.6836,322022.0008,324900.7076,326294.6346,327454.9152,328377.1887,330556.2848,332733.1585,334674.2392,336164.234,337822.9319,340218.0478,342708.3578,344963.7544,346775.4556,348101.0756,349249.4735,350154.2595,351317.9078,353404.3151,355812.8135,359477.8757,361075.4886,361276.9273,360192.0963,359925.637,360916.7142,362185.5445,363681.2849,364670.1264,365028.5586,365635.8566,366961.6216,369547.156,371603.083,372706.3139,373334.5341,375227.1252,378163.5629,381161.3049,382693.552,383842.43,384417.3659,385929.8908,387542.5431,389305.114,390737.7958,392445.6659,394117.236,395647.0697,397039.8756,398249.3231,400674.0965,402637.0008,405699.6918,408329.508,411289.8367,412809.8564,413768.7817,415185.3726,417429.0717,419153.107,419884.4432,419770.1375,419414.1925,419522.9478,420215.1889,421184.8319,422075.0444,423207.7307,425251.2015,428126.3077,431853.7189,436000.4497,439806.8464,442146.2101,441934.9517,440965.7131,440113.882,441139.0177,443306.026,446764.8917,451599.0806,456549.6208,461257.9191,465609.1274,469548.9653,474089.2069,478716.4211,485072.1351,493693.0309,505204.1314,517023.0153,528506.8055,539430.5529,550440.6941,561516.6968,572161.9282,585015.2362,599062.0013,613331.5691,624923.6509,631410.436,632174.2335,630244.1751,629271.1462,630649.5819,631066.0178,629555.9936,627341.3827,627647.4817,629725.6127
60707.56063,60824.19369,60994.84621,61194.42722,61374.47822,61701.79034,62234.07861,62746.37917,63048.94817,63154.85764,63422.66606,63761.21401,64161.9535,64501.00016,64803.26409,65246.94777,65777.49129,66521.34138,67329.58183,68225.74182,68986.42878,69724.13045,70447.59769,71337.55635,72101.08673,72870.45704,73615.51261,74421.65993,75111.10807,75723.0833,76666.55268,77691.59382,78728.29159,79588.32544,80463.80209,81559.72204,82931.47564,84278.07806,85702.40518,87264.7686,88982.11058,90444.10906,91411.50578,92489.22488,93776.84573,95244.18988,96471.46783,97289.99473,98077.47535,98857.48587,100031.7363,101140.829,102499.4804,103939.7034,105723.8407,107693.2907,109694.3168,111834.2,113941.4576,116267.3822,118323.3584,120227.3355,122149.9924,124237.942,126947.5833,130234.371,134000.7129,137982.7763,142256.9271,146267.7215,149499.0658,152289.6687,155409.1377,158667.3329,162489.9883,166046.6687,169724.6879,172406.5913,174791.7695,176838.4649,178571.9586,180039.5424,181754.8957,183016.2385,183536.7456,183507.3992,183303.3947,183363.096,183402.6055,183187.4005,183182.2604,182813.0169,182109.3849,181102.3246,179665.0879,179089.4753,176950.6088,173891.6007,169242.811,165141.8664,160863.6263,156763.5501,151738.245,147098.4037,143242.1346,139315.4021,134426.9934,128682.9562,123951.1957,121220.6737,118877.3347,116746.3593,114197.9524,111579.0414,107106.8685,102955.9615,98727.12335,96264.91806,92705.33216,89262.89082,85298.13126,82361.06578,80549.32509,79957.83257,79856.71537,79091.60496,78411.19064,77321.20853,76406.80655,75184.71119,74290.65811,73996.32663,74305.90375,74521.13118,74036.01799,73154.44544,71957.59665,71228.76172,70844.46251,71288.92148,71748.1921,72049.4347,71843.29684,71564.35202,71738.48937,71662.73661,71143.40953,70268.56873,69730.79107,69885.61068,70345.42263,71013.63339,71863.97662,72537.60785,73082.9619,73412.28788,74276.95875,75685.61449,77595.55065,79565.72037,81466.59551,83544.66075,85382.70465,86737.02334,87483.09335,88010.44906,88680.68273,89342.40109,90146.76754,91175.97809,92371.79392,93778.29462,95417.05833,97043.09045,98720.99405,99961.82788,101132.1,102003.5188,103342.8597,104656.9817,105990.2435,107013.6109,107891.4275,108856.9682,109953.06,111188.7774,112180.0072,112797.4074,113243.1833,113804.329,114654.3694,115826.686,117367.3104,118626.5555,119638.8691,120736.4867,122119.751,123654.2085,125029.2224,126406.4937,127772.1323,129389.1638,131084.2251,132579.9436,133635.8512,134730.5301,136294.5521,138492.5251,140509.3873,142601.6937,144524.1119,146416.0278,148143.8693,149731.278,151736.9002,153712.8497,155197.1921,156353.2604,157543.7506,158957.7921,160444.3579,161679.5776,162968.613,163961.4623,164402.8842,164832.945,165717.1723,167184.1349,168512.1757,169864.8838,170843.3278,171345.1105,171559.4411,172408.5217,173960.702,175370.5144,176239.2455,176934.7736,178274.0925,179956.3967,181060.0847,182060.4509,183220.1609,184842.1961,185525.2423,185568.5593,185864.2725,186836.4944,188556.1285,190429.0727,193046.2542,195981.6572,198979.1917,201563.1324,204074.2949,206874.7147,210432.4768,214692.2311,218603.6849,221117.0903,222408.5823,223727.6644,226152.4997,229042.9879,235058.2831,243188.1609,253259.6323,261343.1712,267544.1061,273079.2006,278332.0201,282528.9535,284927.3104,286513.4973,288356.4789,289830.0325,290280.8657,290061.2819,290296.4233,291228.5531
257433.0752,259221.6079,261317.2149,265128.9985,269267.6856,273984.9699,279478.1603,284855.512,289614.9251,293785.5822,297548.2563,301220.9254,305288.8309,309588.4706,314134.9392,318465.3016,323120.3688,328221.9548,334140.9212,340420.9984,346147.7062,350376.8962,353498.2887,356551.1734,360504.4431,365269.6744,369276.2621,373441.2673,377121.7015,380830.5082,383132.463,385564.7159,388560.2582,392082.3471,395351.4934,399016.5781,403843.8859,409158.274,413383.7307,416373.0123,418256.8654,419463.542,420525.6857,422328.9968,425212.06,427985.6825,430489.8714,433645.6037,437842.9275,442736.0181,447572.1699,452457.0161,457617.7266,463222.0472,468847.2229,475724.336,483127.426,491637.6503,500326.0999,509059.3804,518160.831,527825.2454,540219.1745,553488.8297,568573.9172,583922.4623,599234.8694,612597.6028,623993.1139,635653.3278,643611.7424,651477.3021,660252.3582,670056.4235,676675.8534,678852.6027,682273.8273,687148.0319,689893.6629,689021.7437,685722.7444,680683.9306,675960.836,668164.3051,659818.5607,652311.3737,647003.9177,643953.3384,636316.1423,626591.6619,616310.3999,604921.0039,593636.4861,581511.999,571588.7488,562291.6969,550540.9418,539899.8389,531540.7116,527376.9564,525372.0932,521221.0395,515573.7437,506444.2428,496119.9643,486239.1873,478168.5471,472980.2888,467580.1682,462456.7335,455027.1143,446788.3533,440320.7004,434749.6073,430597.7812,426359.8251,423880.723,421648.0731,418912.6363,416945.8711,414466.1679,412309.3557,410046.4335,411390.678,412056.369,412526.3061,411534.9654,410650.2287,409925.0571,408672.9498,406313.6512,403212.6048,400344.6252,399324.4182,398421.2774,396904.5503,394593.5765,392481.0684,389263.8972,386547.1008,383636.7401,381686.4202,381399.0798,380948.5202,380375.7877,378585.0083,378252.2911,379794.6187,381003.6345,382502.1449,384744.0177,388115.1894,391051.4385,393144.2929,397174.8453,402288.792,409282.5613,415240.7108,420372.9225,423986.1944,427000.6319,430187.0918,432722.0938,434533.5543,435782.9191,438364.0262,442862.0268,448624.7646,453926.4807,457626.8991,461306.5308,464197.0526,467541.5035,470212.3614,473270.3802,475532.9427,477004.668,477808.6158,479512.5584,482110.5442,485226.8273,487590.3103,489874.929,491751.8997,493659.8245,494880.8459,496011.627,497693.6455,500417.5631,504244.747,507622.8096,509761.1002,511025.2724,512235.9784,514179.698,516818.5373,519451.0644,521509.7156,523654.6323,526291.2967,529524.3084,532096.4244,534494.5375,536388.6302,538462.9914,540526.0044,542687.0493,544294.9103,545203.5004,547428.4731,550614.5105,554648.7342,557392.9416,558778.4374,559309.5487,559591.9119,559844.9208,559690.542,560284.807,561061.9884,563487.2056,566280.1268,571108.507,575361.9748,579503.7173,582609.2528,585997.2819,590323.6858,593183.0165,593645.6351,591011.9554,588120.4999,585805.2581,584384.6629,583140.8729,582301.2524,581960.4969,581964.2775,582029.214,581913.6642,583367.6995,586479.474,589861.2407,591984.3895,591704.9171,590118.5043,588449.5772,589377.7416,593092.5016,599382.0636,607565.9245,617761.8766,628703.812,639699.9844,650181.005,662011.6683,677373.4562,696133.3209,716260.7882,733750.0914,750049.7556,766274.2547,783340.2793,798817.2469,816201.4993,838583.6711,866434.6837,895572.1933,920343.6173,940474.9586,950305.0161,951385.6014,945355.3569,942087.0655,943333.7576,944834.1504,944354.1039,943155.0264,945988.8778,948479.1221
248863.6748,247978.6482,246698.9403,244337.2362,242238.2885,240368.0207,238973.498,236974.3191,234968.1695,233045.8327,232265.5403,232420.5151,232851.9278,233572.2351,234748.3934,234647.9195,233842.2878,232340.7264,232299.1062,232567.9651,233059.7601,233561.5009,236238.9067,239692.9186,243227.128,242540.3897,240891.7381,239308.8466,240620.2579,242243.337,244332.227,246561.4487,248364.0811,249522.1093,249660.9731,249724.6206,249840.035,251290.5675,254187.8418,257880.7527,261040.9175,264464.8178,268157.0074,271813.9111,275281.6448,279343.2926,283461.2329,288166.1061,292507.1918,296788.3553,300687.1268,303986.4446,308220.9641,312601.9215,317680.3931,323145.7452,330879.3766,339419.3501,346606.3111,351445.6836,357045.3564,363674.193,370762.6543,378965.7027,389390.3603,401536.2771,412175.2322,421681.0039,429135.5985,437489.9931,443786.4307,448816.8041,449050.9166,445458.3592,445780.1684,450926.8246,460667.8831,463504.8552,460899.9881,455571.2176,450388.289,444495.9274,437618.9782,431665.8133,428254.7623,427362.249,426731.9023,425577.1643,422039.3113,418530.425,414346.934,410542.4985,406313.8715,400794.8307,396390.981,390503.3035,384107.9895,375456.1246,367078.2718,359149.8537,354311.0944,352129.7955,350328.671,344487.43,336610.6092,328459.0519,322469.2637,318122.3462,314717.8399,313256.7369,312264.2742,313614.5136,313549.3746,312494.7381,309143.159,305324.3102,301815.07,298695.2698,296236.065,292345.1273,288421.7634,285697.8428,283763.197,282333.3389,278934.9269,277508.3876,276310.3979,275447.6619,274250.9161,272717.0285,272497.4916,273069.6813,272437.1982,271087.0905,267791.2999,265543.2361,262489.1892,258695.1445,254969.3709,251981.8762,250209.1814,248437.0227,247331.4747,246054.3388,245838.4718,246811.9907,248889.8268,251090.6543,252733.3653,254885.6608,257114.314,259928.6091,261941.1524,263943.052,265610.9979,267898.205,270535.4352,273132.6614,275742.2059,278064.2743,280341.2264,282877.4747,285230.2419,288112.2659,291199.1011,294120.7464,295383.8732,296542.5339,298843.655,302495.6519,305792.8461,307501.3893,308578.3534,309353.4616,310564.3819,312071.401,313634.1657,315184.4919,316727.9738,318621.723,320823.3489,323371.7112,325986.4988,328112.8887,329964.4579,331038.7211,331895.4613,333028.7964,334798.4887,337093.7542,338731.8954,340273.9136,341892.9332,343381.4685,344650.4391,345175.4796,345413.8695,344972.5021,344241.5861,343887.2526,343902.4429,344655.154,345300.628,346126.4444,347508.1522,349530.1787,351709.9154,353496.5794,354713.1724,356080.3384,357920.7009,360643.1351,363291.0501,365762.4626,367803.7925,370420.2429,373121.4198,375165.9376,376481.9802,377315.6677,378867.19,380466.4159,383125.8414,385692.7294,388517.0289,391375.168,394324.437,396962.2549,398109.7637,398177.6761,397853.9597,397229.3888,396588.8967,396708.9341,397776.8697,399997.5003,402494.0458,405194.0792,407804.6247,410142.9627,413093.0086,415982.72,418102.7633,418430.2587,417575.7609,417337.4557,418359.3501,421190.0563,425416.2381,431111.9088,438722.517,446345.1457,454248.6231,462196.6737,471820.529,482899.5966,496041.1954,512097.9345,530189.5597,548836.8704,565707.7798,581587.2247,594885.1228,606772.5572,617823.382,629274.4184,642667.0349,658575.1831,676249.2275,692525.2938,700786.1147,701658.9491,697197.3196,694072.9626,692391.6567,689542.0758,685228.5992,680728.2226,678480.0867,676855.7317
187854.6613,188144.368,188607.5282,189858.6073,191741.4033,194004.8806,196135.1365,197816.8341,199512.8562,201396.8036,203733.3825,206046.7466,208170.8843,210174.1722,212374.0287,215093.7381,218604.3367,222641.4167,226680.6622,230347.2156,233750.6522,237171.2277,240648.7732,244302.0156,248211.8349,252335.4289,256441.6022,260305.3377,264458.4363,268458.5622,272090.6554,275257.4739,278330.7238,281616.4381,284413.6006,286784.5548,288626.1954,290666.5888,292997.8182,295954.8036,299087.2639,302653.8913,305789.4741,308312.3975,310517.9024,313230.5111,315922.6082,318442.8705,320979.8814,324194.5681,327699.4083,331338.8148,334699.4253,339031.1005,344089.5867,350194.6206,355555.6622,359737.3861,363786.3986,368212.5864,373442.3167,378795.6589,385165.0951,392024.3464,399318.4084,405822.5981,413235.1753,422279.3954,431804.5344,441629.4417,450453.1445,459759.1677,468520.5651,475905.5869,483644.7894,490251.0831,495200.0432,496553.5803,497840.8458,498626.0702,498421.2772,495647.4091,494122.3137,492353.2772,491413.8376,486201.0301,481009.2562,474064.4832,465718.7168,455050.0152,444086.4624,434440.2727,426240.1793,415391.2872,404472.5215,394884.8015,387095.4292,380847.4621,374365.0195,369871.8985,365127.1179,360332.0685,354469.6818,350682.2145,347456.7348,345062.9468,341620.8836,337364.6867,332878.7212,329648.3577,326960.075,324374.1441,321239.0402,317865.6584,314090.9408,309202.4965,302379.6782,296245.1253,294299.0644,295283.0432,297207.8199,295871.2006,293926.9175,292381.2689,291807.6695,292075.4147,292190.9046,291754.2166,291221.9688,289791.0868,287614.2971,285538.5389,284224.3776,284753.5134,284262.7512,283870.9848,282819.0749,283596.3703,283569.5022,283451.1497,282758.145,281930.8162,281420.3295,280981.3245,281209.5316,281477.6392,281091.6443,281481.8172,282084.1594,283088.0956,284381.0338,285576.2295,286946.7626,288177.1617,289563.1218,290951.4131,292392.3322,293863.1535,295172.5119,296284.7697,297826.9338,299592.9141,300982.3709,301877.0071,303562.0476,306176.1435,308478.33,310280.1214,311870.1515,314358.1705,316784.6837,318628.0074,320959.0775,323300.7389,326628.7707,329034.1467,331841.906,334432.8471,337000.3681,339891.7022,342461.6845,345968.2847,349592.7408,353118.8065,356787.3829,359696.264,363078.1423,366483.4237,371069.5269,376105.485,379849.6027,381984.0523,383755.216,386135.0102,388714.2562,390522.6994,391803.3422,392876.8581,394081.3727,395065.9481,396833.0814,399060.4396,401287.9473,402212.0823,402770.9687,403739.1266,405494.4579,407208.8328,408220.6459,409882.982,411864.177,414611.4965,416940.2794,419370.8712,421158.898,422823.0301,423337.733,423304.4325,423428.5421,423994.6477,425720.2905,426358.7442,427928.2743,429048.3631,431065.4095,433011.0843,435349.0369,437719.4045,438858.2737,439370.9388,439643.4264,439431.6811,438308.5415,437054.6458,436253.2781,435844.701,435370.8441,435465.4518,436860.6203,439159.4294,441969.6125,444618.4743,446366.0679,446913.2951,445672.7268,444144.8141,443867.2825,447052.9582,452647.8795,459603.6855,466485.0813,473445.4425,479457.7241,485150.4647,490993.9599,498809.2294,509424.9643,522818.3413,536499.7554,548895.1711,558718.8503,568883.2884,578813.9713,588409.929,599258.6729,613100.2096,631393.357,651491.6185,671459.4744,689669.9589,702178.9046,706711.9688,704002.2852,699698.7444,695175.3984,689032.8717,678764.3171,666165.3943,654019.6766,643933.8371
62189.42997,61742.78354,61404.70815,60794.33629,60525.42422,60764.27854,61357.9693,61910.21824,62221.92151,62334.49253,62921.07309,63527.6497,64278.95959,64731.11084,65212.12125,65584.21665,65730.75475,66017.51967,65989.58387,66071.69853,66397.41599,67364.5199,68437.11612,69329.47159,69824.42204,70049.82549,70027.90386,70269.84096,70809.81964,71460.53431,71934.52845,72588.72891,72986.66847,73308.29707,73395.21046,73975.92072,74676.40886,75625.16878,76457.37229,77592.99237,78618.55284,79674.09949,80701.82099,81866.18768,83091.40173,84558.59928,85940.88098,87864.92422,89617.94848,91501.00981,93311.5709,95722.1952,98494.22564,101680.4655,104442.3474,107106.4598,109611.2975,112358.6966,115007.6953,117571.274,119833.5923,121978.7232,123568.1407,125668.7953,127683.0384,129351.6842,130872.7742,133353.4059,135702.2907,137473.7278,137524.8556,138576.4502,139698.4745,141990.1019,143408.5138,144414.1701,144518.908,144344.4693,144139.715,143762.1594,143429.2578,142462.5423,141437.7088,139036.9645,136912.024,134303.0233,132926.0816,131115.7986,129296.6711,126998.6632,124929.6411,123285.6246,122130.1621,120294.565,118302.5906,115724.8033,113381.592,111680.7972,110283.8272,108966.4289,106556.5887,103663.5543,100347.4153,97287.39302,94508.41109,92698.73903,90836.22296,89098.8371,86878.18388,84762.90145,82961.09202,81578.15497,80494.25414,79184.09482,78186.51705,77286.78923,76670.00596,75995.16587,75736.79316,75763.44402,76445.5556,76869.57322,77081.0707,76981.07272,77000.82445,77004.09243,76386.63825,75290.98595,74255.05706,73485.40768,73191.04744,72740.53575,72211.09388,71181.07605,70100.44783,69049.6134,68465.49366,68199.06195,68273.72296,68166.59384,68053.59741,68092.21937,68474.53651,69014.13411,69230.75528,69194.30349,68911.05728,68693.80834,68804.07378,68925.12034,69035.06793,68809.35075,68812.47343,68900.41266,69241.77516,69941.91411,70678.38558,71240.33161,71644.24464,72080.85786,72755.60124,73479.16041,74273.02544,75132.42757,75800.0585,76394.79191,76836.80185,77365.12923,78231.10492,79190.89335,80104.04573,80832.81041,81707.75063,82679.18531,83754.94426,84787.14969,85619.90789,86172.15929,86876.98531,87873.13175,89112.94178,90145.77195,91199.14105,92176.05749,93233.0855,94387.3244,95798.61238,97345.22984,98981.1783,100699.1087,102162.879,103243.2282,103909.5222,104717.7803,105696.4818,107008.9497,108525.0739,110119.3187,111723.3321,113508.1628,115374.5785,117225.4603,118525.8794,119264.0675,119791.7179,120413.4155,121126.2759,121837.2431,122626.4297,123764.0012,124902.9995,126000.3742,126964.3275,127770.3996,128405.1605,128912.6533,129708.7491,130778.8856,132262.6502,133314.6359,133893.861,133851.3273,134072.8744,134677.5216,135251.6941,135886.2129,136704.0449,137907.6789,138657.1311,138847.2831,138606.9809,138351.4328,138118.5453,138310.2135,138852.0189,139516.3654,140195.7297,140898.2533,141931.2643,143268.6032,144835.4023,146531.0649,148146.7515,149721.3823,150906.0295,151685.1314,152512.9361,153788.7746,155770.4529,157900.3024,160127.8992,162091.6455,164092.3025,166175.5138,168438.7909,170944.2504,174116.7248,178176.6175,182686.1373,186640.4209,189809.7418,192192.2917,194710.4234,197165.3533,201473.4988,207049.6159,213778.0191,220045.3537,226152.7196,231960.5356,236311.9955,238382.155,238950.0159,239398.875,239993.997,239754.0076,238466.4789,237172.3261,236970.8825,237597.4421
168013.5907,168692.5112,169433.5159,171047.9008,172790.8915,174251.7228,175371.8549,176738.1656,178194.2302,179798.9343,180909.7389,182020.4144,183251.7075,184641.552,186115.5404,187596.5814,189222.0597,190972.8502,192598.1435,193963.1808,195312.3315,196900.3276,198863.0387,200890.1702,202997.6148,205838.6015,208754.4934,211550.0165,213537.3046,215733.98,218296.8639,220904.4692,223222.5473,225507.0302,227936.0348,230615.1285,232910.8508,234982.3549,237027.6092,239429.7377,241793.6886,244048.698,246076.091,248517.4576,250817.155,252999.5805,254812.0861,256409.1118,258291.5169,260450.7875,263517.1722,267348.4906,271585.641,275867.2757,280046.418,284749.9349,289798.1259,294136.9607,298382.9836,302983.0467,308335.1109,312656.3627,316843.4829,321449.8224,326807.9416,332247.3421,336731.5877,341324.0661,346040.3723,350743.4598,354913.8374,358801.5682,363500.9661,368736.7078,374056.3738,379364.1141,384825.7291,389350.098,392952.8366,395750.0546,397568.1878,399244.2415,399650.44,399063.6766,398399.1037,397675.4548,397730.2378,397045.1065,396544.1372,395936.0671,394815.2791,392372.1064,389126.0211,385087.5539,381292.3757,377007.6578,372113.7628,367465.8798,362495.8994,357599.6031,353002.4801,348724.1667,345091.6994,340840.1421,337003.6776,333104.7495,328725.5569,324476.7259,322398.9195,320577.3218,319563.8733,316174.4807,313688.2538,310793.1783,309307.9656,306927.7818,304802.8163,301831.2538,301259.1871,300261.9662,297685.5706,294094.8932,291657.1965,291353.6251,292364.0809,292465.935,290627.8115,286505.0556,283429.7212,283062.8745,283068.1872,282503.06,279524.459,277683.6246,274977.9827,273979.7142,272094.5724,270304.2748,268194.7697,266489.099,264260.6747,261491.4349,258811.222,257234.0795,257334.2924,257053.9563,256341.6397,254821.4957,253297.1274,253116.1236,253509.673,254583.8998,255839.8145,257690.9786,259948.4784,262680.3054,265395.2056,268457.5289,271084.7955,274250.1525,277521.8097,281103.8227,284217.564,287269.4553,289948.4585,292821.3968,295252.1535,298257.9782,300810.7612,303493.0978,305360.4669,307403.9557,309420.6458,311304.3382,313043.6485,314289.6444,315447.6132,316494.0339,317970.1817,320892.9253,323937.0247,327498.9194,330119.5532,332863.3776,335448.4009,337926.7375,339857.74,342311.4494,345000.1337,348410.7285,350494.5926,353133.8032,355178.5194,357755.7416,359197.3557,361215.7653,363199.9867,365760.701,368488.7343,371551.9245,374904.7752,378778.2357,381627.1641,383283.5613,383454.6015,384633.1138,387162.8903,391193.5888,394439.8165,397501.2787,400046.4435,403688.1107,406889.8158,410001.2913,411356.3092,412189.4235,413075.3462,414748.9408,416993.3825,419109.0658,420959.2999,422686.8991,424419.9243,427028.0305,429666.0573,432094.4123,434334.8828,437093.8853,439327.9567,440992.4704,442791.0896,444974.4576,447752.3308,450269.8452,452799.4773,454520.887,455625.9153,457851.9403,461689.9645,466401.9309,470863.1117,475104.9022,479301.8493,482643.0464,484804.577,486292.0706,488337.55,492819.2844,499023.9595,506214.2621,514385.1104,524029.3711,534489.3875,544488.8096,553718.3679,563003.8244,573392.6587,585663.6401,597965.4739,607614.3639,613828.2388,619884.4758,626845.6968,634138.9178,644566.0678,658914.4348,677135.1452,694439.0783,709368.9529,721497.4002,727686.5957,727521.0181,723583.4397,720926.666,719595.9965,716875.1045,710759.593,705124.8856,702724.9271,703801.2678
171737.9954,172114.6511,172756.9319,173844.0418,175012.9381,175937.6012,176730.8667,177677.6355,178955.5608,180609.0613,182229.8445,183698.1908,184872.1392,185747.8439,186564.5807,187375.8236,188574.7143,189719.8578,190917.0225,191984.055,193261.0101,194551.5124,195833.0723,196917.3665,197853.3284,198760.5771,199744.26,200920.72,202030.7745,203218.845,204287.9333,205711.8953,206988.0646,208320.6194,209467.8926,210552.4456,211595.4892,212555.6764,213953.9369,215762.7289,217566.7994,219069.0761,220265.9411,221674.217,223017.2704,224604.1735,226288.4143,228041.788,229822.3316,231667.571,233538.9494,235702.7335,238028.0849,241017.0664,244452.201,248529.435,252290.7204,255825.9017,258846.7866,262190.899,265649.6892,269715.5357,274082.0664,279585.5957,286326.2658,294672.6474,303352.2874,311944.0561,319946.4673,327872.8001,336081.3901,344800.2131,352959.8096,361031.7641,369366.4583,378305.8028,386397.5372,393007.2321,398183.543,401294.3576,401951.8091,402196.8655,401646.1897,401177.1225,398309.5865,396628.3047,394609.947,393911.6808,392197.58,389270.2776,384576.097,378494.8669,372505.335,366483.6721,360521.2835,354413.4286,349020.9604,341877.254,334293.1844,325924.3626,318156.0329,310459.8779,303101.7418,296170.8572,290691.3151,285123.6691,278608.6693,270058.8125,260692.6209,252184.6083,246796.6971,242174.514,239381.1781,235607.6038,232946.7749,230281.1754,228082.6697,226207.9817,225865.5324,226219.3297,225746.2102,224949.8479,224271.68,223417.4184,221933.3533,219901.1732,218636.2044,216774.9829,214509.6546,211673.3433,208444.9603,204676.0731,201721.9548,199638.5735,197751.3762,195978.5967,194332.5361,193057.3145,191986.7236,191473.089,190918.1693,189982.4092,189352.6611,189584.033,191293.7537,192501.488,193309.2643,193184.1021,193208.4292,194286.9177,195798.0756,197736.0969,199824.989,202139.5217,204348.5449,206436.742,208686.1961,210785.5208,212522.6136,214163.1839,216055.1565,218607.7145,221524.1583,224983.7812,228589.2523,231919.4104,234113.4798,235842.3287,237634.5404,239745.9241,241315.1023,242478.8212,243209.395,243715.2823,244022.0287,244616.5854,245670.5554,246472.1663,247306.2421,248220.849,249432.7287,250599.8009,251533.451,252790.9248,254413.0377,256439.925,258569.7148,260796.9544,262823.1781,264858.9795,266208.4801,267332.5056,268044.7602,269226.8601,270016.3643,271111.2416,272213.3565,273940.9719,274997.1148,276152.3751,277395.466,279495.2345,281492.1413,283523.1085,285257.0339,286963.9129,288338.1854,289915.5305,291187.1301,292525.5197,293167.3378,293830.1638,294657.6077,296203.7466,297684.1684,299636.2141,301545.7714,303983.625,306394.6528,308991.1937,312012.3532,314447.1606,315983.7997,316515.7599,317314.6721,319081.9047,320819.182,322242.4948,322663.7395,323614.0994,324228.3619,324749.4262,324885.2084,325730.7206,326714.9842,327835.7028,328856.6306,330400.5813,332171.9824,334264.4577,336661.9213,339175.0678,341257.8442,342573.5068,342740.3121,342354.2847,342011.3995,343215.12,345752.0736,349151.453,353030.3073,357050.9001,361312.1627,365741.8153,370021.2613,374223.3486,378709.1677,383804.9093,388234.9843,391206.0974,393151.0246,396157.6046,400895.8524,407037.3993,416080.191,426749.1578,438121.857,447486.5047,455144.8362,461423.8405,465895.3108,467516.9558,466799.5029,465130.1972,463914.9925,462387.1325,461407.3413,461372.9977,463409.065,465676.0316
83439.52054,83670.02319,83996.75473,84414.61491,84737.41832,84986.82625,85515.16621,86184.02609,86735.6309,87114.73273,87225.45913,87408.43258,87477.6013,87648.8192,87848.70045,88334.12855,88978.91838,89824.90349,90655.37198,91352.68881,91965.09761,92545.77093,93487.29822,94387.87671,95172.14979,95673.96577,96017.62792,96431.93133,96939.4947,97476.35544,97932.63799,98429.50377,99094.77682,99701.63646,100009.9339,99799.01441,99605.33671,99776.80365,100371.3601,100937.1187,101221.246,101970.7047,103121.655,104374.1771,105202.7489,106232.8289,108053.7431,110335.9503,112379.3639,113974.7552,115670.2807,117688.7853,119793.5022,121471.2149,122882.9088,124672.9605,126622.2793,128919.3998,131064.149,133674.9167,136043.0825,138287.5178,140030.5999,142580.7476,145733.1106,149719.2129,153471.3422,157445.0032,161552.2614,165753.5015,170292.8407,174767.2157,178950.7454,182501.6166,186436.6265,190573.1999,193722.7484,195780.7778,196765.6116,197528.8139,197662.2036,197651.773,198025.2029,197114.1714,195655.447,193389.4311,192007.7685,191136.0238,190368.4596,189489.5631,188174.1159,186346.8215,184582.2442,182202.4874,179349.2398,176535.7825,174056.9877,171932.8631,168737.1278,166522.5147,164499.1356,162664.2513,159646.646,156246.0582,153060.5898,150119.0812,146809.449,143950.3151,141952.0708,140749.7434,139241.6994,136213.2696,132695.913,129047.756,126210.3524,124283.1448,122689.908,121086.8481,119038.0871,117339.7019,115896.7444,116322.6792,117982.5866,119504.0354,119483.9507,117865.4608,116414.8192,114530.9725,112316.0359,110099.9813,109152.8489,108726.8976,107763.9336,105763.0856,103372.5226,101319.7477,99531.59186,98553.00924,97688.14199,96934.02078,96277.43514,96016.43883,95603.92254,95020.41724,94069.30217,93445.36583,93130.38997,93435.2796,93994.49196,94317.25439,94268.91533,94278.45232,94877.83252,96068.17411,97305.94756,98540.55074,99503.21517,100308.1763,101048.5196,102135.9361,103732.5362,105247.4381,106660.913,108156.7049,109814.4805,111540.7941,112763.5688,114129.6572,115606.9005,117239.4785,118769.9062,120287.9929,122148.9946,123839.2334,125354.5425,126560.5575,127685.6847,128893.2079,130141.1155,131655.8987,132854.6018,133990.5158,135459.1798,137246.9345,139290.662,141222.8526,143174.0362,145034.3061,146602.8391,148132.7013,149457.3282,150682.8508,151907.8917,152900.1826,153828.777,154894.6017,156396.6096,158217.2713,159844.6962,161701.7856,163705.5215,165689.4663,167490.4224,168775.1387,169672.011,169841.0328,169995.2866,170679.7409,171917.2866,173714.2887,175721.1216,177702.0389,179301.5173,180674.1303,182053.6031,183520.7553,185253.9072,187028.701,189204.2193,191246.8187,193486.447,195623.4871,198107.04,200550.5367,203010.0953,205024.5807,206530.6701,207634.6995,208590.4464,209468.8868,210057.4962,210365.0313,210836.9918,211620.4416,212748.3692,214275.0423,215885.7462,217482.2297,219177.7579,220927.903,223641.9497,226437.5551,229188.4451,230686.5943,231141.4004,231360.0144,232079.5685,233898.0762,236744.6456,240050.0591,243443.331,246155.0643,248835.0268,251939.6791,255744.8481,259804.835,264145.496,269075.7904,273165.9673,276038.1995,277646.9368,279434.5613,281552.7551,284124.9233,289296.8738,296732.9333,305402.9141,313184.1617,319959.8787,325702.6832,330086.302,332601.6364,333806.0407,334455.1441,334702.1569,333971.5419,332795.3604,330987.7363,329030.3189,326237.2492
182873.4424,183464.2802,184055.2588,185332.6951,187031.1141,188962.6209,191029.8366,192363.7022,193670.8979,194742.1456,196520.8585,198948.1339,201558.2292,203847.4533,205694.2618,207870.6167,210167.4898,213166.2371,216624.0735,220771.2069,225018.1638,228368.5438,231519.0458,234260.6362,237432.3969,240682.9743,243903.1632,247334.2996,250840.305,254213.6635,257949.2384,261715.2021,265049.9247,267739.2572,270051.5326,273208.4106,277178.3952,281206.3993,285087.5465,288766.6475,292645.7165,296263.6536,298240.4867,299655.688,301572.3601,304968.1944,308435.5573,311010.4984,313778.9942,317286.1135,322273.7673,327552.4866,333327.7048,339083.1087,345801.1529,353111.3119,360967.0908,368182.2071,375344.6228,382671.1687,390047.4803,397588.7405,404598.9591,411815.8144,420586.1361,431022.9915,442257.5825,453187.973,465641.5306,477540.4941,487283.644,495380.3487,503648.5248,511761.6005,520501.9317,530303.7157,541020.6861,550318.8384,558498.5347,564963.7797,568684.0854,570007.6713,570964.3635,571476.8489,569773.7743,567860.5487,565114.0986,561536.2542,555731.6347,548744.6343,543658.6295,539411.56,533674.8102,528432.8833,523036.7714,520054.2901,511742.9056,499025.0941,482736.6901,468263.6203,455871.4998,445096.2466,434231.0871,423494.1155,412499.2982,402686.4696,392790.4018,383631.1171,375340.11,369215.1883,364761.1818,359925.228,354360.6509,347734.8503,340931.0841,335865.9348,332739.6504,331908.7585,330556.9803,327541.2458,324893.8143,322330.6636,321385.2507,320239.7773,320795.3265,321205.4719,321654.8324,320647.3198,318723.3834,316090.4245,314212.5231,314768.8685,315687.1511,316953.0833,317602.8825,319484.9849,321701.2891,322408.7769,322461.1795,322163.3451,323077.8561,323777.4454,323793.5136,323192.394,322118.8936,321670.7138,321925.3998,323960.8062,326443.055,331025.4755,336311.0831,343126.668,349103.2912,354740.1638,360129.0477,365005.7764,369727.674,373920.835,378605.6539,384266.4542,389671.1666,395964.2282,402317.974,409456.0649,416379.9686,423171.8876,430701.8079,437808.493,443824.1598,448075.0729,452044.896,456756.651,461494.9365,465934.8416,470192.8022,474911.5945,479940.929,484572.5988,489576.0937,494605.2471,499496.0724,503863.5213,507210.6781,510861.3429,515059.4164,520603.1542,526145.6464,531242.8338,536218.5657,539835.118,542800.7374,544301.7521,547245.1359,551536.1169,556473.6023,560176.978,561992.3661,564305.2951,566309.3341,567994.0066,568757.3923,570858.2054,575701.0977,580623.1349,584121.8948,586464.4267,588029.132,589178.4961,586914.1564,584609.4829,583272.0801,583732.2638,585476.321,586776.0961,588499.0656,589898.6123,592507.0846,592805.3526,592010.5981,590249.6594,590186.4462,589649.2504,589114.4435,588054.6101,587800.8845,587025.2049,587899.9431,588579.4236,589033.9382,589032.0771,589172.9464,588452.4807,587030.8179,585757.1737,585525.2933,585127.1438,583805.4831,582563.653,582753.1469,584358.2102,588207.2649,594088.3118,601588.8131,607399.6028,608768.1,607073.4416,604690.6504,605402.5769,609186.1347,614567.8192,620927.1612,627172.1566,634664.2818,643209.5113,653542.5876,665857.5991,680733.6674,697240.9246,714714.527,731319.9274,747234.0355,762068.8148,777054.7908,795338.3963,821616.9385,853830.4634,890035.5148,925825.9264,959111.3564,988858.9688,1010248.747,1024009.592,1026471.571,1028821.931,1031455.019,1033848.411,1030457.475,1030212.068,1038072.101,1050295.949
145354.1908,147117.2094,148316.1933,150525.8045,152350.1234,154138.6176,155485.0218,155625.5604,154342.2315,153323.0851,153040.0074,154404.2003,156122.293,157694.4035,158856.4482,161544.0275,165299.3505,169143.8803,170478.5368,170551.9521,171221.1303,172048.1257,172942.8289,172242.7056,170700.2597,169801.3387,169627.7132,170202.9443,170473.6619,170827.9877,171933.8286,173172.1826,175406.2468,177742.8864,180402.379,181896.2248,183061.5873,184044.9142,186807.105,190925.544,196474.603,200603.912,203523.9095,204980.6137,206530.6633,209386.5155,212825.0932,216730.1923,219415.2985,221716.0961,223029.5495,224229.9844,224953.7805,226815.6283,230012.3363,234867.9565,239544.4699,244061.7471,246203.3439,248519.9468,249824.1864,253288.6672,257344.2877,264997.8083,272992.6584,282762.2785,292670.9277,306236.6768,320441.7149,332675.7652,341620.1376,349388.7262,354603.0619,358280.6141,361280.0898,364761.5581,369126.594,371309.4523,373813.1566,373815.0805,372401.9598,370752.2876,369558.6111,370754.5915,371379.2384,371445.6834,371719.0005,372583.7595,373284.8068,371386.8268,367471.5345,362714.1993,358170.3096,355768.2238,354398.7133,350109.8418,342389.5631,332369.4105,324180.7387,317128.7211,310379.2091,304562.3921,299525.9131,295659.5095,291408.829,285733.8359,281685.7713,278354.9872,277620.6422,276241.8065,273826.3966,268281.0568,260934.9956,254657.9515,250041.4627,247660.5138,245767.8351,244588.6589,243094.6077,242216.6317,240941.7038,239280.3158,237973.5231,237661.0756,238734.9327,238836.2355,237729.4815,235415.5706,231866.1981,228902.2194,226116.3097,224928.9168,223310.7163,221434.1421,218199.0958,215237.9488,212039.7542,210219.4149,209251.3501,208761.3194,208068.5738,206818.0823,205353.331,203913.9075,203438.1181,204235.3769,205994.6607,208017.5303,209706.4423,211143.6645,211408.8031,211274.0359,211244.8982,211556.5404,211994.8574,212909.8817,215394.9957,218595.6515,221806.0058,225231.6014,228692.5903,232526.8317,235838.1942,238654.8882,240695.0397,241811.0278,242641.6616,243051.4039,244235.9445,246187.2092,248578.4501,250535.9497,251930.31,252426.6728,252883.9055,253945.9624,256144.8722,258086.0244,259838.1689,261665.997,264819.9474,268546.8115,272556.1048,275446.8295,278299.195,280523.8547,282620.9711,283600.5386,283930.3081,284166.0996,284211.3551,284090.3594,284518.0211,285106.6871,286151.9494,287292.4067,289101.2642,291317.6474,293994.6419,297182.4442,300182.0354,302894.6303,303927.1661,304211.9666,303743.3532,304124.599,305588.0031,308013.454,311039.562,313891.8426,316877.9155,319891.4774,323034.2075,325528.5006,327525.1167,329903.3246,332711.1393,335100.5426,336320.6524,336563.4484,337223.8851,338449.985,340946.6664,343379.3987,345672.3547,346352.9338,347362.0594,348389.2055,350058.7973,351212.3672,351799.2866,351602.0581,351549.6111,352503.1661,353820.9829,355784.5265,357642.7792,360421.6937,363173.4456,366116.1747,367393.2692,369445.1513,372207.8239,377346.7617,380463.5671,382186.1236,383300.0225,386541.6119,391840.6328,397814.1129,404852.98,411451.8002,418584.3985,425046.1793,431217.9337,437127.3653,443219.6276,450493.8766,456034.7011,459240.0131,459110.1781,459794.7188,463063.7166,469588.8457,481158.1566,495879.8028,511321.8276,524189.6412,533371.3085,540416.0201,543452.367,543303.6273,540697.6155,538587.3199,536836.374,535256.3244,531042.7335,527448.6522,525722.1893,528104.0775
45470.45432,45277.57848,45348.69557,45304.43998,45524.64933,45432.87074,45977.0272,46159.05306,46131.53183,44949.25815,43043.54079,41077.10929,39870.70251,39284.89273,39520.76425,39594.76666,39809.95514,39346.39022,38743.13593,38021.81064,37847.39144,38155.28757,39050.12011,40419.14792,41376.43311,42234.28586,42299.17344,42245.72242,42169.46678,42357.7196,43445.74306,45140.07719,47328.14219,48934.34136,49637.37235,49300.39206,48565.31119,48725.90437,49946.74577,51468.1718,52476.38994,53011.52373,53281.87509,53169.47122,53159.26123,53850.48937,54281.75,54685.11264,54568.20635,54499.07504,54522.24372,53839.14666,53274.02036,52616.86788,52437.37565,52854.97112,53574.45059,54872.04927,56577.29413,58253.47446,60006.83151,61282.93761,63485.17489,66627.51,69915.6835,71948.79822,73008.95395,74015.96373,73885.92546,72785.6728,71515.99191,71523.14457,72153.23682,72676.08996,72698.82064,73115.72246,72638.69977,72538.15267,71869.76797,71445.54,70868.19993,70587.68605,70437.38375,69673.54364,69584.75374,70161.93546,71300.06224,72085.52088,72139.51695,73138.82264,73772.86906,75810.98565,78133.1444,80742.79576,83163.66782,83210.81703,82780.18193,81029.36382,79964.06559,78838.53016,78575.15161,79113.93992,79449.56199,78467.97947,75831.14443,72996.05453,70898.99673,70057.15976,69819.43116,69661.34281,68702.9047,67372.14665,66582.0127,66310.40317,66805.57715,66744.52375,67527.77583,68514.11024,70750.357,72635.64147,73609.74038,72627.18226,70600.02316,68218.65221,66947.96938,66499.73528,66379.42018,66373.26674,66224.50985,65993.4808,64857.72262,63981.07855,63201.0602,62868.06775,62580.01344,62760.88409,63018.58831,62621.93057,62108.02966,61385.65833,60956.26383,60403.97059,59676.08696,59168.14112,59214.24709,59514.43973,59028.63308,57808.16312,56758.46164,56308.3325,55897.84089,54804.22876,53836.63837,53033.46903,53032.73787,53158.07168,53224.27674,53475.1106,53726.38548,54179.02705,54503.01085,55187.2502,55697.48407,56120.55089,56419.48611,57026.27717,57748.12132,58276.46259,58709.16294,59346.45981,60032.92077,60724.93172,61115.97069,61217.48544,61027.02664,60825.91915,60817.61257,61396.14147,62814.91877,64512.69669,65348.61508,65199.47425,64921.82815,65484.81739,66421.74128,67347.72543,68064.64476,68513.73482,69051.66077,69576.75899,70168.64924,70741.15611,71381.2442,72285.56853,72985.4335,73771.49579,74362.17011,75195.42398,75879.13154,76788.99744,77609.78975,78250.49054,78437.11929,78386.07487,78315.04745,78292.70474,78265.98795,78475.22181,78455.75648,78481.82084,78873.50563,79973.69675,81246.93654,81883.76725,82217.47217,82394.87541,82756.5022,83310.33834,84145.63141,84702.05024,84930.86337,84899.69102,85202.26424,85269.71507,85501.04584,85763.47138,86884.24122,87928.15818,89553.62361,91451.80246,94051.487,96101.68451,98006.59359,99905.12911,101966.3133,103812.1533,104805.9957,105734.7588,106823.4254,108404.1041,109203.4968,109908.0621,110204.8882,111783.5101,113556.5461,115768.7571,117845.0704,120424.9606,123756.0054,127255.6958,129974.6242,131771.8451,132827.0649,133977.9836,134891.3979,136216.6333,138196.2021,141541.7587,144091.6709,145147.6052,144070.7704,143134.5838,143190.0878,144012.5198,146628.7262,149413.7302,153306.8559,157010.8996,160320.9498,163019.1379,163998.4245,163783.263,162558.5081,160832.896,159572.2973,157841.4508,159232.2219,161305.0392,164277.3944,164520.1926
181874.7674,181969.0841,182434.1196,183308.3379,184360.5988,185394.9278,186374.0583,187540.9744,188825.191,190424.2831,191945.8596,192980.8825,193781.7392,194811.3075,196261.8399,198307.1874,200416.9716,203078.3795,205907.7372,208656.9135,211197.0082,213524.5297,216153.737,218953.6002,221424.5329,223606.0362,225350.5933,227287.122,229405.429,232294.6633,235738.0657,239703.495,243570.1461,247424.1464,250850.2834,253848.2096,256281.2989,258414.8942,260444.166,262383.5325,264722.4389,267989.2929,271809.5063,275860.503,278931.1496,281907.681,285196.3773,288880.1968,292083.2064,294464.7542,297357.9493,300888.2734,305257.31,309518.7519,314635.6835,320711.3356,326651.7124,331793.5703,336129.3669,341143.366,346740.3017,352719.3092,358207.0136,364793.4571,372069.5569,380021.0436,387032.1524,394101.2423,402254.2645,410822.4576,420278.9927,428334.7561,434912.0331,440242.8683,446556.0538,453866.5632,459539.8607,464381.2499,468195.8684,472127.7726,473543.2318,474041.8789,473239.4476,472648.6119,471202.2626,470237.1469,470265.7083,471122.7057,470221.6398,466904.8193,461397.4735,456062.1789,450320.7163,443970.0739,436337.6115,429156.4793,422509.3779,414676.2926,403447.7905,393192.0346,385409.5212,379493.5662,371426.5521,362510.0837,354710.7136,349383.1538,342556.8225,336237.0146,329561.633,325098.8644,321373.4119,316743.861,312166.9811,307358.1942,304406.8798,302434.2758,300093.8815,297220.746,294764.947,292522.907,290794.8281,286586.4554,283138.774,280056.9625,279747.5756,278722.0904,276774.7559,272889.2169,268738.5445,265558.0248,264085.0678,263566.1755,261868.0862,261011.8384,260112.7421,259283.2499,256826.26,254896.403,253446.0208,253157.4701,253016.807,253896.9801,253621.5248,252592.8016,250789.8983,250372.251,251156.7465,252527.1961,253539.365,254175.3533,254765.008,255192.9275,255661.8038,256711.9467,259253.258,262439.5315,265769.413,268347.7465,270577.6056,272288.3911,273899.0889,275375.3835,276794.8318,278278.0914,280487.1608,282377.8928,284136.4289,286045.0029,289496.3619,293864.0895,298238.6513,301279.6648,303366.9443,304477.7434,305455.4212,306133.5769,307293.6018,308259.6167,310093.5041,311992.372,314722.1294,317161.6716,319246.7137,320285.4545,321055.8693,321374.8856,321629.8407,321642.8948,322356.21,324050.2888,325783.2003,326557.7391,327248.9093,328191.7719,329795.8199,330731.1154,330743.0218,330105.1595,329331.5384,328965.1407,329270.8644,329704.3817,330258.6888,330370.6872,330673.9245,331572.4407,332569.638,334014.072,334973.8,336551.3429,337818.0849,338942.8916,340045.7365,341153.7532,342493.9964,343233.8611,344664.4615,346264.5056,348648.9923,350666.453,352776.1019,354385.3289,356470.4034,359143.2176,362025.7971,363987.8317,364747.2012,365902.7628,367302.8628,368612.3477,369080.1941,369198.8975,369087.4133,369031.6004,369058.2887,369311.9881,369761.7677,370639.906,373105.3397,376561.7457,379667.5208,382033.2041,383125.6027,383943.1304,383756.8856,383234.7593,383054.2148,384471.8604,387999.5913,392823.404,397915.9478,403633.1929,409615.947,416261.6866,422953.4308,430791.5691,439901.4169,450043.7093,460812.305,472070.7566,483153.2177,492819.7722,501222.7145,508354.008,517052.0878,526680.5592,538449.7352,550822.4399,563302.3383,573831.1021,581055.7526,583977.7173,583840.6455,582781.4684,581283.3734,578226.5958,572692.0456,567809.5736,565515.1449,566165.5576
73096.00258,73283.81574,72698.54853,71849.68403,70581.04409,69658.02711,68289.64157,67398.988,67125.53831,67061.71387,66658.85936,65961.76343,66160.50863,66749.98238,67392.97222,68225.71183,69396.77674,70817.6585,72105.59715,73309.87253,74329.24342,74131.73632,73219.05814,72596.63286,72817.3839,72932.17563,72809.05693,72964.81672,73497.97676,73701.75851,73576.70433,73421.65365,73916.98597,75424.65983,77507.48499,79645.41985,80915.76257,81906.23982,82703.66687,83171.38823,83686.96259,83983.60611,84828.28621,85639.57994,85922.06346,85422.86914,85018.56288,84883.38436,84850.83953,85004.74995,85307.97765,86895.72147,88130.21092,89750.45396,91226.15604,93054.48701,95229.75221,97414.15975,99411.54096,100719.1751,101680.441,102441.8852,102585.1243,102417.3699,102010.1079,101770.7879,102200.9714,103056.5228,104716.3303,106054.793,107969.2825,110043.0754,111597.0394,113924.5012,116114.4428,120263.5939,124229.364,128705.2737,131285.8797,132564.3142,132727.1685,133033.2591,133557.7866,134436.6285,134185.762,132034.5458,131038.1558,129690.3893,126968.3899,119991.8398,112695.1555,107790.7777,107175.9962,108350.8287,110763.5613,109764.9237,108169.7612,105423.3101,104492.7427,104384.7246,104970.1351,105737.813,105723.7561,105106.6866,102957.8403,100587.0365,97931.4887,96611.72667,95420.2953,94057.02169,92689.96863,91666.50359,91282.31241,91409.69939,89903.39379,87338.7199,83518.0012,80479.94365,78632.13232,77185.28786,77319.19007,77181.53828,78098.25493,77971.64993,78055.09764,77608.9834,77856.15673,78494.0894,79414.57724,79925.65627,79137.54345,77578.05704,76094.26552,75128.06187,74127.80785,72098.24163,69709.06959,67608.51018,66682.05044,65989.38103,64959.76228,63283.39238,61533.4748,59765.00645,58322.40923,57683.48049,57343.9262,57169.02608,56620.26873,56222.76558,55517.2031,54304.87812,53209.56072,52564.21042,52291.4007,52135.96132,51652.14237,51435.63533,51088.26287,50743.73419,50330.03467,50038.60776,50092.84404,50222.80325,50715.96264,51323.32321,51967.56557,52729.20874,53688.60505,54922.79904,55441.20223,55601.49051,55333.35039,55235.49009,55489.10119,55824.28426,56327.4185,56759.45669,57532.23071,58906.14462,60160.53618,61518.69425,62263.35131,63323.11775,64204.02212,65037.20173,65800.93715,66354.25858,67308.2172,68721.46734,70594.58814,72196.40855,72698.84003,73104.46547,73260.05676,73690.8683,73418.7009,72992.10701,72705.33364,73273.17969,74313.24484,75011.44427,74907.72312,74434.97976,74175.08437,74203.47575,74414.34035,74619.86921,74747.40057,75105.68343,76022.49718,77120.95317,78203.12804,78382.95063,78537.90836,78702.47095,78715.76946,78697.34048,79304.07269,81189.72196,83837.54465,86212.50379,88162.53001,88840.97088,88841.78903,88600.21139,89522.26482,90760.34762,92745.55963,94407.91627,96452.83162,98417.82965,100423.8876,101956.7638,102784.1685,103850.4149,105224.1913,106735.0458,107856.5749,109085.34,110082.3587,110932.3789,111037.4593,111113.5711,110431.2379,109434.3964,108483.0728,108926.6501,110381.0887,111754.7236,112781.1132,114157.5415,115908.4143,117949.1423,119465.1732,121905.2886,125097.8426,129667.4245,134071.6093,137254.2295,139276.6936,140868.5338,142638.2638,144441.6267,146991.7739,150363.6284,153743.98,156850.1886,160389.872,164783.8293,168272.0609,170128.7191,170076.0847,169948.8437,169886.1516,170237.0866,172647.151,176092.2164,179456.542,179822.7151
177793.2446,178569.8544,179247.0428,180526.1805,181066.0971,181848.9314,182948.4162,184474.2486,185779.4323,186700.4627,187626.5301,188152.8239,188834.3157,189479.7586,190433.1864,191260.9157,192667.6002,194665.9657,196773.0588,198891.2909,201031.5118,203059.4133,204949.8481,206984.7139,209544.4831,212318.5536,215141.9048,218772.3829,222131.3401,225308.0772,227872.0639,230896.8204,233423.5416,235945.9672,237961.2788,240320.207,242677.8773,245090.1946,247617.341,250459.3373,253271.5546,255979.0589,257980.9029,260357.2624,263302.6472,266601.5571,269911.9772,272867.2524,276626.5535,281047.8207,286074.7225,290691.5262,295666.5122,301069.1018,307478.0105,314430.8085,321306.5947,327980.9272,334176.4827,340773.4566,346835.0378,352840.8398,359460.5801,366748.9422,375927.2991,386198.1061,397803.3681,409796.9795,422814.9284,434510.8736,443943.7837,451652.1172,460138.8391,468486.7911,477594.1311,486880.6459,495752.334,502687.5668,508203.2355,512358.7648,514977.2818,516610.0926,519243.794,522521.4893,524221.9622,524731.1829,522582.8681,520585.5466,518852.1632,517274.2983,515527.331,513972.4429,512776.8422,512996.7518,511436.8922,509642.7461,501658.3489,492480.5741,480755.291,470621.7566,460064.4527,450173.2035,440485.4154,429216.5344,417133.0716,404233.5166,390476.8903,375621.8563,361704.5066,349399.3753,337958.996,328938.8181,320622.0418,315213.2749,309213.6174,304586.848,298578.8471,290943.6008,288196.7617,286846.0205,289239.9819,288258.1478,288214.7051,287401.2622,285808.0805,283076.4694,279092.0414,276017.2559,273012.468,269991.9543,266409.2513,261904.9917,257391.786,252822.9555,249891.0128,248490.3911,247291.159,246473.816,245066.2336,243670.3468,241902.1093,241698.5672,241706.9795,241705.437,241366.2669,240805.2871,240116.3641,238772.4134,238068.5112,238394.4833,238963.3174,239857.4504,241334.2455,243898.3804,246716.9174,250026.9414,253250.9403,256995.4836,260477.9755,263576.6232,266315.452,268661.8278,271692.4078,275240.2319,279384.4072,283433.3138,286352.3251,288971.6059,291002.6028,293713.9326,296083.8253,298835.9681,302204.4454,305435.0802,308866.5247,311736.8476,315141.8491,318532.5889,321494.4455,324839.7753,327566.2422,330688.2055,333013.6312,335806.6961,339150.5395,342561.1764,346190.8415,348498.7118,350571.5377,351832.4987,353278.2619,355201.4371,357442.8016,360254.6596,362589.1466,364646.0314,366888.3355,369053.0354,371784.6643,373835.8508,375996.4949,378458.9015,380318.9527,381855.3784,382063.1761,383082.5269,384233.643,385622.1104,387214.8565,388869.0888,390931.8324,393185.1253,396017.0924,399167.4099,401488.0822,403988.8438,406190.2466,408738.8939,410423.9433,412184.1508,414146.3769,415994.8452,417782.6152,418560.2632,418908.4002,418718.3954,419148.8746,420015.9951,420765.9281,422015.552,422860.9638,423813.599,423827.6297,424050.6315,424416.3249,425471.0994,426671.6902,428263.3046,430120.3067,432467.5929,435649.792,440003.5536,444801.8746,448070.3353,448795.1397,448222.8565,448120.9316,449784.7242,452725.0635,456405.6927,460999.1988,466054.3421,471573.2849,476511.8315,481481.0956,486549.8063,491905.1788,497262.2788,501293.7179,504413.8947,506318.0207,508832.3625,512389.104,517028.003,525722.0347,537102.6533,550758.8766,562299.5464,571749.9711,579491.8404,584828.3786,587243.0913,587149.2414,587216.2949,588238.1848,588765.1136,588848.3737,589716.2318,593090.7644,597899.4813
105380.8543,105297.6042,105064.0446,104973.7329,105006.8098,105144.331,105359.5582,105427.1563,105646.5344,105805.9728,106355.4282,107446.9115,108329.979,109152.3697,110014.5109,111127.8912,111922.9712,112378.9494,112815.5612,113807.3735,114774.073,115458.7618,115540.2922,115794.8574,116372.7064,117096.0742,118042.1686,119215.682,121030.6061,122952.8041,124570.4526,126361.1981,127896.4489,130458.755,132677.4518,135044.0529,136199.3966,136986.1899,136705.0877,136461.5391,135999.2736,136340.0339,136933.6489,137904.056,139273.6868,140807.5221,142752.5608,144761.1513,146372.2269,147606.3719,148984.6255,151725.68,155017.3012,157798.9017,160123.2597,162012.149,164317.5557,166814.2911,169748.3012,172841.3169,175500.9976,178264.8124,181372.9671,184570.51,188057.4128,191527.4805,195635.5397,200164.7543,205337.4658,210116.2323,214267.9971,217675.7846,220398.2572,222427.4376,225182.513,228794.4001,232988.1779,235303.395,237813.0404,239580.2546,241756.1229,242910.0554,243050.7036,242360.1632,240907.5176,240046.147,239085.2172,238545.3045,236765.0626,234661.7512,231438.0957,229204.2637,226450.0604,223323.1309,220559.0385,218773.2441,216941.0542,215246.8263,213111.6591,211381.9811,208063.806,203402.8963,198676.2745,194542.345,192009.0778,190503.2403,188983.0545,186517.1619,183894.3246,181611.9062,180142.5472,177839.1808,175278.2832,172832.6508,170654.0356,167544.0423,164111.4815,163511.9104,165696.7777,168385.02,169644.5679,170248.9968,171256.8986,171740.8183,171388.9894,170288.3024,168966.9636,167684.3467,166495.2092,164368.2968,162479.0606,160893.286,160242.0151,159020.3466,157629.3472,155347.5408,153548.6381,152390.4185,152092.1204,152111.2046,152095.404,152058.4653,150966.0199,149016.8633,147286.4335,146570.9009,146296.6497,146427.7921,146810.1446,147394.3627,147620.4668,147443.5614,147385.9604,147319.4452,148330.1535,149997.9357,152411.9317,154856.2331,157036.35,159444.9412,161884.8982,164074.2585,165590.2321,166722.9289,167927.1597,169099.8669,170342.3124,171837.2546,173593.6805,175268.6984,176346.012,176801.5733,177052.1307,177637.0812,178351.0342,179022.4865,179760.9173,180256.5569,180826.3594,181110.1226,181521.9498,182092.6203,182832.1529,183804.2611,184853.5624,186202.3031,188060.6628,189611.2443,190902.8485,191285.5798,191670.8509,192086.757,193207.7789,194874.9763,196322.0403,198041.4089,199478.9367,201371.7181,202859.0835,204311.5275,205725.863,206635.1125,207636.1708,208481.2323,210036.4164,211811.7476,213560.8109,215765.4105,217884.9614,220360.8752,222520.2219,224850.6765,226756.4191,227943.0629,228676.4456,229181.2113,230185.6856,231335.8063,232784.7135,233968.1268,235083.3523,236009.2483,237058.3862,237946.4836,239124.3734,240216.855,241315.4549,242692.5089,244839.3515,247550.6106,249837.5868,251408.9024,252247.4361,253149.2858,253872.6614,254857.0021,255464.4061,256020.0508,256878.7014,258556.641,261378.3133,263687.3805,265335.7402,265891.0478,266154.0302,266446.0224,267044.5287,268558.6985,270902.1362,273895.2869,277388.4259,281136.4037,285133.2199,289101.5537,293122.3963,297314.1919,302072.2429,307456.952,312971.9822,317702.7119,321490.9281,325321.7708,330144.0406,335620.9265,341719.6868,348061.5987,355043.0107,362176.0563,368853.1074,374641.4288,378621.0519,380613.2607,380682.7623,379699.2968,378173.1157,376009.3478,374625.404,372463.4174,370510.6516,367638.699
64626.11935,64361.70095,64151.08342,63709.13377,63496.59035,63626.03682,64230.80287,65036.67707,65747.12161,66250.4782,66762.83894,67338.11299,67593.53423,67761.69399,67833.56185,68130.02908,68423.02092,68944.46011,69608.99588,70268.58975,70939.15151,71608.90583,72091.55384,72667.92651,72960.83712,73348.04604,73461.08707,73574.43087,73946.39418,74601.80918,75664.53405,76597.60437,77230.94392,77857.51026,78543.33978,79147.15791,79270.66333,79106.17058,79001.96725,79195.6969,79545.57179,80114.81037,80742.33038,81714.15674,82859.89766,84292.67738,85511.28764,86540.99044,87218.5481,87896.15424,88560.42757,89512.34963,90484.34434,91787.52953,93478.63219,96031.61297,98875.26506,101716.9538,104268.9801,105543.408,105977.6841,105932.5005,105324.1774,105234.2527,105131.6326,105676.5749,106688.493,109205.8396,112247.9679,114592.0608,115932.2883,117592.4228,118993.0183,119722.2956,120682.9231,122832.8541,125312.0675,127173.5293,128431.3463,130539.8338,133754.7622,136612.0502,138102.2791,138627.3217,138943.0123,139195.6596,138890.925,137749.7772,135845.2963,133468.1462,132113.8308,130469.9093,128966.5485,126855.8632,125339.2269,123926.3268,122386.4585,120699.1159,118934.0937,117080.5164,115063.6875,113205.8636,111274.4987,108992.6093,106674.4704,104795.6366,103620.8549,102651.5935,101823.6545,101123.8887,100119.5716,98702.89342,97368.41072,96217.93654,95076.71372,93642.80733,92106.84227,90878.45723,90126.41571,89748.00351,89609.72075,89452.26112,89336.56759,88927.255,88539.90991,88136.32246,87885.22638,87499.34866,86888.64476,86166.14531,85664.50832,85270.03822,85065.12208,84653.74035,84259.16478,83757.77449,83472.29188,83387.49687,83340.37629,83129.28425,82602.04342,82188.65141,81948.65588,82024.90622,82105.81088,82413.06919,82726.14969,82821.05516,82516.79253,82245.14764,81516.69556,80505.33358,79450.45019,79075.94163,78959.88177,79038.39461,79380.8642,80234.19654,81594.41065,82613.49508,83073.32408,82855.01605,82492.79806,82072.22259,81660.06531,81572.9908,81404.21557,81017.331,80907.87936,81512.68047,82575.15156,83615.02396,84665.88204,85543.26267,86323.28581,86772.01892,86927.70377,86901.35951,87275.32495,88196.82496,88927.1154,89272.13937,89409.83161,89933.92209,90791.601,91591.48319,92231.18887,92817.83189,93432.32675,94513.42117,95508.97773,96522.42061,97166.72825,97587.60408,97789.65526,98076.10901,98700.2608,99511.58323,100367.5732,101013.5227,101637.0727,102179.0944,102765.9956,103372.3197,103510.0224,102969.3494,102120.8735,101929.8506,102823.9863,104429.5796,106269.3283,108209.1642,110362.7486,112460.8652,114379.7661,115812.2477,116653.6034,116676.9835,116889.0543,117449.0,118519.2236,119313.4062,120132.5136,120494.2918,120704.1587,120555.0414,121102.8091,121901.5635,123404.1195,125560.8643,127944.5201,129795.0838,131296.7965,133194.6412,135725.4286,138116.8673,139860.2124,140966.5565,141810.8288,142854.3593,144342.28,146339.9442,148390.2211,149854.0644,150176.7991,149609.2528,149043.8572,149203.3043,150528.5493,152473.0222,154661.9228,156764.1615,159437.8009,162783.0419,166419.1269,169963.1923,173419.5214,178108.8277,182639.7173,186153.6588,187643.6619,189170.3016,192133.3406,195913.2909,201313.7597,207147.4056,213124.891,217890.1488,221620.0006,225408.4495,227363.4789,227540.0344,226084.1458,225395.3289,224675.1723,223597.5876,224784.1499,228278.0262,233240.939,236261.6009
75817.50575,75950.33104,76342.83434,77227.95579,78849.17427,80667.87288,81874.89275,82675.90204,82627.05626,82661.80843,82661.9142,83402.43301,84361.57449,84734.72458,85022.74781,84967.75558,85578.76561,85267.20122,85082.3527,84852.81378,85222.16439,85689.5612,85457.6245,84875.22706,84896.72063,85788.90991,87818.70251,89211.6533,90306.81715,91149.15178,92253.17201,93154.64008,94053.01771,94939.13534,96195.05201,96991.21409,97200.13374,96852.46416,97027.00977,98277.74926,99240.05523,99845.45538,100174.8369,101222.9799,102517.095,103687.0121,105720.511,107427.019,109451.0865,110906.9182,112286.4547,112852.201,114393.6932,116699.0648,121385.3116,124979.6699,128485.1153,129325.6367,128568.6859,127338.8924,127155.2037,128391.9644,130115.4087,132814.6938,136217.0123,139100.5098,141111.7123,143103.2638,146024.1213,149316.3271,153957.0884,158971.3041,163063.8304,165675.3662,166294.0979,168759.7654,168593.9951,169953.7096,169984.1613,171743.8375,172174.7175,173554.8028,175647.6806,177043.8492,175877.9157,174867.1724,175712.9596,176135.5144,176161.0082,174928.5842,174555.0383,173493.8739,172191.366,169003.1006,165219.2123,161789.8985,159609.878,158697.5525,157244.5474,157258.73,156966.5611,156346.5677,154861.6506,153275.2112,151493.2156,149714.7661,146941.8189,144434.0827,143197.3604,143391.7745,145054.8789,145050.8132,142574.9557,139281.6884,136570.0643,134750.9779,132668.2954,131011.3401,130452.8031,130143.3426,130479.5361,132249.6612,135036.3261,137322.852,138302.6624,138017.0319,137323.6438,135511.532,132666.843,129300.7037,126880.9466,125514.7343,123916.6984,121194.2589,118455.9892,115987.8247,114189.6338,113175.0921,112242.5153,111234.8632,110224.0518,108546.3894,106383.4618,103818.0887,101958.9106,100860.8927,100155.5082,100367.9245,101430.8447,102185.1481,102374.3915,102016.6312,101979.2637,102961.169,104123.74,105670.9216,106378.6137,106656.0599,106300.2414,106296.3705,107269.4482,108760.1534,109900.6565,110591.1655,110986.072,112694.5266,114643.6934,117046.8809,118478.6014,119099.3208,119232.7903,119662.0711,120901.3167,122318.6039,123462.4343,124537.9892,126054.3951,128273.745,130654.2002,133200.4855,134818.6632,135537.7026,135526.7728,136120.5573,137663.5098,139506.4117,141086.4601,142566.2242,144230.1115,145958.1597,146932.1912,147692.8584,148309.2062,149142.3174,149800.9885,150721.0473,152437.7254,154107.8391,155397.6582,156600.9583,158448.8839,160492.1015,162106.0833,163182.1782,163890.2823,164523.3576,165361.486,167169.7673,169287.345,171583.1208,173151.3433,175002.756,177129.0341,179922.417,182636.0683,184829.8844,186421.6011,187091.5793,187393.5586,187492.8762,187564.9611,187671.2111,188173.661,189210.5479,190955.234,192514.8917,193752.6229,194473.4659,195134.6276,196219.5836,197271.7268,198065.7356,198756.5155,199846.2075,201243.4649,202911.1219,204191.7902,206043.0637,207640.8389,209203.3212,210459.5177,212215.3357,214131.7173,215464.4774,215925.1541,216321.7201,217688.2911,220596.1563,224855.3949,229036.5165,233040.2473,236937.9124,240633.904,244438.171,248201.4256,252818.4432,257810.015,263441.8859,267282.36,268412.0026,267167.8442,266329.6927,267231.1291,269198.5283,274530.7513,282921.6663,293646.6204,303845.681,312980.4834,321025.6313,327509.0723,331547.4903,333017.6024,333212.4767,333117.2941,332360.0379,329421.13,326485.7918,324895.1396,325623.099
78366.2002,78459.92728,78706.09826,79436.81235,80286.2727,81102.90013,81638.98907,82264.3512,82914.79728,83550.9442,84105.87424,84787.03275,85550.18544,86281.09233,86805.90625,87200.07985,87725.79585,88309.3428,88766.68359,88774.6135,88615.65431,88517.87699,88965.74831,89849.58584,90918.0062,91720.43709,92441.32663,93323.72822,94242.03227,94874.90198,95270.48517,96144.10954,96896.64889,98150.24495,99194.94275,100609.0089,101492.0337,102486.4766,103408.2261,104545.8149,105528.0916,106517.3607,107792.8795,109046.0789,110741.5474,111981.4242,113077.2353,113899.8501,114838.2603,115673.791,116622.744,117439.0431,118950.7257,120518.8924,122740.6316,124826.575,126856.6451,128446.4743,129751.085,131511.7643,133887.8262,136690.2842,139314.4748,142139.8704,144472.2853,146840.5165,148998.0432,151959.828,155532.6131,159017.8997,162352.5277,164722.354,166315.0479,168003.3733,170419.6761,173580.1291,175568.0223,177003.5835,177982.3127,179218.7992,179724.2742,179594.1017,179113.1084,178164.1142,177799.6925,177770.6418,177704.328,177512.9253,177191.8487,176814.0264,175076.5682,172588.878,170013.8261,167877.1947,165856.7033,162184.0778,158550.014,154463.9306,152107.7455,149439.9851,147124.6382,144576.9593,142223.2972,139340.0498,136650.7087,135195.6318,134670.9276,134142.823,132737.7427,130707.1123,128459.5095,125178.8415,122451.3915,120144.6868,118933.5037,117634.3137,116181.9397,113095.4436,109971.0454,107257.6285,106981.1892,107683.7065,108242.2807,108477.3669,108163.8001,107851.8797,106920.0956,105369.6412,103490.3115,101711.5082,100050.1508,98648.2783,96362.26862,93810.27929,90942.02035,88396.1002,86133.4641,84104.05615,82735.06956,81997.03994,81754.34563,81979.13235,80994.16212,79669.84151,78492.42074,78972.83186,80128.07612,81409.77964,82343.80317,82786.95422,82430.26647,81540.44347,80716.98303,80382.02303,81080.55042,82421.5613,83776.6101,84670.43646,85402.00109,86124.47886,87019.81433,87674.43339,88721.67308,89706.13109,90753.0897,91638.90282,92686.3697,93658.14027,94410.59959,94844.92923,95472.41261,96269.74765,97160.71098,97915.81714,98927.95154,99890.6276,101279.1046,102088.8803,103394.7062,104561.8354,105379.6286,105593.1273,105590.4509,106410.1547,107800.7695,110010.9459,112532.185,115282.7669,117833.4781,120204.3636,122368.0114,124497.9776,126405.5758,128386.0284,130397.1396,132662.6335,134570.4791,136001.1084,137417.9088,139265.6896,141109.2668,142147.9694,142570.935,142815.3697,143044.8648,143020.147,142997.4276,143730.9988,145035.8095,146655.5874,148003.846,149516.7891,151354.8152,153771.5606,156596.3518,159280.8675,161092.1778,162160.5581,163126.5126,164651.7921,166162.7102,167526.945,168993.6195,170530.0269,171816.6195,172303.8203,173117.1159,174133.4097,175554.0833,176428.1393,177330.7325,178679.9028,180348.8081,182130.0651,183597.4109,184830.7951,185209.1847,185381.6879,185864.3933,187119.2844,189204.9238,191581.4468,193841.802,195356.4951,195888.0042,196208.3811,196788.2177,197899.3852,199401.2905,201160.2723,203626.3442,206657.6657,210458.3049,214606.7718,218682.5394,222350.6212,225928.7875,230109.4626,234686.0789,238975.3877,242334.6252,245235.8827,248703.1833,252556.869,257468.6891,263082.6414,269528.5195,275640.8327,281064.9906,286239.9179,290523.3211,292618.4131,292398.7725,291068.4134,289572.5685,287808.1675,287663.9697,288537.902,290313.0928,290982.9824
70197.30836,70290.05898,70378.20264,70469.29908,70675.54942,70964.48591,71343.21267,71575.1155,71483.41974,71208.87611,70893.80417,70962.94426,71341.76309,71699.72617,72120.97857,72699.93583,73419.51888,73890.35379,74043.12393,74264.45237,74758.2188,75528.59437,76208.14334,76714.33304,76842.96529,77033.67947,77101.1246,77291.0538,77492.92498,77994.80103,78676.87803,79326.57994,79637.72564,79731.53224,80020.06674,80556.63613,80800.8409,80719.94418,80620.74473,81077.81213,81356.33581,81106.89899,80541.18175,80229.8262,80573.61615,81339.35701,82208.80341,82793.42614,83325.52853,83891.62694,84404.25873,84769.40229,85294.98662,86435.2489,87960.29019,89486.33607,90802.44688,91791.49785,92976.86235,94213.33464,95705.92885,96909.7071,98280.75202,99812.39079,101731.8083,104087.0801,106514.6619,109235.5694,111767.5519,114456.8667,117113.8031,119609.2268,121446.1965,122904.0533,124939.4486,128704.2081,132827.6728,136546.0317,138756.746,140535.9635,141098.4937,141185.1718,140870.9501,140841.1046,140712.0946,140548.0618,140510.1749,139852.871,139186.6934,138170.0662,137508.6161,136422.292,135450.3987,133969.1588,132196.0108,130699.1403,129981.4902,129801.7006,128858.3002,127428.0573,125462.7758,123301.9822,121114.8619,118622.2296,116570.2511,114631.2451,112594.8799,110119.874,107586.5103,105472.406,103796.5189,102068.6492,100360.5095,98056.75203,95862.17361,93871.28964,92311.48949,90564.1556,89510.13301,88892.84861,88931.28165,88729.62242,88013.46733,86831.68514,85111.42824,83330.3175,81652.27474,79595.21663,77687.17025,75746.11009,74316.0847,72964.02483,71246.70769,69701.56538,68519.6396,67873.35769,67759.07629,67789.52956,67894.20137,67749.8699,67560.53701,67300.09688,66647.2676,65965.93598,65604.57167,65834.06794,66279.79085,66909.43056,67553.58285,67986.82439,68255.07732,68102.28735,67901.93275,68072.43467,68794.49944,70021.98055,71223.9692,72503.32536,73907.39823,75286.42412,76513.16748,77493.18006,78641.64722,80228.50351,81983.68065,83434.61171,84498.94363,85306.88834,86402.08218,87595.30552,88755.61677,89722.80829,90560.7231,91810.79581,93179.94968,94410.72997,95218.55673,96008.66475,97281.35343,99061.35833,100428.8493,101387.2481,102115.5304,103087.4005,103732.2418,104524.3711,105591.0707,107162.8979,108421.9945,109621.4328,110601.2533,111828.7164,112991.9332,114160.2346,115030.3014,115899.8271,116720.8076,117981.5516,119506.9355,121426.7596,123022.9921,124864.0455,126953.0126,129535.1345,131527.4638,133050.441,134100.3676,135490.2486,137043.1489,139077.2729,140862.0711,143052.2489,145273.669,147771.1776,149649.191,151225.5668,152862.3779,154786.8343,156896.3489,158842.9139,160635.8179,162257.0095,163660.047,165135.8303,166909.5252,169006.6846,171027.0587,172500.8206,173452.0886,173938.1052,174251.1501,174393.0797,174670.0874,175327.1995,176435.4193,178016.3384,179357.6413,180806.7674,182543.0734,184503.3779,186725.3525,188612.5706,190343.4045,191471.232,192162.1875,192978.7539,194176.8188,195846.3408,197773.129,199855.7039,202071.2044,203970.5949,206305.0736,209164.1067,212543.672,215781.9601,218974.3154,223013.8487,227202.2375,231103.8634,234355.9826,237891.6952,242381.064,247381.3693,254001.8723,261377.5698,269036.7322,275142.6064,279745.1903,283593.089,286211.093,287605.0329,287403.632,286589.7584,285469.0451,283927.7129,282680.0776,281956.9186,282078.1286,281734.0033
136109.368,135230.6411,134220.3347,133700.948,134339.6632,135346.7061,135264.6951,134968.8026,134443.5487,134060.8959,132859.1402,133181.2158,133933.7815,134638.9547,131837.4361,129381.4426,126782.7766,127604.8287,128472.6373,130491.6214,132153.1968,133624.1081,134674.5085,135364.3479,135013.6282,134461.8068,133198.0375,132056.6805,131258.2012,130957.3791,130521.8949,131729.3173,133936.0836,138111.9067,141402.4307,144271.9186,146682.1493,147233.4875,146946.2985,146624.0031,147328.6398,148733.0214,149614.8012,150357.7044,151653.4528,154204.8841,156778.9371,158977.3697,160341.3018,161411.5247,161884.4771,162238.5832,162731.4791,163747.2178,165236.6496,167790.0115,171154.2262,174375.7529,176846.4084,180183.7406,183863.4651,187459.5185,189141.6698,190631.5933,192509.3966,194782.0072,196890.2687,197747.8337,198385.0136,200216.6069,204575.7602,210662.942,215893.0235,220032.8911,222877.1737,225190.6376,228417.5933,231775.2626,234713.3254,236079.2613,237041.2209,238548.9501,240083.673,241528.9004,242318.5037,242814.2181,242346.886,240991.4719,238246.1238,234667.0404,230116.1525,225692.3516,222378.6915,220321.8692,218910.9396,217885.9927,217042.0793,217009.4093,216712.8547,215195.3543,213008.9178,210392.483,208607.2827,206626.8429,203669.6054,199855.0453,195405.9473,191484.0058,188314.3733,185418.7992,182032.7395,178467.2238,175617.0831,172855.1937,170400.3163,167871.7057,166577.3046,165033.1904,163886.999,163005.6074,162416.1902,162136.7425,161587.4566,161567.7921,162053.7455,163061.0303,164490.8211,164957.7846,164744.3116,163527.474,161597.4216,158668.0013,155671.1363,153526.8733,152992.1761,152341.5053,151247.3766,149178.5586,147587.1701,147167.916,147171.7424,146937.6695,146444.4581,146777.8733,148596.3653,150553.3662,152224.6995,153052.569,153760.4423,154425.9421,155268.6107,155269.8662,154998.0664,154800.5203,155647.6291,156921.4283,157593.9013,158030.06,158641.5199,160069.2467,162041.1612,164381.8104,167110.3632,169545.5074,171489.3014,173344.7445,175623.9643,178235.8218,181414.0139,184410.2251,187025.068,188606.1518,189924.9682,190960.3232,192080.5095,192805.5147,193591.5499,194358.73,195532.2996,196925.6446,198232.379,199307.0231,200298.8436,201010.2711,201822.0803,202571.281,203366.1091,204467.3565,205833.914,207469.6658,208525.7024,209077.1818,209532.3922,210348.5802,211411.6664,212711.8008,214201.9156,215746.9898,216774.2823,217686.7584,218924.9767,220791.4046,222084.9322,222480.6654,222421.2142,223053.1496,224680.7568,226543.3825,228123.1841,229465.6946,230763.9209,232405.1869,233987.2697,235728.0503,237157.9018,238408.5635,239546.7917,241252.5913,243551.1691,246037.1626,247790.2007,248842.2841,249715.172,250845.5107,252188.49,253420.0297,254062.0065,254517.9916,254311.7519,254401.2506,254095.9937,254436.1088,255159.3894,256540.5281,257806.1972,258699.8662,259626.6223,260525.1667,261575.3652,262288.2797,263416.0428,264682.5327,266191.1798,267546.4086,268568.5826,269819.6146,271346.4108,273720.3861,276380.8385,279083.9321,281932.2227,284888.1838,288358.4912,292305.4856,296778.7963,301791.0431,307869.1725,315155.442,322437.4204,328512.9715,333453.7471,339054.5785,345047.6063,351545.3841,358217.0488,366352.096,375820.7661,385600.5915,394287.6291,400660.2164,403906.378,404406.4422,402646.54,400554.5176,398144.9638,395405.241,392300.3467,389952.2651,389354.7954,389983.4339
145320.5588,145713.9552,146409.796,147458.2982,148801.9249,150168.3541,152352.3055,154786.6252,157283.1713,159248.9344,161276.3789,163096.935,165236.712,167544.113,169938.9528,172043.4103,172641.0789,173406.6249,174069.6084,176028.5271,178046.5689,179789.4024,181034.8969,181842.332,182747.781,184252.1192,186035.0895,187983.0151,189612.1355,190633.2074,191530.6727,192509.7456,194301.1657,196439.6663,198455.7436,200308.8185,202157.9988,204090.228,205649.1679,207052.0439,209041.6879,211297.9513,214120.2098,216910.176,220649.9544,225071.3845,229882.6555,234076.0766,237056.9599,239471.1952,241781.0658,244683.9391,248284.9089,252082.5404,255629.4776,258658.7609,262286.8439,266269.3905,269740.3172,273032.0693,276191.5209,279981.5563,283543.2642,288221.5687,293868.7935,300208.1913,306436.8254,312782.3928,319534.4645,327880.579,336080.1192,343684.2817,349110.2915,353372.5051,356842.0914,359846.0385,362578.6413,365044.7248,366877.2735,368228.7972,369175.3873,369280.9882,368548.1384,366126.8635,363340.5673,360708.8,358803.8335,356574.7785,353642.2295,350294.3285,346361.6116,341690.3371,336712.7984,331279.943,326403.9616,322589.4727,318970.8372,314952.0246,309435.7276,303973.1272,297188.3538,291630.1468,286825.921,282986.6256,278604.7511,273980.9662,269621.7844,265014.653,260532.1939,257610.2338,254655.1273,252000.4806,249611.5194,248300.7544,248270.4449,247486.5282,245735.1227,241964.1851,238108.1088,235978.7265,235078.7428,234150.0129,232667.5922,231636.4415,230978.0012,230532.5757,230461.9588,230336.3571,230261.5412,229195.096,227176.7517,224874.5169,223004.6151,222215.3848,221891.4708,220892.5306,219924.0358,218439.1036,217411.0289,217004.553,216111.7648,215703.9225,215491.4838,216090.1257,216743.2726,217625.3133,219666.9939,222601.6606,225383.8985,227421.7128,228726.4303,230013.429,231142.7004,232678.5104,234324.8171,235936.0871,237710.3217,239345.3966,241525.2341,243495.195,245854.901,248337.4709,250419.8976,252513.2398,254749.639,257647.8188,260411.28,262942.4933,266020.041,269076.9475,271962.3323,273721.7629,275461.2689,276985.1093,277661.093,277858.3492,278105.4027,279318.9368,281011.0719,282529.3736,284526.9995,286138.5337,288450.6011,290205.6493,291883.0366,293032.6104,294018.358,295666.9024,297474.6679,300242.2506,303033.6545,305456.0167,307336.2179,308599.8077,309889.429,311345.9943,313298.3833,315261.8218,316342.5389,316715.6656,317295.7013,318515.2997,319715.8756,320429.3601,321265.8176,322486.8421,324514.0997,326221.2331,327948.2511,329835.7568,331799.9759,334027.0419,336109.0332,338485.2386,340915.8585,343141.0535,345056.7269,346619.0464,348587.3672,350809.4736,352654.4399,353509.9374,354727.4028,356110.2868,357318.6309,357742.7922,358674.3318,360491.3492,362237.3247,362872.9122,362297.4198,361673.9971,361517.6069,361921.9953,362502.677,363020.5046,364338.9547,365951.6491,367963.8878,369337.5724,370898.3083,372279.9515,373649.4414,374349.6411,374204.7883,373683.7964,373706.9878,374991.635,377599.6921,380776.7685,384861.9635,389557.4273,395054.3528,401135.5584,407875.2592,416071.0363,426811.1389,439954.3213,453795.065,466094.85,476252.4936,485850.2732,495059.5859,504646.9115,515587.2648,529248.0451,547250.5393,567057.9892,586113.5855,599571.9743,605408.053,604229.4682,600091.5693,597489.5593,596613.4286,594816.4152,592866.8639,590201.4973,589375.3584,587265.6911
144621.2772,144904.5996,145106.5486,145464.1497,145535.8566,145153.7516,144685.8869,143992.6225,143872.7064,143792.0049,144226.7966,144250.8564,144172.9768,143895.3015,144124.0997,144581.1114,145140.6937,145533.3207,146235.1542,146944.3004,147738.3559,148204.1478,148843.9233,149525.2049,150222.0493,150926.8626,151578.7579,152277.7083,153061.2116,154061.7541,155343.8789,156503.1043,157298.8986,158025.7701,158669.7866,159814.372,160853.575,161960.2459,162969.8468,164216.5915,165530.2065,166838.2823,168069.5102,169490.1254,170735.8736,171731.1781,172526.0853,173530.2385,174699.8975,175957.766,177223.0267,178606.095,180315.2024,182346.1888,184976.114,187575.037,190187.4006,193064.1135,196605.8191,200152.9647,202325.5983,204180.5666,207063.9688,210845.4123,215269.9866,220676.4658,227326.5203,234611.3368,239016.4353,241952.687,242646.5495,245197.6355,248614.1239,251819.6059,253528.4727,254936.0643,256443.8603,257394.107,258555.5143,260488.9061,263188.304,264221.728,264041.1297,262024.926,259571.3268,258739.3763,258214.9902,257279.7471,253436.5651,248830.3276,242902.0974,237185.793,232173.2508,227487.3648,222897.3601,216983.1461,212023.2115,208247.09,206074.4762,203672.6598,201082.1995,197803.9574,193906.7597,188949.9805,183675.639,180199.3845,176765.315,174543.9224,171812.7995,169590.8285,167195.358,164573.2095,162376.6373,160549.724,159437.1135,158287.8586,156968.4358,155260.9632,154324.8938,153686.662,152333.6323,150011.7868,147440.752,146405.4255,145554.8592,144617.6177,142872.9465,141382.2181,140249.3158,139174.1297,137872.3241,136228.7076,135038.7201,133969.8031,133350.3837,132312.6453,131381.7814,130295.265,129313.0909,128143.2444,127365.0974,126780.3443,126817.6967,126375.0727,125991.1419,124470.878,122346.8289,119739.1986,117692.8961,116130.5695,115043.258,114281.7115,113972.3631,113507.6374,113140.3397,112753.3594,112735.9213,112853.6369,113274.7077,113726.4551,114209.6615,114626.7666,115189.0496,115906.4999,116471.078,117018.4476,117611.0597,118818.8046,120312.5527,121945.7738,123356.0888,124759.2821,126459.3891,128268.6499,130097.6136,131685.5271,132971.7516,133698.972,134323.8656,135115.3671,136315.478,137335.9137,138406.8853,139402.4598,140308.0581,141104.7697,142035.6472,143275.4034,144353.3723,145314.1076,146235.6914,147198.1152,148382.33,149554.3763,150664.6579,151492.7475,152320.2901,153172.3475,154107.5667,155167.8872,156456.753,157523.0537,158435.6078,159211.1136,160064.2536,160908.3807,161765.0818,162758.1332,163750.4773,164663.1884,165494.47,166414.0166,167349.4724,168496.8359,169480.6875,170581.9586,171610.8233,172770.3839,174073.7336,175192.6762,176232.5739,177158.7585,178329.1344,179668.1136,180822.2714,181644.2553,182120.1918,182784.5442,183390.8833,183966.1245,184099.2761,184375.281,184877.3333,185896.108,187125.4069,188686.7499,190368.2397,192551.6624,195088.2604,197840.0835,200451.8517,202824.8784,205105.6123,207160.4774,208769.412,210107.9306,211458.81,213362.0605,215655.1537,218313.8509,221176.9516,224147.1987,227240.8999,230220.9237,233270.1686,236390.6487,239871.3064,244164.5776,248794.2021,253482.3092,257475.4864,260913.039,264017.1547,267031.8078,271358.6343,276608.2873,282522.7996,287768.731,292928.1647,297993.8705,302281.8653,304695.0167,305313.757,304805.094,304000.3824,302652.1821,302184.6362,301603.7719,301706.2705,301013.258
49896.33548,50329.10236,50357.6764,50165.12052,49533.93273,49074.83762,48516.74,48109.59986,47621.50148,47763.94153,47965.67893,48397.30587,48941.47813,49504.54411,50375.22969,51022.10007,51798.53783,51544.43469,50822.2317,49734.99539,49972.48061,50907.05167,51912.04268,52037.26783,51936.86056,51924.88883,51888.19,52094.40291,52166.65614,52512.70418,52641.07761,53122.44361,53349.8067,53754.84949,53771.45266,53994.55351,54213.41101,54720.29827,55362.95879,56191.86073,57614.61278,58890.27774,60563.04652,61882.76727,63308.10351,63802.34245,63980.82458,64139.89282,64560.11022,65136.34378,65684.00084,66479.72603,67182.19031,67699.72069,67898.86775,68193.79163,68514.93697,69097.39784,70139.44504,71291.48293,72606.58644,73870.37455,75553.37189,77253.57384,78566.11983,79950.94375,80945.68093,82306.26208,83550.39742,85410.12413,87823.92775,90882.58254,93931.96463,96787.78572,98953.14845,102342.6085,106662.9001,111111.1753,113490.3679,113465.4451,112678.5721,112255.598,112344.8331,112746.7435,113695.2365,115590.6789,116750.3676,117994.3427,118837.5512,120858.0966,122270.7645,123611.2396,124194.9184,124062.1549,122166.2896,119328.212,116095.6934,113352.5399,111257.7923,109269.5086,107105.2748,104536.9629,102110.1792,99858.63864,97919.01315,95916.28507,93012.28799,89678.01093,85240.75378,82197.07318,79892.10478,78353.20235,76986.17463,76561.79111,76311.34043,74636.51235,71613.14826,68526.5004,66597.6003,64771.35492,63167.24952,60998.77233,59442.91736,58045.78776,57379.16431,56088.46336,54358.99276,52510.85296,51217.74434,50226.58439,49589.04771,48970.67307,48415.51521,47660.80443,46353.19443,45324.24006,43953.39205,42834.78114,41823.54754,41496.39595,41673.81451,42287.15109,43140.49681,44031.09854,44821.32734,45295.20133,45391.19271,45604.91397,45862.55657,46162.3108,46215.6779,46325.41265,46681.75147,47228.92064,47963.59551,48832.83914,49846.78229,50747.50912,51688.78138,52633.25195,53659.55643,54338.73288,54953.7362,55405.98914,56116.05892,56811.79069,57715.81409,58723.49256,60034.55893,61473.42723,62760.56516,63514.00048,63719.20768,63572.81246,63682.03415,63975.24143,64441.84329,64623.90832,64978.10768,65281.23351,65535.72063,65397.15642,65162.83613,64764.80148,64536.34425,64306.26881,64704.99872,65328.06239,66277.0198,67136.12355,67727.74044,67911.44034,67761.87838,67899.13835,68585.20345,69931.37285,71454.58923,73190.77626,74713.2283,76199.78469,77495.11183,78514.29161,79524.38319,80423.96297,81956.07329,83704.45191,85795.68462,87792.10784,89435.71889,91210.15169,93215.03525,95588.35207,97420.00329,98775.26815,99224.65666,99474.80525,99633.85483,100399.5559,102186.7633,104198.7509,106141.0237,107945.5001,109766.7913,112087.5339,113832.9691,115788.9061,118301.0179,121778.2923,124696.8441,125910.8606,125970.8308,125718.899,126151.7085,126484.5175,126602.9043,126479.0561,126525.1434,126906.7139,127419.5605,128239.95,129686.9846,131420.1574,133257.8478,134925.244,136063.5183,137397.6388,139147.3937,142140.2265,145275.2235,148406.1745,151430.7147,154339.0478,157956.6404,161918.9917,166331.7726,170023.2729,172658.6296,174365.2267,173132.6152,170841.4529,168135.0028,167718.9343,169083.0007,171432.1956,177343.6922,185509.2569,195422.4055,203573.0852,209793.2851,214269.5189,217274.5123,219251.8751,221178.6516,223208.5859,225311.093,226728.0614,226513.0823,226511.328,227365.7894,229592.1906
94094.82643,94199.78208,94393.74298,95019.8254,96010.9098,97146.8855,98141.60237,98981.58121,99749.17454,100602.6998,101518.3484,102486.28,103247.2906,104178.5942,104968.4596,105925.2085,106721.2739,107889.6867,109205.815,110534.3552,111669.8045,112761.4018,113997.3786,115399.3224,116781.8415,117757.1638,118572.07,119514.9132,120716.1582,121966.9982,123257.0114,124874.4484,126541.105,128021.7094,129399.8147,130996.435,132643.8276,134364.4822,136066.8092,137891.7565,139732.4378,141412.459,142980.2368,144422.5346,146055.1851,147715.4547,149307.3495,150475.1423,151465.294,152488.0554,154276.6332,156362.1258,158844.8426,161454.0781,164803.9732,168227.255,171487.6398,173996.3734,175892.5585,177992.2199,181095.3021,184966.0873,188939.3144,193729.2369,198947.8611,204397.6062,209499.2419,215123.3571,221501.15,227106.9208,231989.5381,235178.7105,237805.1342,240553.9406,244461.2375,248406.382,250416.8803,251111.2926,250940.2679,250988.579,249596.5564,246411.8783,242822.1803,238954.9551,236659.1077,234592.6068,231443.8582,227381.8294,222968.2419,219062.7625,215554.8952,211739.867,208975.9218,205700.5799,202314.5115,197276.0298,193216.4014,189916.1012,188199.49,185555.8755,182434.7781,178952.9305,175491.9864,171587.1905,168005.1525,164497.677,161181.0376,158175.2081,155319.2008,152522.5538,149594.2589,146985.4363,145369.2377,143979.3687,142678.5519,141105.6886,139550.8205,138090.7918,136970.7896,135867.2401,135195.7027,134135.5565,133208.6408,132783.8075,132793.3714,132939.3007,132244.4179,131081.985,129641.5948,128658.4812,127891.9146,127436.2075,126498.4204,125083.498,124217.7332,123676.3739,123285.6294,122059.9385,120028.9029,118275.5931,116857.6124,116655.3416,116649.5046,116976.8178,117105.3194,117639.0464,118441.089,119459.5591,120348.4648,121283.7944,122248.6536,123360.3907,124417.9974,126112.9849,128123.3646,130570.8769,132599.3754,134220.1281,135379.6294,136428.2671,137324.5999,138150.3464,138834.9139,139760.9764,140619.2915,141642.9431,142955.0261,144838.2194,146409.79,147812.8844,148873.4541,149710.8292,150438.7547,150978.1488,151710.3983,152218.4979,152710.7047,153398.662,154299.5786,155306.4579,156166.5208,156901.934,157410.7076,158038.5954,158702.0292,159535.3138,160537.8389,161878.2556,163365.5177,165523.2788,168080.0565,170429.7619,171804.9328,172684.7534,173456.6672,174669.4878,175737.3881,177097.0664,178426.7306,179782.6679,181054.6358,182566.3906,184335.3412,186655.0387,188601.5649,190650.5073,192121.6746,193724.8354,195165.768,197114.9859,199661.6879,202341.4837,204644.3459,206759.318,208814.2109,210878.3501,211787.2424,212457.0893,213178.1134,214556.2577,215987.1722,217247.3206,218903.9791,220636.7504,222609.3145,224497.008,226272.0763,227850.5034,228616.5871,229149.0745,229086.4533,229308.061,229589.4951,230102.8066,230679.1179,231126.3705,231952.1657,232873.7692,234191.6434,235354.0662,237468.6712,239536.7541,241556.486,242445.6221,242483.8779,242256.1545,242230.7479,243031.149,244888.3936,247598.9411,250977.0856,254017.2556,256456.1475,258781.8105,261862.0992,265950.6855,271275.6438,277473.1107,284787.9569,291930.6427,298818.5232,304615.8216,310095.4262,315238.6404,321790.6736,329501.44,338789.7694,348523.6896,358453.0618,367631.2104,373611.5885,375942.4402,374904.5313,372944.8706,370932.5665,368470.3576,367360.98,366378.1928,366923.8721,366975.0844
162307.5204,161934.8329,161639.6513,160966.3246,161149.942,162160.0911,163319.6222,163526.4381,163256.3746,163313.2666,163443.719,164173.8578,164975.702,166346.2452,167036.3812,167756.9613,168940.406,171238.7689,173006.5695,174500.2379,175225.7278,176846.6006,178598.1817,180637.1721,182169.9957,183140.5919,184589.1451,187071.7189,189969.6915,192429.7669,194496.6397,197140.0664,199742.8847,201874.5213,203378.8299,204873.0316,206721.4643,209151.5364,211053.3243,213195.7571,214653.3611,217070.4864,219802.3524,222662.8728,225780.8679,229369.7784,233063.6779,236484.4678,239421.5505,243413.4585,250177.2233,257402.7092,267462.8137,277576.5262,288585.0582,298323.9688,305985.3806,312864.0525,318761.9919,326300.4144,334377.7113,342509.7732,349284.3836,357041.8075,364320.1256,371017.28,378432.5459,388410.8815,398233.1914,406373.623,410205.1838,414670.1357,418307.452,423970.3505,427273.4466,430475.0249,433268.5569,435832.4943,436116.5777,433062.8334,429607.7752,426260.535,424786.5195,422557.7984,420643.4719,417028.7016,414554.7946,411324.4798,407483.5241,401680.905,395426.4171,388903.2543,383951.3633,378649.5694,373317.8554,367185.1553,361629.161,362330.1118,364650.3401,365873.9246,360499.6882,351652.0946,340332.2721,329413.2174,321578.9835,317525.7151,314548.6821,311234.56,308295.482,304166.1584,298466.5501,291776.519,285397.383,280522.0683,276363.41,273355.6457,270710.5457,268846.6535,267659.3304,267203.5525,267686.5098,268385.8064,268426.7404,268328.0473,267960.2145,268018.3194,266431.645,263476.9945,259277.2958,255374.4932,253158.4098,252315.5324,250837.6287,247824.2515,244038.9142,241108.042,239512.8273,239281.857,239849.7888,240370.4446,240218.3004,239707.3462,238672.0307,238032.3491,236520.3176,234148.9781,230337.0954,227141.3282,225352.6084,224518.4678,224082.0718,223831.0964,223749.4252,223922.7118,224693.3322,225871.13,227267.2401,228780.7909,230925.2518,233593.5052,236307.3297,238887.1546,241487.0389,244635.7563,247483.3435,250066.359,252369.4732,254787.9918,256869.5406,258454.657,260203.9552,261919.8172,263757.5373,265077.794,266741.4629,268355.0652,269929.6815,271013.647,272237.5581,273851.2426,275704.9728,277475.9208,279058.0155,280690.5738,282394.3017,284320.3618,287038.2348,290749.5679,294502.6573,298006.6508,300547.639,302198.9359,302962.6814,303158.2335,303805.6456,305102.5629,307194.6769,309431.8572,311638.9304,313752.7958,315850.4228,318385.4933,320495.9258,321829.6477,322786.612,324423.6081,327243.6897,329847.0638,332260.2715,334400.7613,336951.6174,339793.2459,342845.9926,345895.7202,349346.3194,352785.2788,355877.5735,357706.9012,359368.9777,360832.8564,362418.7971,363402.5756,364899.6078,366316.2412,367885.7667,369407.4293,371431.3902,373817.3645,375702.8613,377091.416,377735.5207,377864.5965,377514.0714,377419.1955,377533.7965,378203.6317,379812.4698,381901.7318,384861.6066,387836.3707,391397.7121,394442.4197,397306.3095,399675.3249,401306.5857,402174.0435,403180.2497,405549.0108,409895.7995,415296.381,422360.9784,429882.3596,437455.7858,444357.4367,450505.8767,457582.6035,465634.4849,474892.4627,483463.9841,489995.7993,494746.2418,498337.3811,502900.2022,508612.7693,518961.5288,532605.5693,548634.5819,563387.1638,575294.9856,584318.2943,588993.0076,588981.0185,585509.061,582312.2639,580303.5567,577797.2809,572287.2198,567421.5459,566277.9942,569048.0776
149353.7879,149143.9599,149081.9959,149305.8167,149959.2695,151083.8434,152244.1573,153253.6965,154182.8977,155179.3944,156140.7312,156779.2862,157325.0062,158311.7292,159374.1875,160094.8885,160206.8678,159773.93,159696.7932,159926.738,160679.4575,161274.6291,161876.8785,162553.7308,163097.0745,163571.8395,164131.9326,164852.5351,166026.213,167145.2323,168187.9274,168968.9185,170056.2553,171092.9333,172374.0799,173680.0116,175143.1655,176437.3891,177760.8016,179229.8226,180419.6245,181276.4992,181979.685,182729.07,183614.915,184732.1496,186148.2518,187577.8745,189035.4604,190372.8747,192188.4177,194198.3241,196798.5638,199757.3988,203333.9076,207611.4633,212146.6285,216234.8917,219256.7537,221774.1283,224847.1971,228699.7646,233855.5342,240427.8382,247658.1214,254967.9317,262445.7445,269827.608,277455.6666,285712.703,294029.5914,301292.9191,306377.179,310285.8646,314786.3873,319427.6018,323384.8362,326041.9054,327559.6322,329413.1973,329647.6631,328483.6575,326981.7676,325887.2557,325987.3325,325996.8439,326549.443,327700.9064,329042.1509,329038.1885,326386.427,322865.9341,320005.3896,317590.3319,314959.6153,311418.4745,307337.6506,302996.1673,297060.5053,291658.374,285333.8544,280801.7482,277168.1131,273681.2604,269583.6073,264859.2338,260286.1061,256802.8609,251867.7473,247592.7239,243602.2165,240476.3761,237656.1444,234009.1732,230648.8488,226017.0049,221899.763,219674.8688,219002.3478,219702.6143,219297.2556,218983.8179,217564.6915,215481.4909,213568.764,212127.6102,211905.8004,211826.4642,211629.0868,212017.1603,211774.6914,210054.5468,207091.9663,204506.0772,202000.3412,199433.5026,196230.5322,194867.502,193165.1119,191841.9071,189402.9361,189264.419,188493.4851,188275.2315,186589.3144,186426.0386,186614.2623,187633.3819,188542.1361,189323.7011,189587.3645,189406.7864,189383.2564,189319.2577,189977.5929,191814.3118,194569.5377,197570.3195,200075.6442,202014.2676,204033.0185,205347.4946,206257.0193,206938.2332,207703.0574,208173.3781,208372.2343,209164.8031,211068.6604,213504.536,216105.3983,218464.0961,220649.0071,221972.9718,223371.2924,224361.3591,225636.127,225735.5481,226099.4495,226883.3367,228889.3711,231180.035,233406.8656,235409.1504,236575.0462,236742.2386,237108.0309,238264.0528,240404.5773,241819.2805,242842.9841,243457.0409,244506.3819,244525.0235,243628.8404,242814.7483,242594.4851,242610.8577,242003.2933,241974.1813,242426.1988,242544.8827,242821.0525,243185.2704,243658.3704,243223.3107,242137.1467,241413.8774,241363.6692,242449.2481,244236.8351,246151.5347,247857.2482,248598.6168,248544.6893,247668.4706,247425.3039,247838.6042,249371.8561,251004.8573,253079.7139,254807.7186,256918.9732,258978.7809,261310.9402,261816.3174,261235.3077,259910.8408,259891.8642,260601.3524,261871.778,263081.0414,264112.7622,264789.528,265534.4273,266085.2485,266767.5402,267242.4127,267943.527,268453.3294,270034.7386,271940.8402,274169.3567,275583.8816,276330.3428,277156.0451,278476.3008,281092.5983,284494.591,288065.8381,291607.9776,294924.0834,298494.6144,302159.6596,306150.5886,310424.5605,315420.4348,321522.0655,328154.7453,334496.4981,340380.9567,346756.9682,353940.4346,361408.3569,369563.0894,378768.0985,388755.5092,398005.8381,404918.3737,410141.4163,412653.0935,413199.0295,411487.4283,410331.0821,409822.5651,409215.569,407919.9217,406763.5831,406763.4023,406630.2341
353715.6325,355600.7668,358050.1795,363069.2997,368682.7797,375543.8194,382563.7242,389556.1983,395413.9951,400697.2642,405922.9954,410961.6079,415588.4475,420300.3239,424773.9177,430198.8036,436031.4926,442432.9661,448661.7419,454224.0633,459449.3455,464495.0138,469745.5319,474647.9044,479065.2903,482875.5159,486847.1084,490942.5204,494880.2659,498082.9127,500759.6034,503257.2488,506338.8935,509849.7396,512743.9272,515404.3933,518178.7887,522208.4969,526391.4492,530295.454,534629.1724,539033.3231,542508.004,545034.9898,547969.204,552173.3733,556337.6756,559536.4764,562162.8083,564457.3718,567086.79,570833.5433,576717.6216,583828.5571,590968.0712,598377.2758,605742.0479,612249.2401,619110.0523,625713.7324,632658.1882,638662.3704,645810.8213,652992.3786,659832.9651,665295.8602,672317.9299,682398.242,693273.7488,704686.8188,714256.7705,724770.2035,735300.4436,744379.8035,755023.1023,763803.7807,769180.3031,767734.709,767538.1825,767754.1204,767733.9851,763828.7884,763501.9935,763530.8847,764187.7798,757570.9451,750110.4192,740073.5743,728390.9227,715206.6917,702763.4065,693043.6724,684157.4852,671424.0692,656214.3226,642654.5731,631632.0796,625711.268,621044.5506,617303.4145,613445.9038,607743.4898,601956.7347,596062.6913,592314.6612,589169.419,585085.7436,580470.0221,576309.904,575861.4677,574422.4831,572210.5037,566488.9876,561112.2095,556056.3093,551650.5348,545388.1203,541596.3252,541843.1913,544999.2264,548221.297,545622.0728,542718.4098,540079.0246,541550.0551,544122.9666,545961.5612,544908.0364,542460.0413,538246.3908,534589.0796,532280.5237,531579.5869,533795.5905,533290.1258,531551.878,527855.5713,527428.989,527732.6957,528358.1081,526991.7235,525002.3929,523640.6798,522547.5851,522618.1209,522698.3505,522766.8189,522396.7606,521448.3583,520655.1313,520437.1202,520806.5611,522326.3135,525032.4656,528080.4522,530758.9432,533423.2639,535729.5923,536421.1341,536765.5362,538568.369,541731.3684,543818.3104,544051.0732,545329.4267,548353.5614,552391.1089,556805.4278,561613.4249,566898.2977,571314.5441,573547.9486,576198.8662,578195.1617,581453.7892,583293.5914,585986.6451,588746.2452,592465.4548,596287.1792,599748.1442,603077.1507,605842.8569,608351.2265,610842.4404,613492.1674,616504.0391,620241.9312,625492.4333,632489.1318,638533.6368,641909.7072,644208.1879,647059.5455,650076.4565,652340.3733,652886.4617,653993.4285,654745.2677,656346.1566,657760.8818,659766.2745,660895.6702,661131.5189,660906.9084,661212.0289,663339.5435,666412.3549,668742.4749,670408.9869,671516.4135,673314.3747,675470.4,677670.8585,679460.3654,680546.3545,680779.2649,681617.8643,683363.656,685971.1289,689499.1433,692560.7842,696232.7416,698751.3565,701182.9373,703174.0115,706484.0367,711307.6074,714972.116,716408.2501,715999.9643,714745.4899,712542.614,710589.8927,708648.8466,708014.3128,708304.8951,710488.8017,712223.3501,713835.5656,714618.722,717364.8518,719198.634,720421.7514,718529.8981,716508.0511,716346.2328,719920.9156,726277.4215,733519.8045,741687.3702,751207.5536,762169.8025,774339.3819,787118.4649,802306.5324,820559.2896,842059.8471,863354.2988,882744.3138,899278.2071,916194.684,934773.3466,953598.8615,975650.1785,1000126.989,1029154.407,1059383.458,1087963.774,1112897.965,1126185.456,1129424.809,1124128.612,1119289.595,1115021.567,1108604.205,1096072.371,1072885.106,1045218.983,1014884.369
54028.91267,54214.88096,54321.97966,55195.26474,56113.43117,57012.69028,57399.38835,57646.11969,57842.45897,58144.77655,58546.29014,58951.79736,59050.27279,59189.85272,59391.46059,59700.81805,60040.85111,60496.32238,60853.14872,61083.64266,61248.75583,61098.32909,61321.58984,61389.57815,61940.74657,62139.04054,62560.86527,62938.12817,63237.52342,63563.32162,64065.19197,64742.2436,65359.73043,65797.85856,65972.79826,66303.45057,66766.23848,67560.11371,68174.18212,68929.50972,69809.72001,70601.85941,70922.59553,71043.33427,71214.05735,71340.60213,71189.99959,71156.67441,71015.93917,70785.60936,70307.79423,70355.46922,70895.04051,71997.92779,73143.73376,74159.63058,74834.26481,75087.20983,75593.52225,76684.25251,78011.56533,79475.45843,81125.52688,83126.42696,84633.0019,85363.73512,86169.84026,87335.39475,89455.17958,91748.55136,94116.40988,95837.36803,97611.22739,99505.36763,101604.5273,103686.6075,106190.5055,108992.2018,111757.4779,114938.8104,117106.6636,118128.4229,117284.333,116673.7718,116528.8162,116060.8292,115416.2028,114804.9705,113836.0033,112008.1856,109971.1007,107411.0848,105101.4441,102371.1178,101691.0973,101612.0123,102118.5606,101769.7218,101783.2958,102246.2926,104233.7005,105651.6819,106630.3605,105808.4941,105496.1678,105847.0392,106091.9674,105299.1226,104011.2376,103479.246,103141.6673,101849.3487,100059.9337,98526.042,96862.33949,96073.77267,95159.86108,95396.35922,94983.3051,94287.69356,93627.89874,92983.39757,92389.70714,90808.24727,89870.85722,89621.518,89713.47448,88689.95674,87851.74261,85718.13239,83498.92803,80252.02308,76944.58658,73475.45895,70356.66944,69350.11809,68948.79818,68824.35498,68638.4121,68679.52836,68318.12353,68658.10189,69412.26612,71093.50758,72314.86813,74010.85448,75343.25635,75844.63545,75542.64904,75290.87026,75289.42603,75604.06935,76234.4318,76978.51862,77658.26805,78450.17582,79271.83546,80341.04951,80970.09384,80932.89234,80165.42046,79461.44117,79229.75448,79399.30008,79621.07142,80346.87261,80921.78668,81531.93796,81534.53482,82006.40883,82115.96929,82459.90062,82334.77563,82422.51555,82399.22786,82473.5445,82711.65926,82869.66555,83392.75717,83931.29048,84134.51166,83832.629,82959.49991,82460.42658,82373.01656,82616.08092,82664.59788,82698.60165,82932.26171,83232.03975,82798.33211,82287.12155,81979.25718,82424.00957,82787.91855,83079.42517,83296.81992,83947.92097,84866.6046,86292.06548,87772.31107,89390.72899,90343.38041,91059.02358,91759.46568,92929.80198,94199.75199,95188.32786,95649.4412,95837.15836,96443.71408,97291.83921,98291.59193,99203.81978,100260.2518,101743.0246,103141.8748,104511.1234,105869.2291,107166.3636,108552.0205,109498.8421,110372.4294,110934.6621,111344.9233,111775.8164,112655.4217,114188.9091,116339.6406,118764.33,121242.6415,123014.9339,124187.2626,124534.2288,124929.7014,125421.4484,126138.5004,126854.4948,128064.6904,129815.258,132470.5117,134431.0792,135906.9541,136361.4355,136557.8633,136560.5878,137171.4123,138618.328,140950.9153,143025.6934,145079.991,146734.1608,148139.3464,149105.0672,150095.3876,151532.9481,153677.8038,156609.7567,160369.2423,164504.752,168032.9671,170770.1289,172937.8247,175226.6175,178059.2537,181553.6655,185400.8995,189546.7177,193327.2741,197234.5327,200078.1288,201792.4871,202332.771,202909.9057,203173.9121,202901.3825,203615.9905,205231.8346,207116.7751,207156.7515
218680.7211,218617.6048,219036.0545,220324.9883,222350.272,224944.7617,227733.0668,231067.7519,234377.0064,237548.3401,240370.2636,242929.9907,245027.3596,247600.0605,249790.1083,252614.3692,254252.718,255849.0473,257024.5623,258646.6902,261031.5341,263153.1308,265597.6082,268003.1452,271258.4161,273616.4513,275720.3374,277360.5115,280104.9493,283303.2485,286223.6237,288873.5306,290773.4721,292694.3305,294392.848,296712.7116,299287.8107,302454.0143,305876.2693,309616.718,312496.4384,314492.0868,316100.5243,318073.3098,321160.0341,324750.3365,328433.8743,331492.0975,334341.8717,337304.7082,341354.8263,346039.4713,351489.6847,357561.3365,364836.4921,372901.0106,380104.8323,386132.0622,390731.0064,394965.305,400303.7476,407264.9524,414988.3197,423797.2816,431986.5383,440850.5496,448998.7772,458596.7649,469823.976,479375.6795,487605.5794,492657.8563,496892.84,501847.0927,509328.2314,517750.2543,522285.2099,523844.5887,524100.8647,524883.3222,523210.4243,519136.0581,514500.6373,509474.2357,507519.2567,507250.1528,506413.9136,503841.5632,499245.4848,493434.204,485288.781,474725.9592,466705.3715,459718.5156,455461.6161,447982.3712,441941.0616,434787.3986,429745.2003,422819.9019,416803.1657,411921.7883,408631.0873,404194.5581,397696.437,389880.4727,381585.3831,375045.1129,369260.2243,363700.543,358383.8806,352261.1322,348937.8045,346074.0789,344676.5988,341514.0249,338229.2258,335277.0812,334285.9283,333863.86,332947.5533,331897.3419,330815.474,330396.906,329172.9189,327108.2459,324255.7859,320725.0913,317940.6417,311584.5719,304192.31,295465.9506,289536.3564,283982.9514,280675.7549,278581.768,278003.8521,275848.3258,272493.0211,268898.6996,265273.8972,263647.4382,264274.1099,266846.8769,268802.3542,269706.9033,270833.1405,272495.6242,273605.8485,274652.7612,275843.9393,277239.5984,278236.8767,280263.0563,282436.0332,284897.7926,285983.8923,286142.6343,285819.2302,286383.5746,288540.219,291688.0583,294424.8323,296964.8336,299022.503,302096.9197,304723.3339,307561.414,308836.6732,310152.3459,310682.7263,311742.9051,313003.8669,314256.8772,315531.2759,317004.2177,318541.2319,320605.3046,322745.77,325945.3054,328457.7039,330927.3661,332481.9361,334167.1573,335504.039,336732.4824,338443.9226,340988.8874,343996.0943,347664.0374,350636.4528,353015.9477,354291.3524,355725.3432,356639.6598,357356.4294,356832.35,356859.0841,356824.0378,357460.1154,358397.1567,361520.2229,365464.4522,370059.8337,373245.8173,375920.213,377503.5011,378570.6824,378931.9813,379655.1342,381370.0805,384556.3277,387875.1258,391334.8047,394140.3491,397333.1779,398683.7275,398974.5588,398688.7911,399671.1391,402128.8493,404152.304,405747.3873,406666.4902,407778.4128,409217.303,410835.7967,413271.0198,415803.8128,418690.3063,421532.3331,423918.4248,425281.3677,425760.5333,426010.73,426924.5819,428480.6457,430881.6563,433404.6039,435949.679,438963.0155,442660.8305,446610.434,448785.4765,448678.6315,447305.1892,447731.2272,450719.6092,456257.3279,462437.1697,469965.289,477399.4285,484588.3674,491611.9776,499313.3865,508800.0808,519774.6302,531705.1673,544023.9056,555360.0823,566168.1029,574874.5026,583629.8541,592429.623,602488.4532,614004.7006,627959.2399,645059.4738,659648.3797,671779.9243,676848.3634,678857.3253,676258.1961,674616.1789,673145.2855,671095.1634,670682.6212,670336.4928,672775.8874,675324.977
342768.07,342906.3252,343578.555,344741.4432,347002.6968,349789.917,353609.0921,356557.3437,359645.4683,361921.5333,364484.5366,366407.2999,369143.5489,372191.5686,375414.535,378698.4272,379591.9174,381520.3617,383481.4908,387619.8328,391619.5481,395729.4878,400431.1236,405597.405,411479.7531,416578.1083,420620.1908,424480.2109,428986.2057,432760.9789,436204.5688,440314.6759,445478.8365,449691.9554,452951.4889,455919.497,458772.9192,462108.7713,464765.0878,466903.3551,468561.7949,471344.9369,476298.3752,481600.0839,486733.8844,490171.6343,493716.7906,496393.3565,498698.9015,500709.2178,504071.0246,509847.5657,516493.4129,523841.8387,531001.1809,540972.9052,551012.3033,559766.7974,566932.662,574569.2107,583375.3344,591511.477,601158.6377,610940.188,622781.0782,634575.073,647708.5072,659648.852,668620.0245,677539.1231,684247.7466,689892.1865,693418.7003,698336.1961,706079.5964,715126.7094,724210.4218,728550.8324,727432.9909,724243.2586,722773.1424,722188.7377,720361.9028,716189.3718,713753.1602,710143.9625,705283.0293,695721.1056,684906.5011,674539.8381,664542.1226,655191.4392,647808.2659,643007.4588,637246.2829,627241.5824,616570.8084,604690.0584,596138.4561,586878.5829,578537.7463,568250.7404,558922.915,552042.6526,544965.3369,536837.972,527754.9274,520601.6459,514805.6926,508026.1512,500995.6443,492912.8306,488269.5986,483893.5388,481536.8503,478018.7345,476047.6873,473958.4911,473194.0391,472298.7178,474329.6424,476454.6975,477674.5642,477999.0347,478537.7542,479514.4809,477622.6887,473964.0834,470973.1642,469077.8633,465491.7842,463193.0099,459694.6544,460195.9614,457887.679,456628.5642,453316.6251,452493.5996,450718.9709,449192.1821,446747.1326,445148.6661,443508.064,442331.3617,440520.627,441165.9174,442699.0993,446467.48,448075.368,448782.6374,449706.4586,451038.2318,452730.8224,453701.406,456303.8278,460357.9976,465598.9793,470825.7098,474489.104,476301.7343,475201.9837,473761.7698,472789.0162,473537.7677,475187.2805,477082.6375,480631.0024,484984.1147,489397.0124,492896.4104,495351.0625,497072.5993,498146.2887,500116.0615,503934.0276,507644.525,510262.5942,512752.2349,517205.2454,522346.9534,527639.5781,532799.6104,538051.3618,542751.3173,547302.2194,551986.8385,556517.948,560311.9534,563896.7127,567933.7197,571286.9125,574006.6416,576220.9441,579494.8105,583392.8519,587132.6399,590242.46,593076.6035,596208.4893,598977.1458,601756.7671,605060.7834,608332.4541,610147.6268,611682.1878,615514.4821,622087.5184,628955.3981,632864.8457,636589.3047,640666.5211,646982.0813,653077.6557,658566.8804,664010.3945,668937.7966,675147.8644,679713.2346,684837.6182,690439.8097,698125.1503,704962.1221,711704.9226,717638.7647,723617.3896,727878.192,733194.4134,738770.8548,741063.7826,738806.513,733805.9459,728485.0047,721901.7589,716429.4642,712225.5764,710913.4611,710112.0717,712150.2948,715533.9595,719978.8038,723718.9006,726844.7517,728635.8644,729258.8056,727786.7867,724737.0675,722316.3074,723299.45,728531.9162,736124.3609,744612.4628,755677.4285,765736.6574,777023.7638,786813.9464,800866.5343,819019.2043,843055.7921,868575.9476,893686.6109,917488.7665,943662.6038,969909.8018,997919.9597,1025455.804,1057826.042,1093672.717,1136357.602,1181433.122,1228756.035,1266647.043,1289072.15,1294496.434,1292467.678,1293477.873,1293545.172,1292711.199,1290575.489,1293999.646,1300546.555
84803.51974,87221.9764,89056.06491,91566.92053,92641.18405,92939.51346,93674.00872,94097.86567,94350.10385,94408.99905,94395.26465,94676.13642,94752.26737,94971.8907,94963.03451,95094.56668,95461.60382,95966.57223,96873.81813,97701.05009,98263.56559,98082.52512,97536.80128,97457.4357,98073.4878,99469.44037,100979.3742,102454.2821,102628.8783,102317.6952,101400.1878,101209.4837,101086.2493,101457.1653,101823.2629,102239.6421,102466.1964,102460.6315,102085.8873,101650.7336,102122.3936,102984.4953,104411.6428,105160.0852,105747.1741,106189.5363,106906.4644,108282.4072,109633.8285,111688.9563,113988.5416,116634.5311,118731.8115,121052.4165,123650.5539,126751.9841,129306.0667,131272.7952,133095.4256,134210.9294,134713.5976,134817.6851,136273.8479,138991.3236,142677.0092,145840.7236,148435.2707,151523.5056,154243.2621,157775.7324,160657.8121,164036.7322,167681.3359,171039.9126,174198.1164,176063.7425,178071.9216,180465.3719,183014.7942,184586.7182,185076.2052,185171.2583,184358.3211,183554.0142,182193.8395,180864.5654,179999.1662,179113.1639,178862.7601,177316.3114,175212.5821,173651.7008,173194.1151,173088.7326,173569.1954,174119.6469,174968.2909,176178.7002,177759.8184,179837.8466,180021.7496,178697.7317,176503.0013,174821.6922,172954.8527,171440.1441,169469.2596,167279.2572,164772.2519,162483.5993,160827.1125,158769.7727,156648.3997,154592.5586,152708.2616,150199.0682,147962.0105,146616.5195,145760.1289,144105.6084,142447.1603,141292.5508,140623.148,139801.124,138610.9266,137904.3265,137519.984,137037.9047,136158.6178,134597.1296,133071.5834,132184.4707,131947.283,131617.0036,130552.3731,129512.9238,128148.6954,126874.0304,125130.9417,123441.9214,121835.93,121037.5789,121139.2582,121007.0377,120315.8745,119190.6399,118628.8109,118226.7978,118137.7625,117902.8545,117766.477,117240.2326,116774.1499,116291.658,116421.1387,117714.336,119652.4245,121621.9008,122813.6124,123693.4373,124700.1097,125716.4538,126491.0255,127470.3609,128042.0195,128526.8257,128717.3775,129759.7081,131461.4632,133336.0414,134911.0917,136054.2411,137391.3787,138422.0928,139383.5904,139986.6669,140710.8444,141145.2811,141400.44,141877.1387,142423.7204,142794.9185,143031.7206,143749.7522,145174.1777,146672.9098,148213.8382,149204.9318,150087.1522,150673.3169,151079.7349,151443.6042,151953.2522,152793.7716,153596.4933,154436.0185,155822.7846,157367.8458,158867.1824,160299.0641,161768.0326,163202.4088,164089.5196,164956.1873,165485.0067,166161.2115,166549.9612,167262.4895,168033.073,169024.9948,170115.4301,171467.9243,172887.2067,173898.5969,174670.5304,175321.058,176051.6975,176720.8129,177673.2715,178728.7838,180055.5145,181053.573,182143.7469,183001.8013,183944.6478,184445.9645,184759.7689,184656.4032,184465.8084,184059.5595,183807.5886,184028.3132,184811.0374,186366.7519,188508.124,190994.3748,192825.3438,193939.4624,194578.3309,195538.3287,196793.0258,198506.1683,200497.1536,202647.764,204144.6076,204841.6905,205742.6788,207986.7635,211726.2762,215839.0536,219820.6585,223617.6576,227352.5399,231097.0475,234499.0145,238058.8944,241569.8756,246095.7002,250056.0861,252559.9501,252926.0301,253028.2345,254676.6321,257114.0402,262658.5825,270512.8557,280365.7213,289367.8856,296606.0936,302346.2446,305900.3369,307273.5321,307028.2307,305989.3145,304676.8792,303047.6339,301341.1008,301235.2519,303466.3468,307379.7586
94712.74567,95166.26685,95785.68528,97553.97588,99735.38729,101452.36,101798.1376,101304.6589,100768.9135,100593.1763,100333.7263,98881.28635,97102.36373,95278.40396,95803.39751,97015.4384,98498.17351,98457.59882,97426.92955,96200.13234,95338.16308,94995.72193,95508.83129,96533.08047,97801.98018,98775.74075,99163.52284,100516.4437,101905.1065,103365.2742,104184.741,105684.3557,107263.7062,109058.1908,109928.6472,111372.5318,112402.9655,113461.0313,113794.5641,113730.5849,113665.4502,114050.7304,115542.6504,117323.8734,118928.2918,119999.469,121345.6444,122338.205,123046.6461,122990.5938,122838.1741,122686.737,122746.9078,123757.1643,125786.1414,128367.6669,130814.5517,132651.7452,133208.0316,133789.9338,134462.948,136486.5847,138311.7545,139950.4312,140822.9925,142498.15,143799.8483,146321.5303,148253.3856,150635.9863,153074.9225,156625.7857,160101.543,162551.3796,163480.2782,164748.8039,166641.9918,168922.5095,171250.8218,172848.4322,173613.0397,173484.105,172185.9477,170747.7714,169967.5369,170404.0418,171263.2521,170781.8752,168525.6644,165721.6451,163336.3638,162313.8338,162419.3959,162880.661,163690.298,163197.4816,161747.4393,159338.5838,156823.6434,154380.8768,152196.5732,150576.7403,149267.8204,147300.8652,145289.6957,143330.413,141703.1728,140283.1591,138685.3539,138307.2744,137896.7184,137404.6314,136275.9097,135024.5601,134299.5612,133712.8412,133939.5406,135325.5335,137120.3051,138943.387,139486.4843,139351.2211,138487.9043,137941.7239,138027.051,138708.0901,138869.7268,138697.3538,137680.4817,136369.8554,133960.6373,131175.9308,128942.5347,127496.9519,126861.9883,125965.0442,124747.5311,122735.29,120991.1928,120221.0894,120530.793,121305.6792,121479.1749,121108.5637,121000.6781,121238.8228,121519.5933,121190.6268,120802.3946,120701.7896,120685.6298,120098.5326,119487.0339,119385.1261,120114.638,120903.8567,121135.0904,121234.4211,121473.8753,121886.5155,122267.5228,122520.1438,122587.437,123036.7534,123814.714,124985.8663,125867.1337,126396.6413,127048.4194,127898.7345,128863.7033,129912.7886,131082.949,132194.3095,133127.3932,133606.3605,134000.8173,134150.3601,135188.0949,136486.8831,137598.8154,137925.1183,137856.8299,138352.6797,139355.6452,140560.4737,141583.6778,141916.6152,142062.7456,142192.8419,142539.9544,143126.0307,144193.166,145598.4335,146866.388,148023.27,149235.2752,150743.1116,152114.6888,153368.8277,154653.4739,155681.7506,156663.6542,157541.0264,158740.5706,159864.2144,160694.3683,161342.7219,161792.6579,162728.247,164250.3251,166253.3441,168266.8603,169450.8959,170263.8616,170581.0419,171308.274,172585.8994,174394.8474,175647.5599,175678.8656,175227.3545,175510.237,176081.5538,177037.9868,177469.7575,178709.1926,180402.8279,182848.7273,185249.0941,187524.292,189948.618,192847.2118,196271.3416,199309.2655,201850.7013,203565.9448,205089.2162,206428.7089,207994.0286,209437.7681,210979.4957,212353.4322,214170.8997,216077.5301,217893.2859,219710.2467,222256.4319,225821.722,229503.6975,233174.0436,236553.1374,239962.5463,243149.4075,245516.0289,247878.6964,250872.1022,255697.5411,260462.7973,263778.5074,264560.8326,264969.3365,266208.0486,268302.2444,272006.8015,276708.203,282266.6585,287946.8486,292851.3014,296827.1703,298113.9631,297918.6681,297033.3117,295812.2393,294116.2369,291241.3613,291836.0481,294388.4088,299201.6375,302168.8217
115437.7825,115652.2081,115867.8932,116308.632,116624.373,117079.6801,117286.6001,117566.1812,117656.6881,118092.7397,118650.8169,119299.3086,119721.1465,119966.7908,120384.1376,120998.9962,121520.4321,121652.4693,121602.326,121630.7568,122027.3185,122395.95,122657.1122,122707.0073,122728.2543,122984.1096,123453.6651,124049.8904,124699.9854,125284.3643,126024.7003,126727.1711,127527.0614,128225.7264,129272.2472,130496.7393,131712.5051,132671.1266,133340.1336,134314.4173,135363.0876,136490.0022,137295.1235,137951.6525,138541.5607,139170.1638,140198.2321,141354.9121,142594.7731,143493.1489,144284.7553,145594.2896,147222.4252,149442.4915,151623.5034,154242.4471,156997.6447,159729.7046,161983.8408,164207.7998,166460.705,168932.8152,171957.4807,176105.6092,181144.2078,186255.9983,191880.2603,197003.4639,202447.3326,208058.8679,214002.0942,219171.2803,222777.1825,225534.449,229202.6792,232781.4547,235631.0276,236691.4033,237233.9811,238070.7322,237907.4319,236951.7484,235800.8254,234651.5572,233750.6012,232661.7523,232276.4785,232320.3106,232584.4431,232378.4833,230884.3938,229536.792,228791.7754,228269.8151,226937.2713,224415.1851,221594.7949,218401.2333,214269.4311,210908.5423,207370.7112,204987.641,201825.2147,197810.4074,192565.5414,187678.2223,183090.6293,179618.5293,175527.4128,171726.0064,169111.668,166530.9106,164666.7496,162397.9193,161218.6926,160165.1334,158640.1918,156260.8418,154515.6533,153277.0079,152651.3806,152025.4595,151177.5981,150097.2455,148622.3003,147180.5319,146388.4035,146153.1963,146480.4815,145776.4117,143900.6431,140527.0793,137574.3243,134890.4382,132424.9687,129837.5629,127653.8202,126295.8916,125103.6149,123279.5345,121279.0642,119973.0362,119556.0558,119587.5395,119351.7882,119117.2159,118698.5246,118629.4867,119079.2885,119471.7561,119550.8984,119161.0975,119050.1079,119579.4096,120072.6091,120935.6159,121637.3356,122661.9157,123640.7359,124900.9101,126756.274,128670.679,130378.2076,131607.279,132717.01,133698.2778,134499.6926,135538.8344,136937.1428,138784.4271,140403.3802,141671.994,142756.7308,143435.2964,144161.624,144566.0365,145248.9167,145969.5449,146964.6633,148264.9808,149505.282,150584.6599,151195.7955,151439.9755,151414.3198,151279.9767,151563.2898,152292.4112,153586.0042,155101.7331,156520.6751,157741.6142,158945.3845,160225.9058,161325.6696,162220.691,162778.6953,163356.6794,163699.751,164590.205,165841.587,167633.178,169190.2931,170698.5211,172045.0366,173663.232,175276.7425,177108.7276,178857.1241,180771.3956,182573.183,184355.2597,185823.5319,187217.349,188525.9655,189977.5123,191382.784,192792.0579,194382.8321,195833.939,197118.1157,198063.3089,198938.7277,200298.4863,201767.0804,203367.8237,204550.4001,205874.3924,207301.3334,209017.9068,210431.8597,211742.0458,212766.3928,213795.0277,214784.7276,215557.0668,216228.2139,216782.1643,217627.7342,218934.5525,220821.5654,222827.5817,224624.8678,225935.652,226795.2045,227543.2579,228737.0779,230905.5409,233967.77,237266.527,240708.9686,244052.7991,247074.3575,249754.3962,252440.6376,255750.6335,259678.804,264375.1686,268919.1538,273055.2688,276745.2866,280808.1519,285583.3651,290486.6092,296293.0144,302612.8002,309260.701,315655.2474,321262.3157,326495.0952,329812.5219,331186.621,330587.5678,329460.4921,328239.4433,326646.1272,325182.1427,324381.8357,324576.5272,324946.3203
101177.4892,101669.2629,102287.5867,102430.7286,101602.8072,101421.9141,101866.3984,102773.1497,103728.0804,105524.4206,107310.6808,108158.8438,108795.3589,109955.9825,110460.7822,111122.6839,111828.7881,112306.9349,111212.0577,108985.478,106023.1374,104262.6119,103169.3925,104127.4659,104070.4347,103534.0455,104042.0339,105141.4273,106277.7748,106138.4271,106354.072,107844.513,110162.3943,112596.6351,115272.646,117921.557,121348.9413,124366.6033,126931.3351,129006.2904,130492.4718,132914.1321,135266.4042,137728.073,137588.4784,136999.2201,137136.1564,138240.6903,140348.7062,141683.5138,142467.1318,143589.6909,146118.0514,149667.6185,153526.1942,157859.1202,162872.7237,166794.7553,170121.1117,173080.2238,175859.6146,178272.8316,180570.034,184376.5799,189346.1241,196137.1817,202236.4468,208072.4075,212520.5671,216895.194,220780.5265,224270.2281,227276.6936,230352.5809,234861.4439,240741.9205,246660.7705,250546.3134,252605.4612,254174.9572,255792.8723,257313.8711,256679.6683,254940.8051,252468.39,251990.1514,251814.0624,252188.8831,252131.542,251745.5421,250664.4531,249582.2578,248148.4524,244700.2423,239501.4953,233200.0563,227750.5567,221569.1839,215847.107,211005.6743,206949.5878,203120.5915,199167.4015,195093.1754,191814.5421,188583.554,184326.4445,179388.9363,173246.9157,168154.8478,164108.7321,160788.0013,158549.3125,156041.7035,154300.7724,152868.7624,151764.3029,150527.7046,150177.4725,150461.7813,150214.1005,149483.4627,148355.9402,148050.7548,147466.7078,146613.3376,145375.458,143338.5936,141597.0008,141314.6646,141175.2144,140644.3844,139033.808,137512.0788,135736.353,134211.7674,132606.4513,131250.1019,130119.6243,130058.6064,130905.4204,131869.1021,132191.7961,132470.9534,132988.7238,133871.206,134148.0327,134118.414,133876.8285,134032.6177,134219.8185,134586.1232,135595.8534,137089.5054,138894.8709,140936.7286,143429.4047,146471.1385,149418.842,152028.9172,154279.1093,157280.9016,160483.263,164434.8828,167707.2862,171135.206,173518.2394,175794.0066,177865.6438,180600.1487,183017.919,185007.6467,186008.8233,186582.486,186917.1714,187099.1231,187753.461,188157.2547,188962.9156,189716.1604,191417.8933,193754.7675,195822.705,197730.185,199313.9401,201279.3534,202752.7726,204171.2516,205743.4343,207489.3798,208777.6379,209906.8091,212527.0913,216153.3582,219886.7855,222812.0114,225125.7397,227325.551,229303.326,231403.6029,233235.1985,234258.0524,235086.8925,236358.4365,238444.9276,240811.895,243871.2945,247463.2912,251115.6335,254141.9861,256880.912,259996.1695,263228.7366,265829.4115,266700.6439,266714.9412,266572.8737,267340.0253,269020.2301,271067.9541,273844.5744,276552.7675,279567.7701,281586.2487,283247.7087,284602.475,286818.5386,289575.8686,290867.7527,290160.3965,287787.1447,285547.4196,284806.1567,285116.3456,286042.3174,286315.6512,286212.6078,286092.2151,286644.4225,287775.6753,290677.5361,293883.4841,297125.5996,299230.0695,300089.8034,303177.2431,309031.8396,318835.2433,329327.5425,338951.7675,347856.0911,355636.6816,362329.6198,368082.1413,372657.4369,377756.4721,384248.5999,392005.2154,397137.1122,398430.838,397435.0111,398878.1344,403317.8712,409828.6098,421094.5756,435740.4414,452879.1009,467618.1203,478279.0921,485525.4007,489160.8277,490303.7201,489186.4312,488623.813,488217.9774,487377.4971,483402.7433,481612.1604,483906.5312,490041.3813
78365.20537,78239.17221,78067.62509,77829.51475,77707.0939,77808.97998,78180.49897,78729.27974,79545.03644,80430.00578,81625.08493,82917.82496,83613.8452,83827.59446,84069.25137,85015.55432,86265.76446,86991.33705,87706.68481,88480.10085,89536.483,90340.78944,90756.75691,91139.69368,91430.78711,91750.15938,91727.21258,92078.5601,92486.66982,93248.4305,93571.40902,94085.95806,94701.56261,95550.35153,95919.4302,95979.17153,95942.36214,96158.96426,96641.15968,97243.71594,98150.10486,99061.50258,99802.0789,100728.7865,102058.9319,103628.4153,104848.0202,106830.3511,108177.1049,109797.1604,110648.3389,112432.7471,114314.6962,116360.3274,118555.5281,121284.3505,124021.56,126505.6111,128584.657,130162.9575,131701.6796,132476.6277,133448.2674,134937.5105,137129.2485,139929.6611,142294.7553,145362.5318,148151.2851,151088.2335,153283.4483,155271.7318,156953.3155,157828.3715,158222.7975,158814.4157,159683.3364,160732.1055,161503.6826,162495.1993,163447.1085,164091.249,164781.951,164843.7002,164884.8907,164151.2665,163612.9183,162915.4105,161761.8022,160379.8371,159571.5007,158580.8726,157567.4486,155577.0343,154064.9758,151863.039,149811.5735,147600.3492,145640.9282,143493.7253,141054.1666,138891.4599,136724.3827,134301.6204,131738.1458,128752.5281,126462.5161,124182.1979,122374.1188,120754.9527,119291.6074,117834.5667,116361.6391,114799.9271,113179.0845,111575.0821,110038.8391,108880.0835,108047.24,107495.6934,107311.1657,107219.8841,107344.7059,107202.3384,107110.4566,106898.1883,106805.7308,106425.2595,105791.9871,105435.2319,105455.026,105683.2127,105461.5509,104960.5148,104301.199,103697.316,103219.6522,102971.9033,102799.0143,102664.4597,102528.0897,101809.9479,101018.858,100228.1423,100149.6986,100084.8269,99853.40451,99071.81779,98143.86608,97157.62685,96245.23994,95311.36281,94634.22963,94454.865,94876.45351,95160.51306,95398.96596,95074.91175,95360.49933,95366.34487,95624.47724,95778.58504,95907.11043,95975.71656,95383.90239,94883.31887,94470.67813,94412.32813,94790.28017,95431.13206,96356.26849,97197.27959,97825.21823,98376.15254,98937.82887,99447.90301,99807.12042,99575.30082,99637.52731,99974.05387,100930.035,101793.7226,102883.1161,104272.9264,105745.3635,107111.7586,108343.1527,108894.3917,109234.9685,109367.075,110142.4907,111074.6959,112283.232,113322.6433,114356.4941,115228.848,116181.2307,117064.3385,117766.6135,118885.6966,120104.141,122102.3297,124088.3311,126057.4377,127080.0531,126738.9933,125748.4962,125031.7363,124835.0402,125013.5228,125557.9862,126532.4938,127889.6603,129054.7372,130195.8676,131017.1886,132082.9689,133249.5469,134748.236,135643.8327,136807.945,138008.0352,140069.7818,141694.4742,143045.7015,143279.9236,143065.1862,142548.132,141952.4378,141915.4056,142079.7353,143024.9342,144163.3793,145959.863,147597.525,149126.8705,150174.5995,151190.987,151751.7904,152570.3996,153182.2647,154586.9026,155738.0067,156627.1422,156653.59,156455.7285,157195.0262,159382.7357,162955.7361,166736.5202,169999.3728,172812.0199,175506.6233,178492.2399,181382.6994,184381.6278,187998.3248,192899.2298,198023.5227,202237.1894,204467.7719,205827.6251,207307.0148,209117.8758,212930.4462,218212.8409,224579.2456,230227.412,234332.332,237720.6138,239672.2031,241273.2236,241219.7989,240828.7103,239472.8939,237442.0073,234686.3191,233435.4133,234724.488,237902.3798
248507.8496,249393.1722,250449.8116,252392.0156,253995.6625,255580.6955,257483.9852,259774.2691,261983.5629,263752.9568,265893.8338,268184.1836,270316.4647,271928.4482,273466.9067,275523.1101,278155.1536,280925.3484,284194.6856,287761.4423,291769.5239,295740.5283,298539.3379,301076.9467,303039.792,305190.9734,307556.2253,310667.8555,314531.9785,318353.8416,322299.1442,326214.3408,329822.6623,333157.8423,336258.7484,339325.7094,341651.5434,344224.0525,347348.1799,351352.5687,356072.7065,360934.3271,366026.2278,371334.5001,376747.5963,381242.271,384807.3323,388242.9499,392550.4211,396466.8041,400426.1319,404695.51,410386.8126,416750.2575,424142.2337,431749.9039,439310.0182,446532.3967,454103.3876,462476.0531,470008.5611,478751.3828,488737.9754,501077.3983,513681.9779,526959.1341,541461.5253,554211.7293,564539.7596,571933.7944,579258.4919,584340.5881,589902.7271,594882.685,601019.283,608307.5561,615802.1838,621703.294,623006.3765,621560.3801,618614.3183,615150.8896,611594.0872,607971.1377,604082.9488,598379.8829,591711.3811,582895.262,573574.1273,564239.0696,554315.8564,544531.7568,535752.479,528261.7261,519840.1436,509915.3935,499501.436,491708.6982,483481.9886,476315.2881,469747.9502,465506.9654,461702.7712,458016.557,453535.4641,449220.1487,442242.5129,437286.1541,432555.2092,431023.6111,427732.4545,423619.643,418262.9167,415210.1461,413097.7694,409165.2896,403327.6151,398329.1611,397913.8709,398303.3662,399027.6212,398255.556,399015.3076,400268.1901,400234.675,398269.4396,395332.0337,393847.5733,393603.2185,392973.0423,391333.6213,389706.2176,388318.954,387272.6535,385501.9155,383888.8213,382254.786,379683.8135,376841.7452,374571.1683,372582.7212,370476.5832,368375.4885,367514.7074,367770.2765,368525.4718,369571.2025,370884.9036,371562.5422,372860.2818,374197.1383,376025.7347,377520.3941,379753.0796,383149.4105,387226.4333,391688.9278,395855.0515,399837.2622,403356.0455,407090.1056,410575.4533,412758.2305,414398.1799,416428.4939,420852.4006,425133.6574,429335.0037,432665.1976,436348.5631,440529.9271,443483.5159,446050.2973,448509.9763,452125.8486,456036.977,458910.3979,462066.0794,465569.1062,469624.8602,473607.464,477230.3049,480799.3242,483284.5322,486125.7063,488347.9223,492022.6947,496110.7429,500852.1059,504855.2454,507751.1355,508148.8986,507486.2375,506852.0963,509364.2361,513445.785,517270.766,519470.2718,520250.317,520845.3506,521687.775,523538.525,524678.3705,524795.1556,523771.0067,523370.3584,524135.7543,525623.9761,527854.2387,530956.0738,534552.5818,539090.6979,543294.6302,546555.7673,548718.6932,551117.1083,553230.1097,555168.6806,556176.801,557160.4472,558518.1686,559069.2351,560877.8179,562117.5895,564725.7354,566498.3737,569411.8983,574206.9142,579508.9281,583839.0354,584336.277,582708.5797,579093.8471,576014.0936,573630.8291,572305.9731,572302.7805,573407.6342,576068.6048,578466.2202,581396.225,585078.5478,588736.5345,590403.6892,588055.968,584108.4737,582033.5562,583310.7366,587677.5202,594127.6543,601743.6777,609574.7937,614881.1232,620084.5438,625926.7619,635925.4571,649283.6543,665520.3848,681792.6835,698147.2799,713891.6318,729797.9793,745254.3095,761141.8965,777435.553,794629.0707,812826.4759,832078.3978,849733.5516,865429.0808,875483.9734,879966.4336,879716.2384,879714.5648,881429.1557,882015.9653,879246.6332,874663.6734,871683.7823,869972.3984
52768.97024,52741.24236,52847.38656,53060.05372,53426.87173,53910.26356,54549.18224,55356.34026,56105.5896,56651.1952,57024.28707,57466.18604,57984.6298,58610.5821,59045.49327,59477.41982,59795.71359,60132.68649,60402.9401,60626.48579,60965.89482,61502.66745,62325.07563,63198.37015,63970.90484,64635.14715,65390.69299,66280.1264,66982.05398,67467.67693,67872.25078,68354.66973,68927.35795,69448.50798,70070.50244,70733.50246,71483.9757,72238.0582,72916.75377,73521.89932,74226.85729,75198.64069,76375.5735,77576.02655,78707.83842,79684.34931,80364.94408,80970.43736,81573.54765,82388.8851,83447.46947,84670.90978,85978.74226,87376.54053,89038.33076,90963.55465,92878.40965,94529.27911,95868.66536,97028.18638,98433.45162,99899.73799,101419.7184,103414.7161,105638.3169,107882.456,109694.8123,111707.017,114152.4648,116311.5771,118300.8243,119820.0865,121282.6057,122879.8708,125090.435,127408.139,128689.7467,129379.7549,129865.4703,130698.3448,130940.6642,130736.229,130177.3372,129361.4085,129028.3354,129075.9836,129029.0129,128736.4164,128204.5117,127675.2053,126534.2352,124832.3256,123030.737,121190.4687,119620.8005,117331.8724,115484.354,113302.0208,111898.9304,110113.7613,108582.669,106855.0389,105032.1006,103187.4632,101531.5674,99948.55006,98202.72193,96406.34111,94450.54394,92496.22592,90736.36241,88980.24403,87703.88363,86506.70927,85728.71038,84837.92058,84107.67471,83340.83869,82797.64972,82178.27712,82086.01699,82314.28513,82502.4544,82625.5645,82448.37381,82260.00154,81635.11752,80770.90467,79835.33409,79162.53081,78347.092,77536.15321,75879.75075,74241.87411,72606.5315,71482.9009,70411.85802,69171.13042,67813.59676,66651.84167,65872.21267,65722.19158,64798.623,63685.22776,62396.78057,62328.09871,62699.57651,63373.24941,64201.05752,65052.68078,65838.97496,66170.27973,66401.64075,66512.2376,67276.62369,68692.21239,70321.52,71754.98426,73093.38951,74366.52146,75604.38009,76468.84225,77264.12942,78023.20628,78783.68575,79833.28346,80928.0548,82408.48584,83341.02184,83939.98611,84327.68484,85109.61992,86514.60534,87679.92718,88785.64496,89441.07194,89893.7789,90463.64736,91469.00482,93036.97544,93710.8517,93684.93052,93520.79692,94466.38875,96056.19207,97503.01875,99004.69241,100438.2651,102018.6169,103764.807,106050.5693,108768.1939,110728.8164,111848.5416,112391.6636,113317.0099,114233.234,115346.9682,116417.2693,117814.1335,119267.5642,120738.1806,122357.4622,123836.0654,124809.5581,125104.5519,125381.5643,126365.6075,127782.7477,129304.6798,131029.0823,132665.2146,134125.7884,135234.0606,136427.0064,137619.9661,137836.269,137354.5965,136797.0261,137052.6223,138076.0926,139738.3833,142249.2965,144979.4658,147270.4831,149084.8284,151274.0057,153684.0591,156013.9244,157645.5159,159281.0544,160838.5091,162311.1323,163757.841,165099.9754,166636.1282,167763.3542,169004.8346,170273.5387,171695.8543,174112.2436,176851.2588,180003.1355,182174.7283,183315.3605,183708.3221,184161.9329,185441.8702,187789.5633,190347.9935,192921.5161,195135.5152,197784.3633,201458.7596,205702.988,209952.5804,213551.9518,217703.9351,221829.5328,224907.3397,226303.7623,226752.6607,227866.8972,229175.3564,232822.9177,238398.1399,245847.3804,253209.3553,259630.7496,265043.4192,268213.7948,269506.0764,269185.6295,268086.2925,265755.9291,262365.9417,264132.6235,270171.9512,279322.3131,285121.8183
153978.8745,153937.3226,153914.9998,154841.5322,156425.0823,159064.9093,161394.2278,163917.3674,166049.0929,168102.3529,170067.2733,172180.5302,174312.61,177151.5417,180335.0159,183764.9533,186925.9832,190368.7549,194615.8119,198938.1803,203077.2491,206321.866,208801.2912,210760.582,213613.7089,216974.0478,220827.153,224558.5707,228584.0243,232338.0787,235400.605,238355.86,241296.7863,244136.7917,246878.3328,249343.694,251914.5438,254026.0731,256494.2409,258876.9593,262149.4174,265258.9162,268914.6849,272416.2765,276484.5601,280334.1424,284064.935,288068.9558,292096.9453,296181.2762,300253.0496,304594.5631,308572.1243,312560.1996,318075.9666,325117.0513,333416.9152,340674.888,346823.3644,352327.7471,360276.1673,370302.436,380754.0621,391515.7444,401924.5963,412829.1631,422231.9134,431628.1159,441030.7596,448962.0417,456139.2072,461180.8629,465462.8055,470555.4028,477097.1678,484041.9839,486184.8684,486321.7517,485465.8059,486705.781,486680.8049,485264.88,482415.3914,478222.5027,475736.2908,474817.3306,473432.4618,470189.5992,465162.5517,461229.9608,456331.7892,450860.8755,445130.5171,439387.42,433689.5699,424426.9113,416575.2828,408438.294,403277.6811,396490.4032,389295.3554,381645.6996,374426.4391,367223.9436,359767.5696,352218.6807,344905.4851,339005.7615,333656.0006,328020.5584,322595.7872,316651.2615,312875.8208,308910.991,305614.2803,301388.9389,297851.591,295047.4581,294077.6942,293499.9896,293316.9229,292923.4704,292542.2764,292602.9158,292280.3542,291242.108,289224.8555,286331.703,283653.7618,280429.2333,277459.4161,275152.218,272454.9844,269244.5191,266255.1941,264176.6348,262073.9005,259204.5204,256270.5238,254195.1997,252478.4193,252007.7612,253209.2432,255842.4032,258591.2296,260349.9698,261786.7106,263512.0819,265577.7849,268217.0738,270920.6683,273324.3252,274813.7287,276710.4668,279449.6358,283523.9485,286346.8614,288133.2229,289321.4979,291804.0418,295695.809,299427.213,302330.349,304399.071,307149.0743,310760.8899,313934.4533,316896.6047,318564.216,319952.6612,320954.9666,322655.0818,325162.7641,327424.1927,329224.4944,330671.5436,332243.123,334570.4088,336807.9918,339537.4826,340800.7201,342027.8805,342783.165,344971.8886,347722.9041,350365.3586,352320.4738,354167.0654,355975.7095,358989.8111,362152.7837,365507.7363,367788.3554,369788.1689,371503.5608,373528.4244,375487.9563,377654.9141,379685.5235,381895.5314,384170.528,387788.0767,391756.1742,395964.967,399017.5271,402306.3657,405285.3501,408750.5591,411445.2168,414090.6877,416583.0848,419487.6228,422854.5498,426589.3386,430118.2768,433765.7286,436193.64,438125.2708,439688.7311,441262.4022,443034.7906,444591.0438,447272.9976,449457.0703,450813.9984,452074.9318,453955.7622,456846.6804,458755.3502,460741.5974,462515.5367,464235.3183,464949.7024,465327.6602,465880.3704,466902.6438,468086.2182,469524.8295,470989.0353,472143.3354,474835.6539,479142.4564,484254.1955,487855.4742,488854.1873,488199.9878,487582.4112,488890.3309,492876.3817,498009.1189,504974.1633,512295.1741,519660.4979,526811.7999,534194.1755,543641.1186,554929.767,568995.8937,585320.9825,602623.6685,620692.2893,636996.5191,652687.8977,667363.6009,684687.6537,701817.8463,719730.7433,739833.1142,761621.9402,784312.9871,797923.8369,800758.0322,793629.855,786236.8931,782336.0214,779180.3769,776345.4011,771587.6877,768791.2522,765777.7618
70833.14074,70638.2583,71624.52519,72886.76764,73301.06267,73557.13444,73131.87455,73989.96108,75344.69959,76525.59752,76771.9774,75599.08352,75519.85103,76489.89978,77023.05168,75793.81671,74154.7493,72678.76438,72438.37716,72598.1916,73356.21079,74274.28798,74489.31387,74705.70325,74291.47386,74104.69419,73587.66553,73289.95281,73500.90494,73655.78963,74184.37874,74449.80328,75109.14734,75201.32616,75376.03316,75854.00994,77432.41939,78931.64848,79823.76551,80219.98577,80079.92715,79838.86156,79556.43794,80182.21622,80979.09697,82121.17198,82719.85349,83714.52785,84368.46093,84866.03589,85022.16931,85191.86806,85999.64745,86958.82466,87991.14066,88608.55945,89767.21734,91305.799,93336.74408,95204.40442,96827.10913,98136.58209,99113.7398,100255.3284,103056.8161,106170.4276,109543.9944,112255.4276,115109.8737,117850.2247,119731.1056,121404.0506,122529.1865,123092.6559,123712.9278,125177.6192,127065.0251,128085.0784,128175.265,128318.9568,129667.0393,131298.5864,132946.7895,134031.8537,134754.4388,134678.1923,133462.4192,132307.6688,130569.5677,128958.3426,127631.1139,127369.7326,127418.694,126218.428,124558.2593,122514.4884,120580.6329,118411.6662,116195.8567,114330.8779,113134.8248,111987.5764,110356.3451,107263.8462,103925.0614,101067.1014,99402.75706,98572.07272,97933.60993,97322.94192,96736.87212,95336.71857,93521.1448,91275.14227,89634.46036,88195.15844,86759.8755,85321.84748,84032.55422,84075.36277,85201.3122,86637.43613,86881.0718,86509.21815,85578.67459,85038.74209,84601.72761,84230.32565,83261.96753,81633.04751,80899.27226,80290.24959,79864.91934,78764.24786,77821.44206,77429.58178,77279.33692,77012.7535,76301.4597,75751.91794,75519.58837,75398.66665,75104.52236,74727.05706,74451.24778,75033.86596,76406.62254,78294.56238,79590.7499,80821.75116,81342.30727,81607.78082,81436.56293,81363.17757,81261.59001,80786.9945,80209.30781,80205.77723,80999.62564,82630.35976,84108.6524,85560.54163,86345.93373,86843.5493,86748.31531,86914.68902,87017.38094,87455.6854,88102.71732,88992.28943,89603.70177,89868.2689,89664.02258,89400.355,88961.7055,88540.21273,87911.64641,87284.66913,87044.14819,87285.08978,87981.4638,88688.20178,89376.2516,90362.62487,91793.50558,93160.5659,94015.5148,94232.3317,94858.58636,95637.15256,96179.26273,95859.06493,95571.82762,95737.83721,96781.34668,98486.65091,100673.0577,102631.2347,103510.1734,103941.8831,104457.966,105489.9929,106381.7534,106942.1114,107326.7114,107573.9529,107732.7837,107959.0737,108318.5355,108899.3337,109899.1408,111446.1951,113330.13,115016.5938,116134.4,116788.8493,117109.9206,117087.6569,117554.9096,117550.0526,117605.0355,117249.4425,118099.4318,119707.5909,121245.3019,122030.7776,122427.5562,122823.5161,122783.1663,122432.1221,122332.2598,122441.7762,123124.9982,124213.2167,126041.7568,128203.8332,129655.9177,130970.4856,131687.684,132429.5434,133403.4026,134929.5167,137165.1854,138918.0283,139814.0441,139857.1371,140452.6873,142390.6793,145445.2467,148961.3315,152595.5795,155935.4507,158923.8226,161795.357,164513.5438,167238.9404,169810.4045,173673.2108,176424.8373,178309.4401,178114.8653,178065.452,178796.0177,179660.8024,183149.6279,188530.2282,195136.3975,200512.0419,204124.7292,208195.9105,210507.6663,211515.5873,209846.3587,207644.3253,204365.9419,200795.2352,199435.987,199718.8608,201652.5967,202582.9252
140691.6893,141463.6561,142487.6821,143967.2522,145201.8747,146279.1271,147604.9363,148762.1684,149153.9845,149122.8472,149303.5598,150429.3341,151882.2677,153442.8056,154507.1602,155501.2234,157349.1849,159823.5487,162295.77,163726.1949,164805.2123,166160.728,167133.5094,166837.4276,165586.3497,164675.7373,165215.0538,166840.3127,168541.0846,169130.6482,169531.1933,170055.8449,171308.8109,172402.8615,173822.2853,175269.064,176279.3835,177144.3918,177921.2666,179113.2896,180432.4386,182658.9755,185889.947,188879.15,190791.1902,192226.3415,194573.3118,197594.91,200115.4106,201297.0767,202957.1959,205050.0849,207339.7299,208603.6009,210090.9157,212937.6332,216413.4762,219256.887,221102.4809,223245.5688,226288.3391,229950.0773,233367.0328,237615.9933,242450.7834,248386.8429,254189.6846,260116.9053,266165.6002,271978.6141,278730.4116,285528.0266,291628.9956,297124.4966,302933.1806,308871.6475,313566.4603,316771.2127,319560.5217,321496.4471,322761.9923,323141.6261,323505.5001,322179.5279,320492.4428,318468.4873,317357.4105,315764.044,312940.8194,308632.0558,304546.9226,301217.4477,298739.2974,295502.1617,290577.9681,286160.7025,282364.9063,279499.0334,275511.875,271812.4792,268206.6362,263834.5702,259380.6871,255183.8964,251735.581,247876.0348,242852.0051,237832.3573,232566.1205,228886.5045,225236.2482,220589.7866,214152.0977,208050.6733,203113.9948,198758.3392,194044.1572,189035.382,185699.5048,182957.3057,181232.6077,176062.0346,171047.1156,165574.8128,163088.4355,160797.8251,158723.3181,156091.3968,153317.1157,151481.4879,151465.347,151207.431,149874.6351,147469.3504,145119.2409,142742.3018,140267.1122,138816.0349,137588.0486,136901.7197,136314.3821,136800.6668,136826.9096,136777.8027,136341.88,136666.8599,137291.972,138282.5637,139456.5213,140411.9802,141138.3387,141597.1914,142429.6032,143633.8434,145174.0402,146785.8639,148247.5061,149825.048,151643.9399,153749.3366,155635.5748,157332.9283,158754.6459,160928.9354,163139.3987,165361.6686,166326.3885,166983.4559,167626.4601,169036.0989,170869.816,172960.0431,174848.5602,176333.0719,177369.6361,178323.7625,179251.8261,180167.0012,181050.1118,182065.4468,183118.6421,184262.3136,185395.9197,186741.8589,188229.7958,189839.174,191384.0007,192970.3157,194368.1491,195795.6191,196931.1946,198312.1624,199878.5927,201605.2035,203233.0077,204875.629,206543.3634,208158.4651,209431.8728,210812.9289,212511.8505,214065.2581,215379.7593,216425.1302,217502.98,218468.9644,219566.2092,221252.0673,223369.8427,225503.076,227325.277,229157.9739,230953.1682,232842.2091,234428.6044,236010.7307,237745.2181,239532.0551,241269.1574,242652.8343,243930.5699,244756.0783,245684.9466,246627.1345,248002.4268,249102.5714,249867.481,250651.7937,251471.8694,252671.4413,253607.7052,254662.994,255784.8857,256952.928,258045.4321,258806.0994,259233.9246,259593.6947,260243.5239,261357.1278,263269.3076,265441.761,267733.6547,269451.7168,270414.5751,271210.0923,272125.8489,273851.1855,276129.3455,278850.865,282347.1932,286313.4736,290360.2226,293907.9893,297336.3091,300935.6567,304879.6822,309087.6585,312946.4369,316016.145,318423.1555,321013.4255,324208.04,328002.1674,333457.2148,340226.7299,347376.2143,353729.2757,359504.0559,365079.1515,369089.8188,370920.1528,370274.971,368762.4511,366857.5874,364724.0401,361930.9728,359386.7669,357499.9399,357073.2466
87606.18432,87912.50139,88210.09606,88695.41741,89012.48896,89334.74659,89705.16249,90382.55413,90991.84281,91538.93712,91930.45385,92424.93641,93023.68222,93563.1431,94305.69156,95269.06877,96332.83582,97257.16954,97993.20673,98858.15369,99826.19558,101070.8932,102070.9078,102998.5834,103653.5316,104579.8335,105461.6104,106565.2613,107523.7025,108413.6501,109210.4794,110313.0603,111565.9737,113297.7428,115007.6244,116765.7736,118155.7,119406.2303,121181.6836,123310.3339,125330.8944,127020.5767,128581.4429,130651.5026,132481.0473,133989.1464,135453.8121,137304.2647,139694.6701,141635.8523,143742.8851,145533.5115,148115.7009,150714.1228,154177.2154,157831.5849,161621.173,165077.9213,168262.758,171253.1979,174337.4531,177487.1792,181506.8886,185791.5016,190028.4048,194876.3592,200826.9804,206926.5518,211349.1097,214625.6574,217914.9996,221474.8414,225286.2883,229099.8265,233041.0507,237352.6853,242018.571,246286.5589,249355.0455,251131.6203,252812.5679,254236.7832,255245.548,255074.053,253986.5009,252433.9912,251107.2284,249558.7738,247292.6555,244527.396,240984.6827,237659.1626,234258.3439,230544.2006,225909.7064,220790.5424,215673.8414,212083.3344,207905.8301,203618.6688,198484.7424,193577.7937,188339.0757,184478.7444,180344.7435,176602.8548,170602.885,165963.8646,162088.0172,159347.2949,155575.524,151263.6361,146618.462,141724.4821,137126.6721,132785.4661,130014.7606,127555.7238,125718.0487,123899.9497,122752.6065,121430.9432,120110.0177,118043.251,116401.3257,115036.4285,114905.0571,114363.1481,113404.9356,111495.4528,109569.0361,107206.2976,105086.9741,103495.8763,102218.1295,100773.3258,99299.46549,97523.55053,95376.92825,93155.50653,91830.967,91124.63748,90870.64599,90958.75419,91309.66961,91768.71873,92005.53927,92457.44512,92759.82148,93363.95211,93786.15719,94344.93158,95048.07299,96051.68866,96758.6609,97287.81751,97385.00736,97582.61247,97845.32248,98948.43688,100868.3382,102984.5809,104915.0001,106888.6403,108763.8033,110607.083,112723.3343,115434.7682,118122.1251,120377.201,122383.8812,124677.9788,127194.8317,129221.411,131012.441,132084.4482,133362.4744,134667.834,135711.6389,136640.3861,137251.7939,138055.0873,138878.2876,140398.6492,142496.0217,145001.0225,147193.785,149117.8589,150951.9332,153383.0676,156536.1038,158783.8549,160210.1973,161312.0323,163204.3303,165568.1881,167908.1733,170534.2838,172866.2674,174689.9735,176164.4657,178171.4444,180781.4039,183176.129,185191.4316,187261.3272,190099.0836,192983.7515,195557.5788,198329.5001,201151.389,204275.0741,206703.6446,209562.0091,211946.7293,214157.4301,215164.8716,215851.085,216718.6197,218273.7769,220071.2305,222237.287,224605.211,226616.3758,227359.3308,227202.7027,227667.8859,228847.6456,230788.496,232803.4686,234868.9832,236641.2862,237851.8481,239185.1783,240573.3794,242056.0356,243172.0107,244234.9747,246326.8165,249247.1994,253157.8889,256407.3532,258844.3096,259778.4207,259614.9173,259336.794,259483.6713,260258.585,261332.0641,262763.0561,265482.5304,268750.0931,272540.8544,276088.7036,279751.1501,283129.7603,286410.1155,290311.081,294192.6946,297431.3732,299284.6469,301065.6894,303415.7278,306746.868,311442.341,317151.3418,323497.9813,329879.6128,335966.1552,341906.3251,345993.9494,348276.5061,348398.0208,347878.2422,347220.2387,346206.124,346102.0654,346409.7715,348022.469,349549.4247
80217.54215,80663.88388,80868.09645,81268.54589,81258.77647,81242.99867,81326.27163,81561.16444,81884.77756,82208.41522,82643.21934,83217.50317,84007.34131,84784.79532,84920.14008,84645.96418,84416.57531,84732.98514,85360.59555,85902.53354,86230.18471,86408.57847,86682.12787,87116.08823,87699.31434,88255.03745,88870.79013,89205.53244,89525.36076,89602.92127,89160.22536,88497.1378,88201.38789,88634.53337,89334.62585,89945.28793,90623.12626,91236.18939,91774.53908,92210.213,92881.88778,93919.55184,95419.85433,96948.06145,98110.37807,98707.72353,99116.9157,99767.52414,100813.1537,101762.8326,102747.1084,103808.298,105179.6063,106748.7176,108907.633,111567.0681,114164.1606,116108.7791,117579.5196,119229.217,121297.6939,123620.5539,125787.7679,128416.3976,131160.4956,134529.4683,137852.899,141327.0787,144663.4889,147588.9657,150224.2112,152952.2829,156092.6948,159231.3566,162016.5322,164121.7718,166221.3759,168036.3186,169684.4477,170847.7811,171294.3602,170988.6,169892.1697,168050.7675,166041.4158,164774.6858,164546.0845,165390.5217,166007.1882,166098.2332,165029.3116,163416.4507,162416.9311,162054.9532,162424.9389,162140.0338,161560.3151,160825.0574,160288.0754,159266.4756,158498.9662,157172.0749,156175.7066,154371.1257,152714.4387,150958.489,148897.9724,147433.1081,145907.9372,144787.1562,143849.3562,143032.4427,141798.7317,139739.444,137456.707,135861.836,134493.288,134404.6264,134990.7896,136072.4686,135935.7684,135269.7484,134100.2205,133561.7204,132778.1922,132591.9469,132154.6328,131836.7931,131133.3731,130258.8296,128685.3259,126825.7715,124519.0205,122848.6457,121181.0391,119101.7021,116076.6046,112644.6826,109282.5037,106019.0169,103351.8966,102211.1307,102461.9615,103427.2261,103436.8402,102996.2048,102356.2198,102281.0063,102447.6457,102206.539,101941.6298,101420.9967,101271.5632,100960.5063,101265.1819,102235.4365,103904.9487,105145.954,106165.6718,107039.0485,108493.9126,109654.4877,110582.6928,111011.6511,110975.8332,110553.0788,109984.6355,109798.8813,110667.0706,112044.8618,113589.2252,114428.9182,114761.959,114438.6155,114348.5102,114308.9223,114296.5139,113200.2324,112571.9808,112672.0978,114145.2387,115908.3623,117536.4771,118892.4012,119597.0548,119455.8945,119347.7288,119659.5036,120304.4599,120577.4707,120606.3652,121245.5173,122231.3683,123331.1172,124524.0153,125946.7624,127214.3609,128165.6116,128709.9735,129380.0819,130048.0397,130280.6525,129992.1288,129426.9148,129380.0386,130017.9499,131083.3231,132485.9105,134191.8991,136085.5513,138050.0232,139827.6571,141380.7753,142226.3604,142499.5268,142805.3908,142958.9199,143124.7494,143369.2278,144206.9539,145003.3303,145792.0421,146398.8452,147134.6296,147729.7532,148203.9105,148967.8298,149111.5581,147346.56,142674.5339,136458.0431,131812.2559,129984.8532,131227.415,133106.6422,135075.7366,136076.5089,136902.1308,137646.1519,138827.5581,141049.3335,144119.8541,148126.4114,152184.6914,155342.4503,157474.7577,158718.8686,160807.0489,163417.9063,167091.7296,170408.8207,173498.5192,176794.4914,180375.2116,184245.5567,187028.1753,189377.6362,191129.1818,191964.3101,192424.7452,192973.3097,194391.5499,196651.2189,198855.4109,202696.8399,207699.735,213623.7188,218322.4337,221681.8016,224594.318,226941.7801,228141.3148,228634.6229,228981.0039,229728.3936,229897.9609,230604.3126,230754.4318,230727.0878,229933.9896
74375.06145,74683.87343,74796.38667,75137.91337,75435.17047,76149.1568,76974.25825,77732.60769,78343.79703,78751.05314,79039.43946,79222.59882,79421.05613,79744.81622,80250.77575,80915.66163,81574.66975,81935.41133,82297.46736,82711.15752,83225.62108,83809.47958,84444.60372,85155.15222,85430.00823,85742.34876,85873.08506,85983.82859,85828.80105,85757.44667,85755.11702,86009.03415,86127.13085,86461.16151,86688.09142,87188.68513,87525.79419,87872.84406,88095.09678,88588.06606,88769.37566,88818.84768,89125.54036,90043.33858,91238.34412,92160.00151,92962.6601,93608.12943,93954.12687,94052.47566,94326.65776,94773.64321,95432.86602,96204.45951,97273.20125,98498.30118,99770.96261,101032.0878,102132.602,103477.3986,105168.0881,107290.2914,109502.2567,111925.2198,114628.7773,117856.7986,120904.3714,123640.6883,125777.7583,128312.3656,131285.3576,133955.4059,135040.2315,135330.9563,136292.1017,139127.3433,141837.8276,143978.9797,145917.573,148926.2466,151467.0252,152262.7416,151874.2058,152251.0929,153674.344,155374.55,155935.8498,155354.8718,154814.1552,154191.7343,153706.2716,151604.2871,149329.1957,147164.8687,144979.9177,143007.5869,141981.3287,142212.9592,142780.151,142532.7875,141396.2313,139216.4459,136701.3152,133395.7557,130608.2299,127785.3697,125775.8418,123215.3775,120926.6031,118769.2474,116618.8139,113871.3942,111255.1483,108703.678,106381.2339,103914.1573,101373.9068,99426.49397,98288.07027,97813.35831,97446.45656,96674.19895,95811.02737,94376.73412,92750.9102,91245.24552,89641.49335,87565.35059,85749.73482,83938.1415,82635.74586,80948.18631,79031.43789,77130.98869,75728.34398,75030.14448,74680.42014,74371.2968,74040.89764,73458.68039,72706.31601,71854.03644,71337.81618,70872.92861,70759.46316,71313.19973,72543.44059,74172.32834,75572.45678,76481.0817,76927.05205,76793.28004,76572.20413,76471.50842,76538.64013,76745.99871,76781.75563,76995.87378,77309.78301,77907.60431,78509.83297,79131.65191,79751.13732,80459.55067,81246.91947,81959.04159,82597.38431,83024.4545,83396.89477,83816.3264,84225.65958,85004.05574,85985.59898,87198.58079,88154.99631,88838.16203,89370.68842,90375.64052,91982.45097,93756.78895,94518.92349,94758.21018,94827.50735,95506.12626,96394.01725,97718.66461,99350.39877,101268.882,102721.6591,103965.8567,104597.57,105744.7381,106762.7071,108000.6215,108910.0776,110033.8113,111283.0659,112471.192,113804.4032,115586.406,117659.1565,119228.758,120160.2777,121045.1066,121730.7184,122029.643,121885.9202,122426.3284,123280.1293,124615.7007,126193.9011,128546.005,130875.2959,132701.6677,133974.4167,135239.9113,136355.9741,137318.6691,138088.3463,139120.0574,140461.4793,142237.3419,144281.1542,146460.92,148419.2535,150243.6292,151634.4832,153082.6854,154364.8844,155477.4029,156085.6683,156372.7178,156946.2489,157840.018,159064.4753,160539.8474,162035.0888,163761.8719,165598.4815,167592.0891,170064.7019,172307.2881,174277.8252,175089.827,175435.6804,175777.2969,176698.5777,178377.2467,180546.6419,182966.1922,185243.5033,187181.8903,189910.6003,193285.7507,197234.9608,200317.6756,202773.1278,205616.1928,208333.9031,211012.7707,213065.8593,215361.261,218084.3528,220927.4275,225518.9668,231320.9972,238054.295,243600.9384,247819.7209,251311.7028,254246.5823,256417.8589,257273.263,257183.6628,256387.6464,255191.7535,254412.0076,254081.4961,254551.7367,254630.3783
43406.3424,43461.18019,44190.19055,45579.26476,47234.15482,47988.6337,48258.47136,48538.88623,49210.14097,49805.54874,50493.28987,51400.97357,52719.80029,53648.99714,54228.54969,54357.53981,54705.4394,55243.09104,55920.72733,56636.75844,57276.88259,57790.77116,58207.30606,58557.10617,58855.07809,59109.19804,59201.71208,59534.72782,60106.86437,60742.29745,61444.78513,61926.43164,62606.91542,63319.20224,64017.8483,64742.949,65349.42616,66033.6093,66685.82721,67099.12879,67595.81454,68023.51676,68527.61411,69740.17526,70769.82481,72128.62299,72895.59046,74567.94129,76060.92007,77495.21237,78312.57894,79743.18031,81190.03297,83085.8788,84844.90196,87084.86895,89568.26891,91864.62747,93743.83434,95300.7771,97047.53189,98654.11072,100074.751,101445.7822,103523.7961,105527.3771,107237.4457,108714.4949,110906.914,113314.0349,115372.0523,116810.7618,118526.3435,120132.3391,121448.5993,122074.4664,122819.5082,123534.0123,124514.3072,125186.0902,126141.7041,126735.7101,127000.4254,126862.0469,126801.6103,126772.1507,126052.2089,124720.9155,123128.9367,121944.6341,121551.3928,121030.3407,120626.4761,119446.916,118368.8219,117000.4397,115664.1237,114285.6189,112707.0198,110697.4312,108553.1011,106664.0854,105108.4906,103125.6879,101021.7218,99210.11596,98113.89349,97247.85838,96360.10631,95860.06616,95348.53148,94447.51615,93262.54758,92021.7798,91109.96736,90059.98819,89017.8103,88093.97471,87437.11148,87019.42206,86734.28299,86491.88032,86239.91783,85740.92616,85352.2727,85006.01942,84957.36528,84663.43222,84303.54688,83615.11217,83053.46891,82328.29184,81951.87943,81654.48434,81452.52269,81092.62164,80778.83922,80567.50372,80435.70096,80160.91386,79897.66468,79662.14372,79563.6472,79616.08717,79919.62054,80325.68476,80627.4992,80858.68096,81111.98428,81275.85078,81068.83116,80569.2126,80262.03458,80437.81653,81157.50829,82228.17427,83211.4685,84059.07232,84841.72737,85514.22533,86014.55671,86894.51166,87836.00828,88810.09049,89000.85741,89275.90675,89396.25712,89527.89187,90092.68399,91457.98568,93555.76793,95323.81965,96448.8692,97245.32012,97933.96985,98694.17258,99341.94661,99735.21121,100052.3987,100456.9711,101075.8279,101592.0544,101876.2047,101987.9324,102408.2466,103106.5232,104098.4734,105195.7783,106226.6354,107252.979,107982.0414,108428.9841,108906.4937,109428.8587,109882.3655,110440.1465,111218.6261,112213.3101,113066.3112,113931.8722,114975.5181,115919.3089,116616.5096,117081.2543,117282.7895,117276.6823,117175.5395,117457.7881,118194.5403,118968.5094,120002.6383,120864.5205,121925.4041,122873.6687,123938.3584,125058.0424,125767.5695,126383.046,127615.3289,129424.7678,131292.7672,132641.2241,133902.8578,135060.9343,136087.1526,136600.0175,137141.1417,137275.8029,137175.6703,136559.4681,136375.3559,136662.136,137408.9166,138283.0783,139202.7342,140260.965,141017.0765,141706.8355,142192.1139,142737.8473,143435.6043,144083.6688,144658.0369,145050.0239,145688.7156,146713.4792,148379.98,151021.4199,154221.8579,157379.4592,160349.541,163299.3053,166384.5262,169961.1736,173763.7911,178192.1347,182852.1542,188256.1927,192783.2786,195618.7935,197071.7996,199010.6494,202143.5749,204927.2507,208439.5121,212196.5704,216868.941,221681.9328,226515.8971,230898.5304,233332.8715,233784.9826,232452.5451,230537.4982,227816.328,225287.3978,225284.9813,226892.6319,229562.0442,230964.7027
132674.8678,133177.4864,133762.4841,134618.1179,135252.7287,135678.4608,136224.5824,136842.8512,137395.1237,137865.6188,138498.9773,139246.8217,140166.9605,140860.4852,141799.4003,142673.4264,143511.4728,144227.5073,144899.2749,145920.7978,147210.8525,148814.9616,150310.8127,151707.5708,153139.9541,154502.6254,155681.1435,156945.7549,158955.8134,160918.2496,163134.6593,165398.1852,168071.3012,170644.2734,172783.3224,175167.6092,177173.9006,179027.517,180693.418,182402.3488,184308.973,186519.8414,189063.9817,191771.925,193711.9966,195426.5002,197110.6517,199774.3297,202936.7075,206430.0399,210141.7595,213880.6136,217161.8316,219482.2985,221686.7766,224031.323,227662.6061,231687.3161,236036.5265,239564.086,242648.0926,245907.7028,249507.8511,254965.3572,261751.8271,269525.8278,278049.4582,286112.7916,293275.4641,298702.9152,303833.4261,308256.3273,312440.871,315524.1271,318795.54,323039.9096,328042.5406,332693.3132,334687.6324,335072.7789,334868.8278,335005.6541,334943.3704,334851.1934,334610.1949,334306.5906,333332.3338,330857.9749,327610.2349,324821.8554,322106.4475,319375.3455,316183.3882,312851.2372,308990.1967,302871.8386,295840.4999,289411.8614,283551.841,278776.1949,273928.5358,269914.9822,265056.6002,260178.3582,254514.3602,249590.1556,242782.7157,237270.3331,231631.2739,227908.6002,223566.1074,219231.5436,214297.1737,209776.5447,205705.9456,201759.2658,198688.7802,196122.1305,194272.0162,192320.9003,190878.8386,190061.5872,189903.1733,189354.5053,187978.6059,185629.7178,183095.0515,181290.6288,179752.0388,178366.3809,176117.3255,174022.5586,171527.6962,169629.9842,167408.3755,165645.9964,163955.0234,162233.3524,160114.6608,157855.7786,155307.8612,152953.0107,151628.2037,151176.962,151356.8191,151321.9957,151288.321,151369.8454,151195.3696,151553.0798,152032.8577,153138.9908,154209.7273,155249.5494,155919.0128,156438.3669,157180.0889,158362.8102,160137.4486,162098.2695,164543.1601,167366.4097,170750.1458,174215.3978,177373.6428,180295.0159,183411.751,186716.1895,190010.3929,192995.5163,195905.2395,198623.3837,201172.2827,203102.2537,205104.8245,206731.8137,208320.2845,209779.9912,211899.5121,214282.1123,216818.2006,218643.4418,220189.6206,221566.6413,223131.5619,224878.9043,226900.8838,228609.8825,230127.2105,231280.1057,233337.9117,235698.4686,237918.0185,239283.3369,240509.255,241660.8037,243032.154,244241.9602,245842.1411,247466.4426,249576.6259,251693.7585,253888.3545,255516.0791,256636.8597,257651.5367,259426.7378,261519.7024,263641.4176,265484.6289,267707.8676,270084.1889,272376.3019,274630.594,276854.0159,279122.4834,281195.0936,283157.2719,285182.9117,286966.5474,288799.559,290434.0839,292455.5988,294002.5822,295670.7995,296775.5863,298069.1439,299212.4805,300623.018,302199.5762,303811.5263,305263.311,306180.4549,306782.0378,307354.881,308340.3615,309425.0043,310707.3775,312492.0439,314661.5621,317346.4428,319395.4189,320890.4705,320906.714,319893.1332,318620.9855,318068.127,318877.0008,321121.9847,324211.0829,328044.5892,332051.05,336301.2999,340605.1431,344603.2057,348545.8544,352467.5471,356750.7968,361242.1229,365334.5893,368927.4428,372225.8212,375754.6873,379887.3747,385230.5179,392015.1998,399242.4874,406009.5689,411937.7564,417293.016,421031.144,422608.1194,422422.7831,422173.0177,422102.9083,421703.7283,420921.2939,419989.3247,419886.8085,420690.1766
141438.0564,141755.215,142114.7825,143015.4131,144021.9338,145026.103,145976.8686,146734.159,147812.6925,148763.6171,149725.2186,150483.3031,150906.6449,151631.0595,152624.6981,154394.0226,156441.1462,158237.2399,160010.9412,161349.7213,162666.743,164153.0331,165502.8843,167198.8052,168643.7861,170297.8213,171449.9905,172727.5809,174490.245,177335.604,180769.6571,184308.1757,187260.5797,189851.2008,192583.5592,195584.0556,198231.5777,200255.8808,202652.7352,205385.6818,209021.2401,212057.3851,215039.1936,217394.6775,219843.1967,222157.368,224609.6197,227212.2308,230067.6441,232793.8217,235686.5149,238952.9499,242856.9982,247857.0098,254278.4238,261490.1908,268334.6766,274241.4906,279195.36,283658.5648,287460.0572,291973.5872,297400.091,304222.9503,311566.455,319606.0772,328884.0183,337104.5984,343586.7089,347640.7153,352763.5887,358155.2181,364511.8774,369488.8012,374479.9571,380156.1953,385241.0375,389063.0863,390072.4247,389846.8814,389408.4981,388554.1004,387383.4639,384598.3725,380774.1971,376641.6467,371932.9336,366469.3447,361064.3869,355948.8627,350089.8562,343304.0603,336919.3578,331142.1898,325402.3582,318610.0442,311078.9705,304728.7587,299136.9764,295726.9829,292268.3514,288821.9311,284058.7855,279234.5393,274065.8985,269506.3774,263491.0725,258328.1799,253289.4739,249775.9099,245467.5183,239325.9325,232613.4424,227069.7553,223802.531,220742.6382,218062.614,215932.8907,215386.316,215349.1762,215392.9821,214926.4993,214813.9867,215042.7424,214816.7963,213309.0165,210828.4103,208663.1587,206746.7761,205302.7415,206859.7526,209599.7495,211710.2903,210810.7718,208519.5289,207356.5345,206457.1451,205101.2384,202627.0447,200174.6783,198526.0461,197948.8779,197244.5349,196859.5133,195245.8641,193777.1107,192501.1629,192259.8023,192394.2717,192991.7154,194243.4186,195472.3934,196468.3813,197020.5556,198377.3317,200910.4119,204576.4028,208321.0263,211468.1111,214333.1471,217813.0784,222138.8447,227275.1683,232698.456,238120.0702,243008.4976,246515.9442,249315.0159,251767.8229,254711.8405,257528.4632,259965.2417,261892.3987,263380.8696,265088.8735,267286.5195,269953.6448,272056.1051,274127.9337,276280.7852,279195.5704,282364.2724,285302.0491,288223.2325,290808.7671,293487.6436,296850.4744,300764.4075,305181.2083,309120.3024,312824.1396,315428.4021,317796.3906,320251.0176,323046.2513,325584.9128,327975.5163,330599.5401,333489.3465,335809.6211,338293.301,341023.0872,343776.7611,345753.6735,347946.2001,350762.3115,354695.4592,358775.1031,362422.5093,365711.2142,368585.9147,371775.2765,375099.7878,378120.5192,379466.6006,379927.2213,379937.6103,381040.6652,382798.7459,384414.8184,385971.5466,387480.5359,389364.2263,391151.0173,392481.6602,393938.8235,394964.55,396390.1759,398183.1375,401200.8826,403509.2695,404535.3897,403995.9839,403778.1879,403705.9162,404509.5504,405295.3436,406936.2708,409312.6386,412593.6873,418110.588,424274.7101,430180.5371,432911.2868,432671.1181,431031.8083,430104.173,432101.7042,436502.1762,442070.1362,447835.455,452879.3776,457946.0275,462875.9577,468789.5069,475795.1891,483962.0697,492209.0527,499501.482,505113.2245,509636.2129,513701.7,517967.3397,523391.796,532733.2076,544890.826,559049.0678,571971.3381,584374.9191,594633.5373,600061.4448,599856.9431,595577.1488,591608.8655,588203.1809,584678.5583,582129.0618,581834.9199,585775.6407,591415.0423
91965.30261,92121.88312,92204.55698,92752.73852,93390.66514,94448.2194,95140.03142,95811.21299,96225.79617,96847.5259,97499.36805,98172.69802,98884.2823,99886.22277,100717.824,101432.7738,101523.8203,101480.3745,101386.0486,101467.2255,101608.9721,101825.8365,102223.5625,102825.9258,103149.0219,103150.1912,102931.7852,102618.4635,102671.6151,103196.3086,103980.9833,104749.9391,105327.6027,105827.6666,106389.7747,107074.8393,108070.6176,108987.4667,110098.0252,111384.7365,112652.2485,113251.8431,113575.547,113927.1167,114987.0814,116100.7245,117368.5056,118647.416,119933.8627,121016.4015,121752.3077,122651.6013,123990.0047,125847.0846,127917.4038,130256.7909,132634.0215,135394.5058,137799.3018,140010.0751,141895.0176,144055.2868,146825.2774,150592.8227,154933.6305,159493.5507,164441.7032,169132.2857,173970.6053,178871.0264,183960.2246,188475.4223,191910.2483,195004.6788,198914.2359,202559.3794,204979.3402,205732.3117,205688.364,206266.4759,206157.3168,205793.4611,205263.7182,205291.6408,206108.8988,207253.2877,208555.9562,210350.4279,212059.2158,212981.1155,211951.051,210173.6723,208546.7069,206688.5954,204539.4008,201770.9262,199254.6031,196473.3977,193062.134,189136.7653,184461.832,180426.8472,177165.1393,174509.6596,172095.4233,169723.2375,166721.2481,164018.0634,160200.5046,157118.4658,154645.2423,152507.3676,150826.7322,148306.7591,146097.4833,142904.603,139679.4388,136924.7776,135857.3669,135787.4872,136312.2404,136755.1412,136881.7389,136204.5866,134646.0171,133304.4836,132862.1056,133280.5865,133603.9756,133850.1271,133566.0904,132322.4532,130571.6971,128710.7357,126845.2207,125021.9248,123223.5882,122338.6189,121020.5694,119566.9138,117538.8034,116711.6965,115688.9742,115013.4785,114046.5591,114081.5233,114553.3038,115536.2673,116873.9485,118311.7743,119032.8947,119155.899,118900.6078,118656.9803,118659.8866,119475.0654,121182.1861,123156.2208,124891.9436,126388.7566,128132.6666,129856.313,131509.8465,132857.4589,133955.7353,134385.3781,134383.3071,134708.3481,136014.1797,138036.2976,140204.1731,142056.768,143790.214,145009.4166,146182.4923,146802.6779,147187.4609,146730.9825,146259.0864,146513.9019,147828.8935,149350.7058,150366.4905,150883.5624,151103.9136,151062.9424,151116.7029,151510.1884,152544.0614,153574.9925,154147.6862,154268.43,154864.9369,155984.6369,157208.9228,158371.1523,159852.7343,161291.8255,162680.1489,164139.0908,166113.6664,167571.9764,168311.0955,168606.6109,169014.3239,169864.5475,170990.5105,172732.7924,174472.5161,176397.5647,178432.5247,181008.3073,183882.4859,186211.6715,188035.4562,189187.4681,190489.4676,191817.0,193582.6879,195487.1934,197634.6691,199653.1125,202169.9565,204815.2614,207575.7779,209499.9601,210979.2498,212206.251,213255.046,214032.9635,214308.6917,214802.8627,215541.4555,216938.0902,218529.079,220099.5772,221350.309,222434.0135,224203.9112,226291.7569,228371.4254,229962.9062,231614.3853,233002.8757,234085.5305,235020.2181,236862.8305,239458.0482,242673.056,245954.6642,249635.7701,253095.426,256546.8616,260099.2855,264393.4603,269406.7689,274519.1115,279686.1757,284175.9329,287572.7817,289858.8823,292599.4109,296927.4798,302382.9861,309693.3559,318250.6681,327889.4484,337286.7455,345578.0702,353105.4199,357698.1313,359026.1708,357775.6004,356688.167,356659.6346,356218.562,354386.4569,352720.8488,352424.5609,353951.4768
163811.8823,164020.1435,165119.3196,167395.7891,169666.2962,171170.236,171484.3796,172136.2107,173683.9718,175917.7125,178146.5109,179976.7738,181461.689,182652.8563,182392.6573,182025.8924,181993.739,183020.7384,183968.3697,185465.7738,187672.087,189892.1917,191148.4979,192247.6469,193979.4813,195393.9737,196292.1855,196464.6722,197861.8149,199637.6152,201289.7096,202406.0742,203017.1691,204207.5815,205378.3466,206388.8622,207221.8501,207913.3011,208756.2677,209893.7251,210903.2492,212025.7958,212825.0396,213955.4075,215762.3243,218088.9879,220863.9593,223710.1476,226850.1385,229560.2658,231723.1107,233849.3201,236300.4203,238901.2689,241377.2081,244870.4965,248513.4525,252188.367,255241.3942,258652.3161,262784.8337,267330.5107,272584.987,278894.3686,286841.1902,296032.4547,305521.9189,314584.9943,322987.0697,330155.4511,337020.1617,345386.4636,354154.6953,362705.714,369455.7547,376247.7795,383070.3611,389084.6263,393589.1802,393310.107,390791.9863,387758.6298,386322.453,383783.0409,380763.9984,379075.613,378728.9854,378679.1684,377938.0203,376274.9359,372626.9723,368635.7097,364311.4179,359705.774,354303.4763,349667.344,346320.2748,340854.2329,334151.2995,326214.3788,319223.8749,312340.7007,306149.1237,300194.3722,294755.6937,289439.8153,282741.1885,275384.868,266497.5024,259394.3076,254135.9167,249805.3068,246371.3951,242665.1845,240005.1033,236890.8789,233044.6632,229614.1411,227684.1535,227049.733,225237.4377,223412.485,221361.7854,219559.8683,217046.8481,214846.9588,213735.194,212839.9914,211629.8318,211646.61,211721.3685,211373.671,210135.2655,208981.2571,207979.1175,207173.9172,206221.6924,205266.5392,204180.1809,203923.2372,204571.3476,204748.9358,204380.3809,202981.3049,202510.5724,202204.044,202404.6185,202079.1437,202160.7682,203163.9714,204800.4304,206739.8183,209006.4894,211352.7711,213945.7423,216485.3209,219025.8668,221046.9209,223337.1634,226059.561,229648.9558,233431.5524,237053.6158,240848.6914,245064.047,249384.3106,252707.8011,255383.761,257562.5792,259707.9966,261503.9893,263388.5185,265172.1473,266613.8208,267645.0116,268847.4216,270352.8569,271254.7515,271992.4221,272816.006,274571.419,276279.4207,277921.4357,279310.2445,280419.2232,280900.1647,281361.6428,282544.2568,284661.7714,286543.3799,287826.7042,288162.6151,288822.9849,289976.9894,291184.4975,292714.8024,293999.3066,295251.1116,295894.4539,296904.2291,298829.4268,300907.1046,302367.7199,303293.8106,304337.5983,305542.309,306589.2978,308002.9394,309274.7305,310421.6051,311168.2883,312205.8537,313700.3939,315023.1986,316160.1221,317351.894,319219.8263,321377.8753,323324.5349,325220.5657,327389.3552,329478.9392,331469.3156,332893.7214,334633.7106,336187.9728,337987.3843,339663.0803,341981.3806,345009.6401,347982.2828,349781.7034,350645.8342,351885.2395,353696.5905,355348.3492,356614.8891,357451.3665,358387.9786,359588.5435,361789.0733,364482.7457,366915.3398,368456.2282,369011.0709,369045.8962,369360.3118,370657.8604,373265.578,376816.6447,381038.44,385420.2985,389613.1607,393759.5613,398172.9408,403146.8549,409602.3337,417223.6271,425585.818,434022.1075,442227.5168,450157.018,457994.1736,465924.4701,475010.3173,484762.864,495091.0534,505572.0062,515285.2503,523403.2484,527902.4312,529623.6106,529049.1071,528819.082,527839.613,526017.8752,522865.5831,522389.3122,525170.8056,530143.6213
269555.3586,270088.7296,271026.9739,272477.7353,274194.6752,275607.5583,277129.2813,278735.8831,280480.3617,282423.4441,284140.8426,285673.9858,286861.2806,287898.2114,288816.047,290155.6231,292013.1473,294280.6203,296187.9239,297916.6966,299716.0805,301897.1089,304174.575,306148.4834,308304.7815,310195.0415,312284.9622,313856.5821,315270.9984,316494.4327,317816.9403,319386.9171,321216.3257,323181.0865,325163.5345,327159.7162,329269.2938,331499.6032,333700.882,335746.5517,338015.982,340381.8552,342679.5607,344964.98,346897.3997,348925.4579,350777.5123,352889.7799,355461.405,358273.7443,361382.5614,364809.0371,368786.1807,373209.7217,377400.823,382465.3691,387608.1938,393222.6536,398032.504,402620.7084,408037.5859,414943.7009,423440.2604,432967.0998,443874.6709,456948.4226,471052.4759,484533.5785,495829.4643,504974.7652,514334.1381,524691.2951,535343.8039,545768.9758,555655.8434,566724.053,576632.0662,585406.5075,591715.4377,595738.4926,597988.4741,601539.4596,604232.709,606632.3909,604565.3497,604355.0468,603747.1554,604556.0607,604313.5855,601722.5257,597375.3314,590126.0705,582800.8388,574528.8525,566717.0891,557929.7366,550646.4293,539417.1371,528260.5377,516091.1456,504364.1972,493101.4437,482045.2783,472974.5516,465612.5357,457484.7385,445509.9452,430057.0738,413089.7802,399918.7003,392117.918,387406.7926,385941.1512,382647.9737,380300.4283,377430.4847,374237.5322,371181.2829,372633.8975,376367.2661,378156.6852,378008.851,377840.9085,378496.9732,377109.1952,374564.0392,372704.5238,370252.6616,367646.3944,368111.7855,368256.7147,368033.2656,365246.7238,362733.3511,359534.6407,356001.397,353099.3792,351843.709,351807.0487,353601.4684,355523.0539,355866.1435,354394.8071,352913.0546,354216.4928,355950.8355,356337.166,354992.7612,354276.0942,355919.7643,358368.4741,359865.2274,360580.7017,361882.6508,364391.6947,368679.0814,372992.4164,377487.2877,381051.0857,384740.3931,388896.128,393502.1817,397600.6659,401753.2707,406450.0212,411366.8461,415495.5007,418942.1846,422161.3712,425040.6388,426740.2889,428553.5544,430931.5532,433812.8183,436519.1942,438551.3611,439686.4098,439669.7198,439508.9702,440583.9492,442931.8557,445758.8713,447900.0047,449499.6901,451220.7745,453230.5619,454656.6077,456566.3038,459037.0371,461909.8161,462367.8596,461187.3353,459540.1174,458749.0954,458274.8739,458010.9719,458276.2989,458856.6735,459080.9332,458971.7024,459132.4006,459864.5756,460714.1359,461105.802,462571.6154,465261.8781,468349.0986,470983.1234,472193.28,473432.1564,473641.5873,474224.0479,475786.0056,478198.4684,479621.2745,480167.4842,480185.5418,481492.2789,483454.4204,487066.2051,491081.544,494815.6131,498145.8837,501366.4625,504656.8539,506985.4783,509960.4504,512889.7793,516370.2471,518827.2809,520187.9462,520037.8089,519340.1029,518614.5315,518313.2463,518023.2077,517979.3308,517833.5338,518401.7902,520463.6254,523607.0204,527187.7692,529930.404,532253.9352,532515.875,531931.0969,531236.2493,533252.102,537310.2715,543088.1537,549776.3871,557064.015,563930.8532,570757.8007,577198.5611,584407.3199,592423.0929,600859.1198,608981.926,616028.8487,623480.8148,631094.2769,639444.4879,650076.8814,665029.6365,683292.6033,702233.0571,718899.2182,733735.9118,746491.1994,755278.6012,757279.8298,753994.4887,750724.9432,750219.199,749845.5623,750853.9533,754380.0628,761340.4735,768798.0923
48161.89775,47952.82341,48238.50169,48691.81651,49682.73647,49786.33622,49220.4984,48213.21724,47820.03434,48077.76731,48368.42704,48643.79913,48983.69829,49620.75704,50484.43887,51623.68545,52685.27603,53748.28241,54722.88302,55527.2296,56469.39722,57290.43856,58044.39967,58489.14487,58953.05761,59918.84966,61024.8868,62033.47004,62811.49954,63551.11168,64253.92621,64850.66923,65288.51536,65397.91891,65705.95595,66031.85385,66656.78673,67182.26256,67861.07449,68659.30264,69634.84719,70570.89321,71572.71694,72652.45458,73844.8142,74634.88404,75475.80503,76403.41136,77683.53573,79105.27315,79863.98854,80630.22682,81085.35842,82455.34733,84272.31113,86459.98938,88500.82032,89845.90427,91241.16453,92588.59731,94436.5752,95502.50856,96401.32937,97692.71162,99924.30415,103008.5632,106094.694,109521.2669,112485.2494,114866.8248,116967.6635,119101.5189,121498.3253,122947.5127,124141.692,125034.9105,126247.8534,126906.5682,127368.2933,127826.1126,128379.3225,128445.3581,128259.526,128112.8133,128474.292,128278.6197,127781.091,126941.8792,126510.5765,125831.8593,125662.6693,124702.9343,123447.6407,121250.0035,119400.8349,117909.1804,116736.0687,115430.0051,114201.9583,112450.5707,110705.0731,109103.4802,107520.7889,105422.4921,103164.4514,101150.9801,100285.3039,99706.3042,98737.25376,97276.52045,95684.77851,94640.42557,93712.32827,92474.57741,91135.59859,89800.41728,88722.24754,87701.73183,87080.00131,86716.05253,86663.19814,86293.97113,85917.49576,85686.50363,85589.84335,85476.12614,85330.12186,85065.79473,84665.46397,83954.63644,83204.67835,82412.73597,82090.42484,82124.99262,82116.40686,81878.50234,81549.02102,81576.75274,81536.38046,81656.77071,81638.94259,81456.18044,80820.02529,80285.62069,80073.29814,80377.05661,80843.20101,81474.29515,81974.13941,82725.07565,83115.91993,82979.91942,82616.16657,82950.45426,84023.00636,85205.86452,85876.50388,86330.51364,86535.85997,86893.84613,87011.50616,87167.674,87143.11263,87530.97564,88226.61578,89174.42543,89844.61575,90222.135,90546.74276,91120.26142,91878.84225,92725.7679,93541.51872,93742.45576,93809.60757,93665.0826,93481.17707,92724.5375,92077.43392,91972.89094,92628.14788,93343.98329,93818.05661,94080.78661,94741.46779,95727.81105,96743.0194,97490.31241,98657.5678,100258.1878,101651.469,102323.6682,102772.0523,103210.2838,103762.4033,104531.6799,105835.0775,107121.0175,107805.5231,108263.5785,108861.4058,109709.7759,110303.4037,110587.8425,110748.8599,110821.6088,111057.027,111286.589,111628.2763,112066.4042,112732.2706,113580.5382,114453.3127,115340.5398,116149.5326,116698.8081,116999.4986,117125.3498,117782.8268,118473.0511,119239.9602,119223.7974,119150.3312,119095.0041,119372.8058,119899.4134,120665.427,121763.574,122630.0348,123446.4874,124386.2224,125313.1877,125985.4868,126565.9036,127306.812,128359.2947,128981.3332,129637.3932,130067.7838,130965.7839,132253.4577,133836.9641,135402.9583,136535.9192,137393.6725,138078.6973,139096.8136,140530.8883,142615.4251,144995.9704,147633.1446,150227.9806,152636.4924,155266.4226,157958.917,161061.1016,164669.0011,169042.9349,172035.7701,173628.599,173865.435,175024.0618,177184.7748,179244.4683,183353.1335,188787.8935,196277.9438,203234.0398,209549.3639,215742.6811,220733.408,223755.5667,224271.133,223749.4644,222236.4802,219725.4062,216323.5441,213844.1911,212828.3782,212762.7828
114459.6662,114622.4048,115050.8708,115519.6389,116074.6032,116718.8361,117591.1977,118575.8076,119599.4345,120918.506,122153.3034,122693.7501,122621.8892,122472.997,122798.1912,123502.1598,124623.1578,125563.1344,126355.5257,126829.7374,127554.7284,128549.105,129878.4068,131728.4038,133611.1723,135017.1078,136020.4184,136791.8349,137715.0598,138289.1585,139013.7437,139935.8643,141342.1095,142927.127,144546.6427,145772.395,146817.518,147688.8476,148914.5954,150114.5405,151294.4366,152180.0687,153154.1207,154121.7681,155304.4979,156474.4525,157889.6249,159181.3498,160763.4061,162448.2608,164045.8685,165567.3423,167216.9652,169597.1882,172171.575,175352.2057,178136.0439,180670.7603,181911.6881,182594.1035,183216.7512,184824.8505,187185.4116,190836.6429,196126.0389,203195.8368,211334.2548,218668.1379,225174.534,231244.2974,237986.0907,245163.4318,250641.0537,255730.433,260181.3422,265396.9005,269493.9491,273509.998,276510.3544,278782.8674,279571.8341,280200.5337,280652.0179,280360.0601,279612.3473,278799.5011,278249.8987,277761.5325,276948.6044,275274.0327,273251.6562,270575.0941,267833.7932,263878.9984,259930.4531,256426.1994,254778.4002,251379.0313,247077.4175,241069.7653,235460.7379,230068.7258,224942.2398,220399.3375,215607.026,210250.7302,204052.0515,197777.1466,191150.9515,184722.7609,180891.2077,178572.1436,177893.6189,175308.5922,172743.0315,168264.7561,164538.0461,160964.1019,161244.4637,162409.4895,162803.2635,161914.8383,160640.1882,159803.3586,158497.4038,156414.8152,154313.9977,151742.2017,148872.9298,148160.2838,147867.982,147785.0993,146143.7588,144047.7212,142410.2859,140215.5699,138409.5768,136698.8152,134540.1929,133693.1615,132829.8899,133261.7661,132347.8369,131622.0541,131056.8808,131499.3464,131888.4419,132156.7291,132539.03,134015.3086,135372.1686,136472.7229,137387.3975,138370.0753,139239.0102,140139.7132,141291.3525,142575.0345,143310.77,144120.383,145290.1101,146837.4221,148372.8329,149751.3652,150988.2945,152087.854,153008.9689,154708.51,157269.5311,160757.0246,163666.0246,166273.855,168422.113,170406.6262,172133.7036,173125.4148,174050.5861,173678.524,173593.6205,173883.9512,174935.5327,175941.3404,176184.8747,176928.9255,178241.4761,180152.1357,182441.7827,184284.0171,186457.2004,188043.1841,189264.4499,189618.5637,190297.8032,192015.993,193738.5973,195594.7088,196966.4871,198894.5585,200460.6441,202564.082,204789.9,206478.7605,206701.3007,206374.8127,206951.2212,208910.7022,211264.6556,213697.0681,215481.2055,217302.2178,219006.6006,221280.9684,223867.165,225990.1092,227105.0366,227576.4814,227470.8747,227584.7092,228027.5313,229494.4951,231267.18,232804.8424,234242.607,235825.5516,238003.5645,240029.8367,242233.9125,244360.8998,246191.8873,247774.504,248719.5347,249296.2825,249510.8732,249396.4326,249758.1856,250014.1805,250499.3206,250609.9847,251332.6629,252954.9518,256006.3731,259074.516,261807.6751,263840.7013,264729.1833,265181.9469,265740.3777,267444.2771,269917.31,272596.7641,275580.4256,278580.6339,282080.0421,285761.3057,289756.159,293391.2694,297550.0537,301918.633,304803.584,305661.1999,305126.4714,305725.7467,308376.3776,312199.0808,318728.5165,326541.3004,335115.7879,342220.0143,347306.3049,351482.5994,354323.7977,356097.9804,356718.0651,357124.3736,357697.2775,357828.2951,358343.2821,359016.7368,360852.8007,362596.8548
141160.6534,141562.093,141885.4684,142703.9159,143416.9932,144118.093,144441.7107,144840.1785,145715.3829,147230.9748,148837.6897,150048.687,150786.984,151476.854,151994.3997,152574.1865,153084.067,153782.6358,154574.5654,155381.4157,156056.3621,156689.5311,157322.0617,158175.564,158550.4395,158754.8232,158556.2066,158784.8008,159296.8965,160299.4448,161472.9232,162502.1584,163178.4666,163648.358,164406.7732,165361.4287,166632.6468,167975.8664,169840.1365,171600.283,173172.2465,174128.4629,174901.0463,175898.6259,177281.7564,178644.1484,179750.7488,180926.6737,182406.4588,183919.2001,185213.8324,186919.5219,189137.5126,191890.6288,194861.1817,198083.9131,201698.6705,205063.5904,208274.1319,211415.6085,215394.2917,219861.6102,224899.8981,230739.3263,237254.2945,244895.9927,254052.5737,263500.0062,272329.5794,280849.513,289542.7484,297510.6756,303871.878,308961.8531,315461.7151,321342.7281,326497.3922,329144.6245,330790.7154,332316.7908,332531.3652,332073.7299,330841.7654,329948.4643,329283.0585,328655.7772,327940.2216,327906.5163,328335.2398,328515.4148,326425.3167,323634.095,321436.4707,319281.9948,316271.4765,312041.6908,307740.4156,303151.5898,296563.903,289855.5128,282867.7829,278101.6916,274370.5861,271112.1787,267270.9722,262613.5439,258594.2793,255706.414,252801.3492,249034.405,246141.3987,243107.2418,240549.0885,236347.7787,232478.5149,227679.6157,223277.4112,219959.8079,218055.8974,217050.2488,215879.0085,215356.3166,214501.0576,213209.7078,211035.9023,209516.2922,209287.86,210173.3264,211204.0439,212152.0078,212181.8768,210685.8162,207674.7901,204866.0153,201643.5961,198731.5611,196205.7466,195627.4799,195375.0939,195124.6345,193885.883,193490.4809,192734.7847,192590.4505,191723.5162,191775.2143,192341.8683,193882.9614,195616.4562,197499.5291,198816.5812,199397.4115,199319.7062,199570.6017,201182.0893,204256.6488,207752.1252,211039.3057,214122.9915,217678.7484,221732.0742,225707.0927,229727.0084,233270.6445,236671.5836,239387.4316,242409.2086,246136.1471,250675.1247,255287.9629,258936.7243,261370.9832,263066.6169,263982.5328,265683.3196,267443.619,269558.1567,270986.9597,272559.6442,274506.0786,277079.7479,279957.3546,283666.47,287245.4953,290314.5894,291769.4334,292536.1356,292964.0718,293943.3079,295164.9094,296474.8609,297696.8009,299283.0771,300915.1789,302018.477,302754.7483,303416.9827,304247.8579,305007.7363,306222.5636,307942.447,309377.9097,310387.0179,310897.8409,311628.2489,312869.9488,314606.7722,317006.284,319300.5808,321230.7214,323161.473,325279.6848,328478.193,331506.7142,333380.0422,334050.3276,334570.3989,335085.0721,336227.3519,337496.4009,339349.203,340756.6263,341892.4824,343198.2611,344804.1563,345619.7636,346106.2788,346640.2892,348643.0937,351248.9881,353697.7599,355621.2008,356843.6339,357774.6036,358156.234,358700.9567,359346.7792,360365.0316,361996.3116,364207.946,366978.697,369242.6463,371226.1451,373284.2084,375445.8344,377578.8457,379714.144,383087.952,387824.6616,393171.0837,398678.484,403885.9514,409141.4894,414495.9574,419896.4384,426048.8631,433454.0988,442406.229,451299.9019,458726.9668,465159.0352,471752.4935,480556.5986,490822.181,503068.6686,515652.7879,528389.5979,540663.5062,551564.5468,561399.6505,567467.7206,569879.3529,568155.2531,566322.8098,565699.1515,565934.7712,565994.0403,565979.3014,566906.88,567469.5264
85253.23499,85505.91312,86352.86192,87240.23622,88033.53137,86732.16928,85059.05503,83509.43828,83215.89026,83459.54997,83529.76118,83664.38983,84336.52761,84862.30842,85959.03287,86406.15228,87351.92908,89309.00318,91899.02014,94473.46813,95189.01657,95032.83781,94544.67625,94193.18325,93752.07694,92714.09684,91899.22504,91771.10667,92336.22031,92591.873,92515.32503,91694.47921,92758.21185,95299.73332,98563.98161,100199.0498,100867.5485,102033.5633,103418.011,104833.7514,105786.4821,107243.236,108983.144,110645.8932,111681.3648,112088.9601,113317.275,115543.5066,118376.1524,121160.0006,123842.8955,126699.7096,129189.7527,131239.3736,132880.647,134987.3408,136959.714,138543.5403,139898.9478,141253.58,142742.0461,144647.6863,146512.1613,149879.6905,152713.1979,156296.6512,159239.2723,162436.9388,165460.7334,168254.4246,172371.0541,176883.5784,181165.8762,183303.6888,185193.9971,186663.5296,189294.2825,189103.4245,188553.5391,186186.0288,185289.5145,184139.4083,183841.301,181978.2504,179492.5804,177734.7669,177092.804,177328.429,176148.4835,176325.5965,176931.4587,175695.6735,172541.0536,168204.7645,165115.403,163399.2846,161003.7342,159063.0771,156056.663,154420.2603,152894.0741,151591.5826,149915.5557,148767.4602,147444.156,146248.9896,143259.8312,140234.1994,139300.1802,140642.9164,142996.0029,142544.1314,140988.0874,138900.6842,137856.4057,136563.2662,134422.6723,131561.7362,131005.9912,131586.8571,132771.6162,131608.2107,130748.6023,128613.9978,126973.949,124275.1819,122652.895,120999.9624,119666.5134,118227.2844,117151.9327,117085.3899,116845.4017,116682.8432,115311.866,113689.5835,112337.8057,111939.5346,111859.2365,111492.9066,111198.8213,111099.219,110296.1129,108856.0197,107501.4285,106638.2457,106086.6508,105610.7576,105248.3893,104654.4526,104178.4547,104082.0149,104325.2377,104604.9561,104651.4301,104956.1541,105072.2961,104969.2344,104886.6028,105358.6068,106345.9811,107436.5416,107938.8484,108619.5193,109684.1268,111834.8615,113846.9284,115635.469,116977.3674,118697.1024,120531.9515,122773.8847,124410.6418,125520.4065,125876.3429,126397.6867,127364.0686,128817.3083,130560.1736,132365.5275,133816.0491,134820.1296,135484.7616,136384.2022,137688.9446,139062.3694,139911.3616,140787.9423,142080.8868,144134.1972,145960.8376,147122.4891,148327.1114,149895.0069,152057.8282,154276.6638,156232.1327,157672.3119,158496.7306,159261.8521,160511.4192,162228.5767,163886.2639,165164.9218,165696.143,166572.6632,168225.236,170924.3628,173663.1326,175821.3135,177392.0653,178885.9674,180490.1712,182521.2293,184321.9643,185838.9357,186984.541,187943.2504,188833.7957,189886.5771,191314.8387,193108.0718,194868.4544,196422.2542,197498.2218,198527.8744,199646.1237,200887.3104,201890.434,202204.9359,202173.7056,202299.34,202925.3127,204307.5061,205856.3098,207557.0965,208912.9964,210122.0021,211778.8721,213917.1,216498.0481,219103.6895,221477.4397,223306.6115,224291.5493,224944.1378,226038.5683,227788.1892,230480.3502,233112.6568,235708.7079,237935.7991,240305.8672,243466.6765,247492.4998,252350.8417,257597.4345,263185.9923,268303.0717,272482.1945,275511.2336,278835.2193,282531.7124,286791.0502,292436.0773,299205.56,307075.1662,314713.3785,322137.1332,328537.6675,333462.8315,336404.8704,337484.0503,337745.0549,337727.2925,337274.2587,335240.7472,332784.5367,331145.928,330843.2616
183663.3545,183461.2761,183985.3093,185213.1533,187548.0991,190185.3495,192478.9122,194144.1682,195283.3828,196797.6292,198404.3865,200044.6339,201197.9962,202885.8701,204631.0959,207143.9186,208947.0987,210528.7103,212178.7008,214721.3357,218018.2009,220688.6275,223029.3711,224844.2486,226700.5703,228124.7925,229170.0152,229906.7125,230876.8121,232045.5013,233141.9334,233642.2394,234553.6277,236176.2134,238998.7317,242769.1794,246914.0878,250699.3786,254217.6937,257510.027,261419.7563,264880.7147,268758.3429,272796.6195,276997.5777,280927.182,284035.0793,286889.8375,289438.3263,291959.5194,294832.5372,299021.3449,303930.3336,310020.8607,315721.8024,321645.8449,326983.6026,331513.0236,334942.5878,338147.9025,342825.8933,349393.7704,357277.8468,365652.6249,372757.4084,378908.889,384704.9509,392875.0048,403008.8581,412572.5651,420759.1817,426904.9075,431696.1457,436735.9232,442578.6972,449109.5617,452886.2755,454344.4534,454621.278,456386.8519,457553.3526,456660.3056,454303.2485,450565.635,450224.4954,449630.5718,448852.3608,446401.6212,442885.4972,440130.8884,436401.6251,431954.3469,426333.1978,419645.6829,414261.4867,407053.6175,401212.9569,394331.1732,387965.9463,379665.6421,371524.8372,365388.7381,360589.7376,355204.7856,348653.6033,341775.5487,334639.9459,329891.6401,324903.9958,320602.3342,315453.9154,310711.4815,307330.9106,304911.4358,303610.9739,301548.146,298707.0979,292069.0531,286269.3475,281374.4869,279931.4905,279320.2158,278983.3531,279688.8522,279568.9798,279125.3869,277561.4682,275010.4483,272583.4482,273085.8836,274962.9366,276225.8008,273544.8095,269268.9102,265723.1395,263315.2974,262162.6329,259833.3773,256623.0961,253518.8274,250847.3354,250195.0671,248502.2226,247674.5807,246391.2624,248231.6063,251542.261,256119.8378,260337.3781,264033.1746,267927.3608,271040.1932,273421.3899,274718.9096,276337.2647,278192.2036,279809.3495,281391.9758,283343.0253,286546.5056,290818.1927,295386.3087,299293.0758,302606.1359,305488.8335,308446.017,311554.9322,315504.6752,319247.2942,322613.0526,325487.202,327887.75,329876.0854,330823.8416,332239.53,333790.7578,335331.9101,336636.3302,337237.3649,338305.6998,339197.8132,340601.3509,341682.8913,343304.5976,345314.8077,347390.7189,349182.1908,350748.3836,352840.2386,356121.1802,360018.4564,363835.448,366247.807,368218.5058,369777.0162,371960.3534,373363.4737,373798.1246,373443.8808,373100.5404,374008.2153,376340.1416,379282.5019,381907.7439,383246.3639,383721.0387,383568.602,383631.1197,383887.902,384672.801,386150.4376,389469.807,393835.7473,397791.93,400705.9618,402874.6791,403608.0154,402992.7562,401372.6261,400405.929,400236.7896,400455.1032,401789.1131,403492.9372,405950.5901,408135.3871,410973.9309,414054.9693,416058.0395,416588.4473,415859.5579,415491.2271,415320.1243,415694.0484,416795.5191,418529.0632,420423.0586,422414.2786,425241.2913,429023.951,434460.0233,439658.5197,444266.5437,446683.8962,446783.4968,446025.3942,445963.2233,449109.6756,454600.2149,461559.3438,469529.9771,478167.6328,487056.581,495430.9588,503416.2871,512143.8251,521844.5033,532300.4144,541931.5904,550695.2052,559305.4797,567704.2012,575610.126,582971.6665,592470.2249,604982.8517,620201.4354,635810.4126,649718.4389,660892.2614,666205.7076,665947.968,661380.8546,657085.0892,653455.266,649967.8136,649058.5688,649300.9657,651733.0033,653957.5464
176069.2333,176946.3795,178041.9615,180137.4915,182230.6818,184483.2308,186488.5215,188784.7483,190619.8394,192489.8987,193870.7566,195109.2029,196171.1399,196928.318,197520.8417,198450.8089,199986.5252,202717.915,206060.9994,209600.3852,212566.0458,215333.9315,217685.9228,219958.3522,221358.6642,223555.4218,226206.8986,229687.8103,232668.775,236023.8838,239620.2984,243557.4662,246512.0431,250499.4441,254728.2803,260050.8791,265168.2268,270248.9001,276193.0709,281545.3586,286653.1479,290982.1397,296021.539,303000.6801,310714.43,318586.1344,325269.5536,331009.367,336583.8866,341735.8893,346281.4949,350306.9399,355012.9051,360333.9934,365787.2228,371294.5988,377377.4503,383706.9788,390310.06,397678.9472,405061.4782,412404.5349,418887.6754,425680.9265,435585.7019,448012.6058,461833.5435,474392.9959,488663.2995,501193.6714,511948.4492,519710.6984,529055.0102,538100.276,550749.0392,564386.2415,576385.164,582784.1413,587282.9689,591972.75,596102.9377,596649.457,596073.0899,597300.3047,596516.2525,595582.7839,587325.6583,579979.2119,571985.4568,566246.7583,559721.6868,553819.1706,545910.7469,537254.6,528684.0716,523233.9156,514273.7139,500376.1113,484126.9672,472113.4382,461485.5618,450027.4672,435968.5189,418668.706,402672.5308,389232.3622,379047.5344,368468.5871,356460.9502,343534.6914,332116.4583,323859.1885,320829.6347,318813.6329,315085.5584,310657.543,305624.1751,302673.0582,298178.1837,294649.4902,291470.7639,290282.0286,291037.7427,292184.1047,293951.9617,293365.6674,292235.8994,290652.7207,289493.0888,288104.6249,286663.4776,286690.8964,287348.4829,288654.5933,288101.1002,286285.4317,281939.8352,278103.8508,276880.4011,277587.4238,279431.7493,279082.4291,278711.8168,278496.5444,279545.1911,279575.595,277676.4029,274791.7265,271942.0556,271137.5828,272168.2676,274679.7496,277340.5518,279088.9624,282119.5243,285360.4444,288941.0315,291000.6208,292970.4771,295668.9049,299545.1265,304473.4327,310279.6029,314797.5227,317615.4901,318847.7351,321598.0226,325729.2566,329598.5713,332816.6441,335272.5116,339208.7081,343663.9538,348110.5518,352155.7019,355049.4446,358231.7894,361424.8114,365873.2336,370929.4819,373753.696,375634.5927,377150.8359,381490.6743,387203.9537,394431.2718,402183.5367,409898.909,417653.0413,424825.9999,432757.3765,438625.1365,442474.6825,444180.3517,445836.1026,448410.4262,450695.2305,452372.5178,453578.2887,454146.0341,455096.6924,457187.5101,458730.3745,458594.6676,458544.0605,461817.0899,467646.5596,472884.5014,475865.2992,476896.0691,476560.499,475512.5605,475415.8948,476858.669,479304.189,480941.241,482579.1268,483980.1447,485729.247,487687.9644,489954.4695,493301.2505,495818.3819,496985.3786,496922.5032,497444.4199,498968.046,501019.4608,502418.4502,504878.5188,508458.5031,511747.6051,512584.5538,511430.2891,509308.337,507844.0058,506768.0114,507406.6075,508938.307,511566.0333,516752.0946,523977.6178,531154.3364,535379.7429,536001.6812,535179.0489,535068.6811,537912.731,543147.2092,550233.2276,557806.2821,566023.4017,575638.8654,587010.3573,598697.1928,609705.1511,621084.3504,633171.8703,643951.1476,652775.1924,658638.2163,663071.4836,667471.4758,672212.3413,685479.9063,704962.1282,731165.7698,755594.9281,777991.1742,798442.1933,812121.7712,817304.6632,815319.9718,814640.3484,817510.1649,820684.179,821608.0157,822338.6354,824772.2008,827440.828
54266.82677,54683.73103,54995.21698,55639.91138,56014.61249,56615.97892,57290.17939,58300.7063,59028.96533,59442.93467,59273.07276,58821.65811,58730.7535,59230.84575,59950.88288,60222.5234,59914.5024,59851.70305,59945.79532,60350.70971,60663.66495,60954.83817,61167.23041,61062.99783,61045.4695,61064.2742,61360.23045,61814.68217,62391.78097,62995.37056,63396.54434,63859.48491,64322.33526,64801.49372,65362.80304,65778.58978,66137.13308,66500.90512,66598.07701,66917.26894,67198.73046,68025.00297,68774.03852,69486.56298,70552.13951,71506.73554,72056.55296,72135.2598,72951.04362,74638.0316,76767.34032,78609.34062,79636.80823,80678.43187,81959.69213,83594.6176,85056.55659,86139.34047,87313.0525,88127.09935,88843.05514,89433.1787,90638.70705,92159.33128,94325.47992,96512.21285,98711.2754,101313.7486,103707.784,106350.5843,107952.9489,108934.1343,109378.7831,109945.8941,111131.5443,112350.4891,113323.5258,113975.5337,114719.3794,115130.0805,115490.7063,115353.213,115196.7627,114375.0612,113256.1292,112250.9086,111818.714,111351.5645,110398.5179,108601.5067,107371.0114,106140.9812,105579.2361,104667.8079,103867.3888,102655.0251,100964.1397,99464.57884,98123.92976,97080.79564,95948.23056,94418.37124,92852.37425,90921.90271,89252.0867,87223.20449,85688.29555,84290.06845,83188.7661,82120.13972,81383.58356,80822.1692,80188.55025,79241.27454,78428.233,77585.14706,76604.44798,75644.92812,74864.69728,74327.16857,73628.71898,73000.34852,72519.0581,72413.44409,72392.98488,72326.72979,72154.63072,71856.81125,71338.69294,70612.68173,69718.64865,69046.4387,68387.11638,67981.7025,67540.65974,67228.86019,66992.6599,66601.88051,66267.75006,65975.32199,65977.69132,65860.64022,65792.37648,65724.50209,66047.33308,66419.2069,66549.5724,66604.97816,66554.85355,66858.57074,66437.41592,65884.9238,65301.3397,65306.43457,65692.07074,66470.7638,67347.69506,67839.4216,68165.80752,68799.18984,69514.50304,70096.02204,70281.93787,70687.35266,70849.26299,71070.6101,71044.73474,71450.04523,71675.44337,72025.18813,71960.89934,72072.80882,72387.03069,72778.22118,73111.19575,73086.64513,72733.12751,71940.34509,71436.8007,71402.58911,71741.77973,71887.19109,71707.25876,71965.28539,72385.89548,73079.96,73526.43432,74072.57047,75241.7034,76522.1163,77606.29237,78071.08586,78638.88331,79285.45569,79767.95104,80124.30078,80158.66015,80206.06185,80042.22092,80059.08731,80221.41087,80685.87172,81409.36088,82096.71206,82657.11278,82976.98545,83137.4451,83248.3702,83419.19904,83948.50795,84909.15522,86161.04479,87601.17714,88606.32271,89312.2186,89546.0126,89389.23222,88925.90227,88597.85152,88083.54531,87644.60149,87093.139,87175.31686,87060.04492,86709.15183,86209.19536,86504.93578,87243.3581,88302.84168,89321.52728,90532.34928,91475.88324,92582.06592,93937.21333,95402.67194,96626.58437,96928.62604,97505.84608,97239.01571,97337.72603,97509.26616,98738.11726,100001.3587,100772.9644,101158.5234,101256.1386,101967.4956,103643.8492,106664.7507,109588.7109,112070.185,113720.2476,115162.5664,116676.6587,118264.71,119992.5055,122326.1943,126981.6224,131797.9442,135806.5747,137161.91,138390.6755,140350.1907,142938.926,147159.0165,151613.5698,156221.9322,159866.1735,162921.2096,166112.1204,167444.0393,167154.3111,164039.3907,160938.0942,157638.8287,155474.1421,155621.8085,156436.8683,156868.4202,155146.017
28307.09976,28196.52961,28291.63058,28376.83195,28358.01412,28243.11313,27998.61252,27984.60422,27921.32462,27773.29331,27660.48056,27645.65217,27892.74451,27938.53865,27938.11482,27996.92852,28396.95604,28855.37044,29409.12147,29711.41332,30106.66394,30232.90845,30376.97392,30399.23834,30501.71865,30647.56139,30825.3317,31261.68263,31613.31557,31858.79623,32027.75675,32382.79948,32987.99062,33522.57919,34106.54746,34393.23832,34579.34637,34482.8118,34753.98819,35131.41842,35775.33389,36197.03766,36484.02398,36778.69082,37167.27214,37800.05981,38337.57695,38756.51371,38918.74007,38971.28538,39161.75694,39523.93781,39935.07507,40240.39697,40945.00696,42040.21062,43319.36645,44304.52754,45273.54677,46196.56049,47433.41348,48205.34273,48774.19976,48954.04127,49512.09976,50217.65496,51215.82489,52569.71289,54151.21815,55730.32546,56951.13482,58008.7935,58910.95066,59410.58965,59956.53749,60456.42959,60936.07287,61179.32199,61390.49091,61844.66908,62133.68588,62163.49521,62077.22071,62094.78475,62014.48965,61787.64688,61577.53284,61234.8462,60731.39736,59998.49207,59679.09378,59287.47195,58919.57745,58251.81443,57690.84656,56976.36889,56067.75198,55098.98527,54206.53761,53228.84789,52249.73477,51374.07178,50861.89106,50251.65218,49686.82229,49051.53863,48703.90808,48290.79551,47380.42858,46315.43913,45232.29288,44304.54197,43580.25662,42881.63022,42378.29618,41926.28303,41575.46063,41362.60749,41412.54543,41570.11961,41626.49397,41435.94894,41229.93419,41349.85113,41744.21174,42189.0881,42619.34266,42706.61802,42771.60716,42558.62938,42430.33111,42187.76758,42302.67203,42546.60235,42755.07769,42683.66757,42555.77122,42528.88518,42501.77683,42444.01887,42565.40829,42685.9683,42804.89401,42824.46213,43080.97089,43658.53948,44348.66763,44971.43973,45322.3568,45461.1829,45357.20846,45118.96814,45081.21811,45269.04809,45454.17613,45525.1009,45517.15055,45575.72479,45824.77213,46088.90548,46326.08093,46590.17805,46924.15088,47506.26719,48032.67222,48149.1943,47808.93034,47621.2415,48168.9529,49283.19647,50292.34651,50936.57349,50929.15651,50524.51033,50242.35868,50318.09499,50752.34422,50885.7191,51284.39443,51659.66511,52781.0755,54062.61904,55505.34156,56493.5144,56953.85069,57034.71211,57060.03817,57293.34349,57624.84324,57669.26893,57376.04741,57062.04875,56911.89909,56818.86036,56321.99279,55644.25987,55006.08759,54652.14708,54127.43754,53893.34778,54022.76784,54833.45359,55389.88476,55820.16449,55908.38293,55992.18143,55676.5735,55475.02634,55518.70735,55922.18497,56435.39398,56715.10103,56649.31987,56478.52674,56236.48035,56326.79601,56504.76246,56895.43235,57532.88714,58194.97041,58812.37596,59294.72434,60040.52992,60732.62072,61224.84277,61173.67819,61402.54683,61802.61955,62488.79959,63115.36574,64004.07167,65173.70405,66592.87143,67830.18986,68754.47592,69317.28808,69584.12641,69933.92327,69993.38312,70176.37044,69779.73176,70041.22798,70929.22295,72288.24158,73296.44218,73931.61234,75194.04903,77366.50524,80207.85681,82822.12135,84446.73153,84926.23738,85787.36373,87580.31879,90434.74575,93442.413,96083.07025,99029.77852,101054.4493,102661.5281,102973.3392,103509.4828,104443.2061,105572.932,107726.6898,110252.2099,112668.9219,114393.4556,115727.2583,117715.4702,118839.2367,118413.9461,115744.3377,112116.0893,109221.1405,107603.6187,109101.0445,110728.3584,111503.5148,109978.5105
161557.8894,162120.8675,162794.1649,164580.051,166834.5208,169292.0853,171498.7331,173661.4891,176093.3217,178861.0813,181419.4421,183786.7835,185494.3416,187489.5386,189420.0659,191715.1148,193720.066,195968.3658,198762.7942,202445.0756,206493.3012,210343.4578,213853.0271,216903.5581,219953.3586,222628.3812,225387.1638,228033.0283,231285.9501,234537.2358,238126.5162,241485.7237,245099.9051,248209.7741,251348.4486,254309.5602,257492.2233,260405.7706,263313.9267,266312.1744,269561.2198,272614.196,275639.8871,278340.7223,280767.4847,283409.8356,286129.8561,289609.9531,292810.0007,296298.353,299913.3799,303542.8971,307028.5234,311771.5361,317780.7456,325454.7776,332675.2867,338765.9247,343326.5317,347303.451,353775.7815,361619.5673,370582.4449,380012.5827,389224.2157,398413.041,406170.0422,415033.6851,424693.0748,434327.4926,442388.6879,447652.9422,450877.5142,454881.0716,460799.2225,467449.4163,471102.8734,473323.0069,475168.9572,478088.791,478990.6826,477295.9011,473737.855,469636.064,467836.5021,467368.1358,466823.4279,465005.0755,461415.6665,456997.1023,450340.8651,442559.8789,435042.3884,427357.001,421145.3451,412581.0623,406811.7041,400389.0208,396257.2886,390019.5866,383290.8537,376994.7976,371480.1629,365899.7011,358948.5648,353637.6323,349239.9087,346886.3228,342454.8433,337193.9466,331191.4871,325483.1052,322181.9193,319959.4617,318124.1792,315147.9666,312061.8106,308834.4643,307123.375,306184.0871,306711.4969,306685.2147,306412.327,305967.2459,304665.4972,302798.0436,300740.5017,298609.4764,296014.7635,292404.7661,288867.4357,286215.7301,282824.7522,278621.1757,274352.8502,271728.0909,270624.7081,269193.2281,266938.2749,264483.8027,263011.2571,263156.9974,263922.7926,265032.7151,266427.6992,268988.7441,272385.622,276490.569,280512.2866,284091.618,287244.2491,289395.4248,291225.5685,293352.5105,296967.1365,301821.5871,306207.8476,309694.2592,312802.3778,316104.2116,319951.1769,322559.0105,324343.4855,325374.4281,327053.6891,329760.1111,332763.7076,336456.3776,340265.024,344467.0494,348353.5787,351051.7039,353184.6811,354072.1636,355029.2641,355438.8197,356164.0153,357817.9766,359711.8514,362445.6987,364230.1362,366212.4765,367648.0828,369852.4682,372530.1078,375024.9597,377424.9506,380312.2953,384048.4004,388676.1646,392957.7348,397268.953,401386.0049,405810.6177,409921.6139,413601.9659,416942.368,419848.4752,422486.5877,425161.677,428916.2239,433830.6419,439443.9854,444962.3711,450127.274,455444.3105,460251.6267,465280.788,469314.8606,473689.8733,477799.4299,482426.4309,486660.9713,490555.1524,494004.3675,497278.016,499316.0151,501036.0644,503333.228,506274.2422,508969.5056,510931.5719,513839.2835,517672.4414,521263.9738,524790.6561,528200.2698,531883.6693,534431.4697,536264.1789,537658.1589,538906.2747,539271.4876,540017.5855,541143.2022,542669.6637,544686.3543,546589.239,549171.409,551543.5124,556081.3806,562043.5204,568271.123,572422.9775,573265.899,571392.2665,569382.741,570008.9107,574719.9316,581684.397,590514.2119,599724.8523,608921.7575,618924.6925,628779.0713,639699.3301,650721.7784,663948.9937,679508.1819,697032.8482,715982.3767,734103.3401,750131.4875,765174.8003,782346.295,802085.2612,823609.6994,846644.5871,867652.5804,886274.3494,895852.2991,898879.8846,895450.9107,891782.2395,888570.2346,882789.7565,877733.6742,872782.7935,872855.152,874316.4068
104411.0892,104654.8509,104853.7776,105216.7605,105825.1245,106352.5575,106917.1327,107304.0404,108014.3636,108488.5289,109254.3992,109817.7974,110705.5153,111334.4615,112114.3886,113034.9683,114120.945,115227.6727,115907.8953,116939.1539,117775.9276,119211.4856,119550.8906,119894.2859,119652.1186,119985.0326,120420.9323,121500.6983,122040.2373,122247.84,122261.0976,123060.8526,124466.2833,125968.2469,126787.9129,127378.6922,127394.4719,127748.5126,128156.139,129154.7261,130546.968,132170.7455,133517.7069,134661.8175,135542.3151,136192.1264,137771.4581,139632.5133,142025.1924,143595.7904,144716.8448,146016.0652,148436.5541,151660.3597,155277.2686,158528.5663,161824.4224,164559.1667,165908.1963,166281.6404,166478.8356,168123.6488,171747.6341,177102.7777,182140.6811,187613.5025,192512.8131,198681.8356,204867.4517,211819.5198,218696.0562,224790.2628,230592.2878,234976.4956,239728.2084,243615.7759,246802.7677,247961.7411,247951.0057,246605.3938,243571.335,240519.5809,238806.0571,239549.139,240849.2159,242366.1736,242025.6926,241092.0787,239689.2788,238674.8195,237328.2787,236439.239,235774.3417,234311.8124,232405.1975,229629.1121,227184.7426,224511.7825,221118.7646,218546.8785,215695.7767,214292.3249,212719.3558,210429.9187,206820.7254,202506.5623,196590.284,190487.5564,183563.9785,178254.9939,174450.4669,170457.9047,166767.8877,163807.999,162219.9239,161426.4613,159164.7767,156300.467,152602.9415,150244.5412,149095.8525,150165.7006,151388.4525,151630.3403,151007.2809,149635.2547,149328.8965,148346.5278,148245.3104,146979.6292,145994.8859,143920.9149,141975.8404,139538.137,137748.353,136642.7654,135098.0724,133109.9684,130523.6946,128189.1645,126756.7566,126672.9107,127761.0521,128685.2911,128616.6199,127914.7823,126636.7919,125556.3367,124931.9591,124546.8049,124263.187,123550.191,122983.6889,122929.8474,123501.4506,125046.4602,126980.2531,128954.7722,130208.1768,131019.53,132127.4895,133382.126,134288.1644,134868.4314,135695.1035,137217.2952,138628.2033,139895.3694,140740.5555,141715.2326,142468.1402,143043.6262,143442.4033,143742.9924,144092.7299,144173.2285,144169.3937,143948.7702,143813.1714,144125.4767,144582.2926,144690.9358,144265.2097,143933.8921,144030.468,144460.582,144896.9551,145195.9411,145524.1704,146133.7111,147152.0014,148340.9371,149650.5805,150466.7304,150780.1745,151006.0787,151559.7024,152221.6505,152888.5354,153785.8672,155384.1247,157027.9559,158792.5112,159970.8189,161033.0321,161708.319,162265.5495,163018.6822,164056.4291,165456.9059,166512.663,167375.8798,168154.3911,169004.7127,169871.348,170561.5219,171386.243,172124.4844,173063.1528,174079.1815,175298.6691,176316.9778,177363.3602,178506.3223,179101.1487,178953.7243,178424.4303,178472.9005,179107.5554,179811.4222,180232.08,180471.7998,180720.8497,181397.8439,181903.8612,182491.0103,182687.0016,183313.2939,184348.8648,185739.2797,187191.3172,188267.5771,189335.5358,189430.8588,189110.4592,188330.8237,188539.8393,189760.5206,192571.7113,195903.8954,199184.3014,201432.5624,202763.1499,203844.6238,205487.7089,208534.01,212461.0209,217666.6172,221653.2811,224021.3926,224355.8102,225553.9627,227927.3348,231572.4496,237054.7985,244707.5668,253467.3351,261928.4862,268954.4757,275099.4519,279316.6305,281966.9849,282971.5818,283741.8357,284407.3515,284327.169,283822.3287,283281.0201,283565.1168,284523.7452
65665.94875,65734.80792,66274.18335,67320.40652,68727.09941,69658.00459,69794.72882,69032.65997,68125.45672,66912.35279,66001.05528,65313.80646,65345.05817,65852.49077,66537.31528,66966.37986,67303.22632,67563.39329,68120.40477,69093.86226,70113.18334,71128.48437,71676.83712,71693.97229,71624.40727,71189.39105,71099.35921,71561.78935,72446.47565,73746.85482,75106.5565,76512.47883,77755.96464,78557.99929,79305.00339,79843.07068,80117.17431,80173.638,80205.54101,80472.69864,80837.79855,81194.75288,81182.00085,81532.1909,82009.91581,82873.91101,83616.13897,84572.42608,85893.77289,87103.52456,87983.55112,88652.86527,90056.77758,91954.30045,94097.14359,95898.45438,97465.60111,98670.63617,99270.19336,99617.25705,99981.04875,100490.2175,101774.351,103671.0818,106202.3427,109204.6548,112956.9712,116407.2772,119837.8418,122884.4134,127152.1762,131194.9576,135462.2934,138438.2295,141046.2004,143218.1744,144957.8625,145918.9919,146430.6367,146302.2398,146032.397,145576.5736,145765.338,145979.633,145287.505,144874.4047,144911.9312,146052.1034,147290.9601,148144.3328,148165.1865,148875.3412,149456.6336,149339.9726,147814.6602,145861.3297,144670.9141,144131.0699,143181.2929,142622.3661,140930.9927,139498.0508,137668.182,135849.6531,133663.8395,130901.4662,127676.2199,124695.0067,121305.8337,118442.7046,115973.0331,113504.9388,110968.2887,108584.6266,106478.9394,104620.2464,102544.687,101852.6895,101760.7122,102329.3765,102784.1673,103818.6263,105296.8597,106197.8792,105805.7251,104841.1924,104132.3733,103823.7211,103946.5235,102440.6879,100483.1883,97234.35102,95469.4345,94192.87625,93385.95823,91968.80345,90656.08404,89309.93733,88043.35594,86373.40592,85113.05731,85300.53677,86384.95729,87551.55157,86900.03826,85724.94011,84115.79793,83218.36606,82527.51864,82045.59653,81512.4147,80539.21554,79566.9065,78954.58769,79297.0677,80867.82629,83134.78835,85276.19905,86683.9934,87863.57309,88931.03769,89953.57025,90360.70601,90794.62922,91115.34338,91803.99003,92172.21906,92468.77791,93094.68782,94104.50765,95047.56933,95562.633,96279.87671,97188.47857,98326.12656,99112.19188,99916.61467,100416.5836,101169.5241,102434.7949,104127.175,105366.0458,105975.556,106174.5192,106491.5095,107043.3246,108196.956,109758.9791,111544.7067,113211.103,114447.3138,115753.6993,116938.0149,117940.8215,118437.4079,118888.6478,119544.6904,120023.8608,120185.8086,120737.3782,121894.4572,123265.7968,124064.2251,124785.5564,125736.3767,127206.978,128525.0892,129942.8093,131455.3178,133056.9203,134988.7065,137025.5963,138816.9232,139340.0561,138891.8216,137901.6388,137001.6466,136624.0822,137234.4402,138378.6665,140164.2176,142141.9136,144621.7874,147222.2469,149392.601,150845.9638,152030.045,153828.5481,155817.8948,157563.484,158709.6841,160008.498,161720.0057,163758.7532,165555.7634,166855.7629,167703.7589,168261.4179,168609.9901,169062.7213,169458.0836,170551.962,172072.8489,173422.6634,174362.2288,174498.1221,175864.9881,178058.7991,181188.2672,184609.709,187752.6707,191029.1851,194226.8461,197162.5772,199410.9027,201202.1579,203182.5553,205795.5946,207561.9538,208035.7326,208138.7944,209555.3451,212759.0691,216656.098,221716.9368,227624.6096,234221.4601,240765.0712,246615.4726,252085.9014,255635.294,257260.2225,257292.4621,257348.8503,257844.1673,257492.0539,255427.3185,252659.783,250388.3789,249644.6588
160644.0547,160937.7209,160738.6963,160644.262,161613.4194,163365.0944,165300.6974,166074.003,167173.044,168346.8976,169415.7189,169820.8395,170159.3849,170966.2722,171924.0007,173080.1168,174683.8381,176468.6963,178095.0664,179365.3638,180446.598,181438.7994,182126.9293,182683.5095,183014.4475,182949.4107,183264.7895,184413.349,186544.9084,188940.8915,190938.9742,192784.9777,194512.5245,196186.3066,197888.1182,199240.6142,200756.3093,202550.9879,204181.8429,206717.1261,208956.1556,211358.9878,213218.4698,214399.4348,216503.8857,218410.0507,220541.2914,222406.7685,224816.3866,227676.8319,232133.0711,235922.4128,241465.7095,246917.3659,254863.1335,264502.4523,274149.5234,283916.7199,292024.4205,301120.0892,309539.4971,317708.9134,325422.6454,335623.3805,347413.7697,358653.3717,368902.771,380263.3968,390698.5269,399303.1919,402907.2862,407087.7504,410267.5136,416022.8341,420035.4571,422522.8455,423725.0882,424252.2398,424105.8286,422568.1523,420348.2404,417935.2203,415147.4485,412218.2484,409838.2225,406944.6046,404324.9977,402090.8716,398962.6313,393814.7059,386113.2594,377588.1038,370345.2026,364750.1908,359091.2616,353371.8443,345388.0472,341672.1212,337912.2181,335093.6387,327831.4469,319581.9804,309748.5276,300915.4058,293965.6244,290160.7659,287308.7902,285249.2601,283213.6874,280213.8077,275846.9604,271195.8009,267336.1915,264205.5602,261655.1828,259652.7624,257808.6172,256674.2713,255965.3585,255272.7313,253486.2358,251145.1764,248316.8863,247336.7657,247477.367,248199.4483,247464.1482,245245.9004,241517.9027,237285.4814,233663.982,231613.0377,229673.8502,227137.967,224057.0051,221459.2903,219330.3157,218271.1053,217461.6334,216424.3323,215317.0604,214301.8662,213559.7146,212476.5214,210638.5717,208298.0943,205227.7096,202945.6094,201606.9947,201211.9468,201439.9363,201730.6234,202622.8984,203659.2103,205742.4054,208064.3624,210699.6257,213056.6404,215403.9496,217114.2493,218542.3387,219879.1385,221630.8038,223557.041,224984.6699,226275.6086,227756.6516,229638.5982,231921.1709,233522.899,235243.8579,236290.0245,237587.0863,238381.662,239518.937,240778.8621,242286.9448,243358.8085,244521.3937,245680.9039,247499.6119,249371.4163,251080.8013,252255.908,253509.934,255133.2953,257885.5111,261307.9686,264718.2482,267752.6898,270223.8141,271920.1881,273442.2111,274667.4176,276559.569,278545.3778,280876.5812,283175.208,285319.3859,287183.5531,288752.7127,290801.7856,292879.7526,294735.3693,296911.335,299613.9533,303305.0911,305936.1468,308150.4103,310333.446,313419.7811,316933.7026,320489.0686,323871.9523,327687.2241,331729.2725,335582.8977,338502.3899,340899.3004,343017.891,344765.843,345542.6251,346309.7734,347161.3724,348675.003,350060.9642,351795.5129,353631.5249,354708.9752,354987.8918,354719.9755,354688.2561,354759.8261,355196.7707,355438.4913,355833.0959,356696.1021,358153.8625,360472.0212,363005.7874,365935.4713,368466.7265,370589.28,372361.9626,373504.1156,374365.205,375770.7899,379106.1233,384362.9953,390270.9846,396705.9729,403164.2968,409608.5729,415572.2663,420676.0155,426721.3402,433536.0315,441631.1107,447395.5475,449879.936,449441.8066,449334.9153,452026.4267,456979.4519,466012.664,477647.7338,491444.7742,504525.3244,515284.3862,522994.0482,526463.6021,526786.8859,525515.8606,525326.5495,525896.2956,525904.922,522528.9838,519010.2101,518344.4584,521847.6031
69480.16501,69942.98734,69934.6297,69618.48123,69677.98318,70187.19552,71581.43254,72291.88218,73396.73945,74391.55876,75535.89227,75905.51093,76052.44724,76119.32467,76594.67729,76560.3506,76298.4479,75732.85099,75557.57547,75301.02766,75443.09802,75584.28341,76723.25366,78177.23426,79659.33808,80567.36175,81071.9215,81693.18059,82239.20976,82311.72577,82869.54154,83173.30589,83654.81557,83463.2216,83542.24159,83632.56418,84195.60525,85152.59334,86373.81932,87391.59989,87795.99836,87657.69912,87273.74235,87022.36871,87488.1783,88338.38654,89463.91652,89546.80102,89750.76463,90899.0505,93449.16155,95264.52743,97014.96627,98943.4057,102392.8576,104722.3102,106459.1023,106802.9334,108666.0054,110889.9491,114591.3065,118785.3639,124792.7169,130762.679,134960.9333,137925.5339,141019.5465,146099.5125,151929.9095,159016.2639,164290.028,168090.8264,169609.8952,169444.6801,168596.4385,167600.948,167902.6719,168827.2685,169152.5145,168339.6734,165353.3631,161641.2348,157294.2613,154093.4698,151946.2389,152477.9545,154923.3537,158359.7423,161238.6994,162995.9965,164054.4143,163983.9055,163194.5288,161976.4338,160933.0474,159034.955,156739.8743,154194.5722,152205.2412,150885.3719,149037.5179,146970.3345,142868.9663,139452.4249,135646.1001,132759.9012,128918.8988,127553.3843,126587.4949,125843.8693,122656.24,119763.2917,117134.0187,114176.1845,110450.7465,106917.2155,104344.6702,102582.8446,101832.8623,101595.3979,101312.446,100923.9398,99782.23,98824.84663,98226.77915,99161.9107,99653.50497,98171.75066,95196.25021,91993.02703,90103.46329,88801.67987,87516.94485,85413.30263,82916.4328,80654.51932,79299.68736,78197.28318,77223.99438,76355.00916,76038.96291,76362.57668,76142.18332,75101.79746,72972.5587,71578.31279,70566.56677,70346.10337,70121.84381,70149.54834,70519.20017,71194.68701,72243.22283,73046.87317,73533.37296,73368.49096,73246.72755,73178.19826,73744.47064,74448.89077,74977.71223,75417.48123,76109.36734,77227.9984,78537.82397,80292.56575,82523.89453,85106.8172,87690.22085,90128.02991,91901.56121,92691.37807,92870.57102,92718.72505,93169.55018,93794.47872,94546.11665,95273.70921,96410.1537,97733.61664,98541.829,98888.76653,99310.49865,99791.7764,99865.60665,100109.7449,101184.6993,103527.1084,106320.6528,108713.2626,110138.9641,111124.9263,112033.9778,113572.8845,115135.0471,116422.8975,117015.1484,117700.8097,119369.4608,121757.4957,124499.0975,127255.8711,130576.0277,133766.0098,136501.4079,138687.6571,140656.4302,142392.661,143760.7373,145147.1307,146855.4134,148973.6737,151039.402,152465.6153,153157.1861,154207.3177,155438.5772,156803.1128,157558.8698,157728.7267,157470.1172,156819.4498,156587.2513,157046.5027,157734.9677,158030.5313,157813.2311,157977.0009,158945.1224,160388.6161,162456.3764,164386.3362,166058.3408,167024.0892,167669.9254,168152.5783,168217.4088,168442.9648,169120.1802,170504.2274,171531.7881,172294.8571,172528.4861,172978.5809,173162.0316,173095.1834,173203.2951,173841.8274,175448.0824,177580.6438,179901.6569,182409.0355,184289.3145,185948.2438,187160.152,188194.4642,189608.3246,191615.3741,194469.9325,196478.6483,197912.4287,199484.1729,202361.2287,205253.1186,209979.1168,215929.7716,223047.2723,229397.3976,235106.0136,240545.0886,244709.1146,246984.1402,247719.1876,247489.9679,247140.96,246169.4796,245103.1113,243667.3905,242508.5153,242210.1147
333401.3841,334937.3391,336547.7589,340388.189,343696.5898,346266.1668,348339.9551,351286.9714,355101.2769,358736.6029,361865.2609,365228.8842,368915.7052,372561.2171,375983.3489,380001.9965,385037.1348,390951.1132,397371.2217,403579.3412,409558.5185,414539.3606,418934.6928,423186.8861,427709.8939,433081.0396,437898.9486,442009.2178,445259.9881,448558.5026,451791.0047,455199.6712,458745.8226,462899.6654,467223.4829,471831.9967,476831.0757,482424.027,486947.2262,490429.5055,493664.6774,497606.9021,501698.399,505508.6946,509432.4219,514019.6966,518547.5906,523244.9741,527663.5442,532604.6966,538113.2681,544224.7937,550107.2064,556679.2334,563330.2688,571563.4449,579363.6087,588092.2423,597070.1847,606477.5521,616098.4283,625712.6294,637064.9876,650544.6824,665075.67,681787.4511,696199.3148,708834.3824,717586.4825,726668.1016,735472.9266,745079.9974,755356.7047,763004.2141,768133.8784,772073.9296,778271.2828,785802.4977,789649.8227,790732.2343,788410.2142,784581.5903,781284.1664,777096.1461,770849.4698,764462.8456,758920.742,754365.5132,745627.4575,736416.0896,728525.3871,720912.6158,712529.4776,702373.3746,690816.8822,677825.4122,663371.5707,649940.2866,637900.5193,628064.2278,620461.151,612434.1157,605679.8946,598287.7201,590263.6956,580524.5821,573330.3846,567153.634,562359.0724,556144.1658,549185.3936,541943.759,534684.7036,528723.5788,522859.8928,518009.3369,514984.3075,514625.2485,514193.6318,513026.8306,510623.3995,509825.3301,510504.9055,513711.6481,514866.4556,513530.1776,510414.5967,508748.0598,507976.5892,505452.4039,500165.258,494821.5603,490269.248,487565.2131,484291.8839,481079.4069,477085.3916,473282.8919,468911.4931,465291.5989,462690.1742,461071.9271,460419.7262,459293.8797,458752.818,458826.5507,459663.2149,460915.4418,462026.3293,463673.8041,466707.9092,470483.9559,474347.178,477388.5013,480710.9024,484439.3996,489159.3065,493191.1943,496437.8023,498318.1336,501091.6385,504192.1902,506855.9752,509018.5527,511176.8207,514361.3352,517547.2385,521208.4871,525353.6031,529184.6698,533082.4182,535491.4276,538330.389,539957.679,542657.4014,544687.7952,547604.0737,550302.8843,553481.8985,556763.3812,560384.1357,564101.7931,568313.1266,571653.7827,574918.4985,577512.1547,581157.3294,585620.808,591028.8837,596728.3831,600864.3236,602940.3469,603452.0651,603792.1731,604859.1879,605644.885,606185.385,606164.1286,607089.5538,607720.9624,608605.3321,610065.9931,612605.9691,615595.6686,617443.1378,619405.4976,620658.7083,620980.781,619948.835,620152.2758,622126.6717,625276.4448,627117.8672,627558.9927,627055.0384,626522.5926,626103.3497,625334.7107,625413.1635,625631.0668,627823.3775,629289.2239,632289.3133,632665.771,632801.3035,631975.0453,633279.0999,636496.3749,639141.245,639782.8324,637555.6463,634338.4638,631099.9977,629206.5396,627099.9307,624997.7861,622614.8447,621854.2314,621673.9365,621644.5523,621581.9194,623236.7622,624811.2004,625592.8085,623413.2641,620014.7954,616866.2928,616669.5951,620200.1499,626243.5553,634037.5034,642926.2755,652547.7772,663211.1943,674743.553,689848.2377,712455.8471,743697.8031,777269.0947,806682.3105,830889.28,854511.6493,876645.2429,896086.42,916456.0392,942226.8629,977614.9363,1018963.217,1060644.623,1097604.906,1120782.302,1130420.625,1127463.481,1123482.891,1121898.519,1120060.88,1117196.467,1114290.957,1114974.97,1114018.079
138936.8097,139344.5458,139857.9573,140587.7377,141188.0975,141851.4727,142546.8013,143397.8074,144129.6312,145254.1005,146288.7988,147229.81,147769.9209,148191.79,148557.0324,148974.284,149832.8994,151031.6294,152362.9258,153362.3754,154371.8912,155410.2248,156956.0194,158457.6324,159949.3089,160795.5315,161665.38,162531.569,163638.4286,164553.9896,165383.6586,166421.6117,167490.6023,168568.2649,169423.0344,170160.1269,171145.9264,172227.9411,173352.4609,174429.5052,175388.1769,176426.1259,177380.5095,178312.6312,179211.13,180165.912,181772.8635,183484.8961,185241.2749,186425.7955,187691.9099,189343.9296,191618.6399,194667.29,198017.5102,201862.2709,205465.7604,208657.8195,211068.1049,213399.7637,215990.4737,219124.0249,222818.0859,227585.9146,233680.5592,240974.6945,248411.8879,254710.3249,259968.7969,264676.5412,270250.0184,275951.472,281811.8289,287388.0453,292994.9754,298891.0134,304272.8827,309505.4241,313833.5787,317998.3643,320299.2432,322489.5286,323070.8215,323704.822,322417.9814,321966.0393,321169.2243,321351.3494,320422.2825,318522.6138,315405.4889,311971.6889,308699.2427,304855.8594,300772.2482,295941.3043,292185.5502,286663.8737,281443.4757,275099.4744,269215.6682,262872.3477,256459.3271,250447.3532,245402.4791,240499.3309,234825.8681,227746.7074,219821.3928,212670.5936,208191.1621,205176.369,203053.0855,199806.5524,196942.8568,194349.4944,191623.8404,188863.5809,187095.2891,186498.8696,185349.1715,184458.7739,183609.929,182922.2493,181851.3926,180236.9191,178817.2236,176623.5448,174387.4387,172708.1876,170759.2632,168779.968,166803.0954,165241.2475,163548.2338,161722.6098,160286.7905,158981.3314,157933.2383,157445.453,157554.1698,157572.039,157600.1554,158013.2676,159136.0984,159987.8972,160234.9497,160041.007,159921.749,160888.8419,162417.4311,164362.7708,166442.5315,168647.6398,170839.1994,172587.3557,173651.9294,174350.1935,175409.8502,177353.9281,180257.1638,183020.4077,185402.0628,187538.8373,190028.7189,193327.5453,196419.5605,199426.2429,201947.0985,204611.6475,206912.0813,208775.6714,210381.2263,211801.2688,213312.8247,214677.9034,216384.1313,217927.1606,219798.4911,221405.3046,223269.6062,225242.4425,227040.1532,229007.6193,230740.0493,232467.0638,233762.2679,234967.2201,236394.3925,238284.7837,240699.4678,243367.8214,246162.1003,248503.5759,249468.1411,250021.7147,250637.8822,252166.7419,253292.7617,254384.5387,255524.0256,257008.9274,258293.0363,259672.3055,261372.0448,263217.2734,264984.769,266977.6632,268614.2515,270322.2399,271352.9786,272587.9804,273871.4384,275869.5377,277765.6243,279448.8912,280695.2037,281965.2975,283066.5949,284107.1393,285146.74,286393.4386,287617.6873,288807.4094,290368.0541,292065.8451,293984.3032,295753.3432,297911.6289,300849.1147,303609.278,305144.093,305658.7775,306200.3192,307294.5429,308096.7826,308460.2961,308765.6647,309642.1347,311180.1595,313414.7139,315768.3356,318067.1134,319671.6328,320558.4502,320663.9837,320677.6455,321730.8785,323822.9382,326743.232,329895.3007,333196.1639,336596.8123,340302.8995,344561.5484,349409.0439,355261.541,362151.5081,368512.179,373268.3581,376377.4291,379927.4809,384675.5247,390514.9781,397989.3546,406400.4092,416110.534,425327.3655,433956.3258,440934.9503,445246.3997,447244.4894,447817.1181,449111.7654,449971.0454,449382.8645,448251.0478,447719.4255,449395.6905,450866.415
54630.41748,54845.3789,55058.65577,55496.59054,56164.02042,56557.46381,56753.74985,56615.76547,56688.33406,56647.23643,56728.33708,57011.62667,57631.13299,58348.07392,58971.31261,59801.59592,60332.63282,61081.90771,61483.28137,62063.73105,62505.17653,63103.37234,63482.37509,63709.39224,63944.54641,64442.54508,64934.15602,65749.4135,66895.92539,67987.37001,68546.33011,68552.80479,68683.43343,68875.16249,69245.19103,69706.30425,70151.49664,70876.87145,71506.73759,72532.3713,73402.8612,74331.95874,74842.6687,75593.76781,76642.24865,77663.97241,78244.96452,78531.04422,78763.01551,79520.16457,79914.50298,80901.90903,81690.0991,83100.68815,84370.43198,85727.01029,86945.2305,88186.49039,88943.57176,90019.83939,91428.8216,93298.79566,95110.94887,97290.34129,99466.9699,101637.389,103532.9847,105170.4943,106529.8356,107184.9146,108229.6257,109651.0068,111044.2003,112178.7792,113647.5733,116625.8408,119789.6162,122149.0473,122612.4072,122633.3399,122183.0924,121799.6016,121581.591,122048.7642,122783.069,123055.1797,122350.6518,121516.671,120904.4891,121033.6793,120988.6249,120062.0234,117668.3823,114707.0148,112166.7946,110442.2551,108967.213,107426.8773,105749.8956,103911.3722,102179.0293,100886.5669,99791.92759,98285.48443,96402.24975,94814.49095,93694.98729,92644.75755,91677.93339,90690.73331,90009.24373,88992.61936,88084.41178,86905.06844,85664.30546,84550.19334,83629.07254,82846.53642,82123.88494,81374.20901,80953.45208,80604.16829,80381.72147,80113.72024,79772.46437,79504.51478,79327.34372,79154.72175,78884.32083,78447.33957,78229.18885,77909.4029,77605.22608,76904.48441,76263.80545,75599.80446,75300.23752,75136.68859,75075.71004,74923.42216,74886.09991,74822.4477,74711.11459,74573.5314,74575.24902,74664.00549,74592.81435,74452.21628,74264.49153,74430.38186,74548.05046,74386.03163,74149.01215,74351.10541,75195.70859,76074.10592,76711.39432,76846.36882,76758.64288,76674.78551,76908.35966,77511.56345,78012.22574,78534.13278,78622.54231,78975.00446,79135.91615,79817.08078,81010.07799,82677.61596,84389.51814,85784.25119,86591.76856,86868.26469,86580.27687,86377.44116,86189.17355,86316.64576,86792.65763,87369.38449,87702.9796,87721.22484,87746.25188,88106.584,88588.71692,89060.1166,89493.69246,89920.9358,90733.90502,91792.10639,92823.4965,93377.96802,93627.90917,94141.80629,94568.91708,95068.37784,95430.36321,95890.59881,96119.86277,96451.06764,96820.74726,97195.1833,97463.36118,97843.26508,98297.22721,98692.19504,99001.75701,99436.65504,99941.53432,100416.8768,101326.8319,102719.5571,104639.592,106353.1902,107400.4173,107828.4364,107711.5888,107406.9606,107778.9314,108400.6459,109342.0159,109876.5426,110957.8353,112195.8552,113654.7048,114656.8217,115630.0575,116192.5351,116043.9492,115526.7345,115356.3482,115588.7948,116314.0652,117258.8922,118491.7026,119688.264,120449.2541,121128.1464,121311.1028,121560.4711,122087.8525,123160.9806,124276.9442,125115.5723,125819.2592,126317.8419,127163.3839,128519.7331,131065.9473,133993.7369,137116.8784,139976.1803,143053.8491,146129.8014,149046.3176,151853.8079,155244.1612,159683.2135,162309.3233,162707.7292,161378.1553,161105.0207,162585.6456,164219.5235,168654.2529,174553.7263,182296.4555,188833.9216,194264.0257,198774.2989,201970.3599,203370.517,203407.0807,202454.4709,201171.5422,199304.0431,197561.0206,196012.0182,194878.6603,194155.2673
82738.6738,82793.51232,83054.62448,83464.50413,83995.40689,84103.03081,84154.76189,84210.75081,84671.97106,85122.50294,85394.62678,85437.39523,85362.71244,85339.97685,85474.66612,85433.06786,85249.57765,85162.23516,85418.7176,85840.29804,86282.8135,86800.09397,87398.65638,87939.96071,88081.56084,88492.37855,89102.45532,90175.12436,91098.61626,91708.21655,92175.76341,92455.55159,92647.92481,92921.66807,93306.7288,93830.82248,94345.86595,94711.29998,95330.17151,96125.33509,97176.74507,98318.72245,99274.56027,100325.7569,101164.9359,101985.7857,102503.0391,102931.4842,103232.0665,103517.2454,103952.3679,104576.952,105540.5381,106609.1697,107945.4933,109319.6058,110701.6861,112457.3093,114473.4752,116270.0585,117272.0087,118390.0064,120462.6048,123255.8816,126200.2789,129333.6288,132861.4185,136908.5703,139424.6407,141464.0205,142863.7127,146359.348,150656.0854,154840.8925,157521.7269,160175.1654,162497.7813,164883.0187,166635.5456,168748.7167,170925.3475,172178.326,172277.659,171193.5929,169613.3684,168622.1422,167802.7124,166694.217,165650.9574,164898.6976,164012.215,162660.161,161418.1788,160278.1735,158507.1352,155586.0403,153108.821,151762.0681,151027.5233,149889.4455,147569.6856,144477.0563,141436.8287,137871.1628,134524.6647,132035.9207,130466.8933,129478.4039,127679.9027,124697.5383,121672.6904,118987.2511,117415.8261,115716.1292,113776.4853,111788.7265,110155.5996,109047.0845,108210.3719,107322.3007,104896.0242,102230.858,98928.57,97056.40978,95293.20097,94006.88012,92460.91468,91103.21373,90135.91959,88861.5644,87099.49008,84845.53527,83176.56988,81437.65511,80079.89287,78143.56238,76418.53524,74956.91222,74084.03762,73498.75397,73466.67849,73813.89352,74780.31568,75322.58791,75916.46961,76105.84399,76076.89664,75948.8307,75882.79169,76123.13608,76291.43989,76426.89048,76509.32702,76385.82324,76624.62401,77178.86224,78364.09287,79450.53158,80270.96208,80878.29873,81719.19627,82608.18225,83499.70052,84280.07596,84810.01678,85062.94233,84941.25499,85058.10625,85544.37712,86355.4867,87128.91572,87897.96357,88646.30197,89300.31792,89973.49625,90491.26167,90816.10633,90651.07335,90877.07554,91688.49471,92936.5949,93941.36662,94816.67132,95410.04468,95972.01929,96547.56096,97631.34707,99019.64021,100436.9214,101476.2143,102046.7159,102573.7858,103335.222,104330.5201,105032.0218,105731.6984,106453.6544,107359.7961,108099.9988,108741.9667,109256.3945,109886.3911,110858.2031,112111.6732,113614.4235,114963.497,116438.1491,117839.8601,119467.8119,120828.2401,122230.5991,123722.1055,125070.802,125961.2257,126242.9465,126775.9729,127608.0289,128899.864,130255.9383,131669.2879,132843.1545,133614.0047,134086.695,134914.4592,136206.111,137576.7178,138350.8916,139132.7403,139896.557,140690.6131,141005.3811,141213.3677,141761.2241,142775.1346,143782.088,144980.0876,146081.2905,147709.2453,149297.7944,150812.3942,151663.5753,152469.2036,153394.1736,154852.7472,156118.1128,157523.0939,159093.8983,161404.3803,164243.8552,167476.4398,170907.7936,174089.4073,177148.4873,180148.3239,183583.3628,187268.5252,191113.8215,195652.8583,199395.5916,202153.2996,203397.4992,204862.5773,207226.461,210217.7021,215354.0335,221863.3502,229668.6969,236627.5777,242584.2266,248046.5144,252469.8481,255263.0402,256200.7498,256011.2327,255601.3658,254368.568,252769.3706,250753.1176,249586.6758,249110.375
52353.38311,52671.62699,53025.47347,53817.9914,54566.59862,54841.40917,54809.15129,54128.08022,53665.34548,52408.24091,51485.22687,50447.55311,50290.49215,50707.56234,51744.40074,52370.20266,52622.5755,53059.05156,53895.8994,55246.99769,56214.52863,57392.58093,58192.41696,58755.12413,58860.90415,58362.34325,58217.23481,58894.71754,59947.38636,60924.29392,61607.35245,62522.88946,63576.3188,64536.51275,65479.85402,65756.76324,65798.45557,65723.25331,66120.2493,66452.36007,66927.01635,66939.08385,66740.99504,66394.67272,66226.32228,66574.15917,66858.44245,67684.70327,68810.98491,69971.08449,70449.44218,70507.96428,71344.33881,72892.36549,74569.34535,75950.49258,77118.00132,78072.43628,78671.21018,78916.90615,79088.32523,79402.0877,80025.68356,81541.3955,83344.69831,85705.91148,89079.84644,91655.88357,94370.18577,96930.96883,101101.192,105166.6902,108860.0203,111463.7492,114666.0934,117462.5889,119303.4365,119144.1999,117482.4169,116135.7512,115364.5258,115032.4174,115293.7213,115729.138,115919.9103,115956.8678,115287.9965,115661.4811,115860.5316,116291.6829,115440.4511,115631.1586,115979.4211,116510.5688,115561.1909,114076.7762,113179.1902,113150.2061,112759.6771,111213.941,108175.0089,105136.2615,102777.9203,101420.5043,101765.6548,102068.78,101171.321,99021.73495,96562.69705,94980.16782,93018.68388,91158.43588,89282.93406,88299.68599,86919.32453,85586.53083,83523.06422,82282.47317,81851.81127,82009.64774,82023.60585,81375.85465,81879.55203,82263.21644,81931.76863,80477.38278,79631.11855,79773.3708,79888.32136,78756.76192,77084.61099,75207.75563,74639.85753,74399.94563,73983.94703,72354.01223,70558.71964,68807.9703,67672.80929,66491.67133,65648.57264,65916.84295,66531.02272,67341.25221,66830.23883,66099.83441,64640.90373,63420.79166,62522.56232,62273.81923,61787.72421,60906.78635,59762.0248,58991.04836,58964.42431,59708.89023,61113.87446,62311.02948,63211.68444,63709.33128,64466.75879,65255.3619,65567.56396,65218.31178,64435.02843,63759.4955,63633.94294,64027.07475,65175.32181,66534.54848,67785.57224,68603.98419,69211.42674,69543.70716,70037.42545,70152.15103,70224.14689,69781.29419,69546.75807,69820.66882,70688.33115,71455.24319,71909.09141,72458.97435,73624.8652,75311.14332,77063.73821,78224.98886,79347.52861,80013.67068,80386.66548,80404.63763,80846.67717,81954.90819,82971.37315,83908.33522,84618.3879,85087.25975,85326.00285,85797.72131,86485.32647,87036.69882,87749.12068,89067.91477,91179.62725,93230.5631,94760.84375,96109.30215,97548.66856,99366.00097,101314.4888,103282.129,105100.6616,106211.606,106188.6103,105658.5889,104966.7253,105346.8102,106635.8163,109012.5456,111661.7921,114207.2229,116537.4557,118678.7748,120464.8781,121549.6713,122371.388,122991.9524,123434.1908,123420.0162,123704.3969,124579.5975,126453.6583,128451.1408,130224.5529,131417.1573,132304.6547,133175.8202,134264.0213,135109.0038,135733.3965,136457.7246,137858.6061,139227.3508,139981.5306,140059.6406,141097.8528,142938.8815,145811.213,148747.7863,151600.5561,153513.0247,154377.4658,155188.3298,156481.8891,158122.6215,159842.8484,161983.7158,163495.0034,164201.3773,164635.6325,166118.1777,169205.4834,172364.0564,176801.0508,181110.7785,185974.7399,190395.973,194609.1048,199197.8066,203162.1472,205684.2068,206965.3837,207953.2165,209191.502,209311.569,208176.9139,206724.4765,205582.0883,204983.5956
79522.19015,79174.77353,79452.04951,79961.2479,80382.48014,80910.74545,81308.33196,82222.59702,82827.69566,83546.90219,83968.23757,84514.66721,84696.72532,85517.80046,86015.88904,86549.76802,86229.90064,85951.95395,85798.30759,85961.80539,86518.42849,87090.01071,87993.07903,88704.39694,89287.60098,89303.89297,89175.37205,88967.1113,89037.31285,89377.16949,90132.17771,91528.06728,92636.69382,93524.31467,94068.09,95022.39812,95757.29208,96682.74248,97560.26725,98969.5682,99964.66552,100613.3102,100811.9548,100609.0742,100111.1592,99774.20153,100003.3635,100680.1705,101642.733,102540.3491,103477.2814,104548.8305,105415.9534,106476.3471,106901.3571,107323.9281,107552.1154,108612.6886,109754.1654,110559.715,110676.6406,111550.2931,113210.7199,115350.6696,117153.6151,119641.2463,121748.8354,123996.7907,125075.3111,126653.4982,128303.3141,131345.9863,134302.8339,136554.2182,137822.6374,139876.6266,143052.9029,146604.6193,148913.4276,150228.4776,149946.1224,149992.1806,148758.4119,148294.4986,146973.4883,147573.4126,147957.0848,148444.9068,148108.0844,147208.6766,145977.1056,144383.1465,142995.7175,140930.8999,138930.7635,136111.3518,134900.7212,133058.5497,131383.4763,129093.7986,127091.3299,124940.2789,122976.7605,120990.3543,120002.4363,118206.0212,115491.4091,112061.3559,108758.4911,105668.2359,102820.6672,100179.7897,98771.98635,97107.64711,95190.14378,92442.46346,89605.80962,87019.78515,86081.00639,85684.64884,84591.56507,82461.00147,80526.44784,79185.03899,78030.04557,77115.44155,76955.93428,76576.30282,75827.20807,74613.52599,73257.1794,71782.62154,70115.66394,68475.28275,66976.85562,65409.78445,64081.09372,63009.59783,62375.22565,62430.71103,62507.31259,62317.97641,61963.99714,61860.09941,62037.83345,61870.80069,61234.05018,60513.55801,59831.89928,59489.7431,59636.34241,60006.76149,60805.08748,61755.68181,62460.60532,62790.89407,62990.36462,63463.00664,64420.30452,65775.57549,67337.7412,68987.74796,70317.7852,71709.13076,73162.31451,74894.40449,75921.43119,76095.78721,75902.70158,76282.58099,77099.40163,77973.1428,78436.32715,78392.90924,78418.44533,78539.95499,79132.24429,79492.84682,79827.94149,79932.12648,80067.66386,80495.76037,80867.43483,81038.98362,81148.63511,81394.01578,82060.55043,82848.80888,84395.0886,86545.4873,88537.88638,89770.49943,90401.52848,91390.11777,92430.26482,93468.17049,94094.39934,95000.08658,96189.55126,97597.88917,99111.06991,100303.2786,101184.6496,101653.7584,102155.9585,103346.2056,105115.5513,107152.0463,108731.5456,109955.9819,111095.0589,112534.7101,114078.2778,115311.6518,115544.0703,114998.9965,114020.4392,113051.1769,112614.0342,112269.8641,112331.8162,112285.6001,112475.5433,113116.1463,114016.698,114994.768,115691.1277,116355.3528,116849.255,117518.9931,117895.3946,118193.4916,118462.8546,118503.1616,118253.0218,117472.2176,116727.9447,117059.5543,118559.7273,120946.241,123907.7523,126955.4864,129705.3432,131470.1585,132543.8313,133555.839,134936.7162,136543.2022,138336.4016,139821.7175,141406.715,142923.0619,145118.6069,147346.0235,149586.6979,151242.2588,153276.3147,156160.4829,158883.6479,161421.0169,163261.6493,165564.6275,168030.6792,170597.9355,174467.47,179500.2514,185361.1964,190552.4266,194659.895,198213.6566,201299.8622,203323.8311,204739.4326,205388.0666,205543.0746,205109.6774,205360.7864,206449.4533,208286.5149,209643.3785
87444.1967,87729.43303,87944.26657,87987.32979,87691.32102,87446.1294,87422.37971,87714.14034,87986.6009,88635.90917,89189.73535,89893.56012,90631.58635,91429.89768,91995.01534,92777.46029,93607.27273,94811.17674,95801.5005,96853.62871,97718.42772,98452.36092,98747.00562,98776.66492,98638.22996,98927.86792,99118.10006,99464.97907,99808.30728,100412.8033,100531.1179,100347.4139,99580.69527,98863.22869,98367.34419,98667.08071,99607.15614,100744.9084,102143.3046,103238.9355,104531.3424,105463.3228,106481.0159,106718.1729,107057.6275,107717.3983,108832.9634,109858.5143,110593.4532,111484.7511,112264.2657,113152.3355,114583.6352,116871.1476,119797.5908,122621.4547,125497.9581,127987.4611,130313.1845,131734.5507,133065.7903,134508.1384,136896.8034,140270.0758,143857.5329,147365.4465,150386.4444,154100.6139,157587.7654,161699.0864,166711.5618,172092.9786,176835.133,180424.697,183788.0738,187980.6863,191927.8887,195473.0861,197542.6569,199208.232,200869.6556,201982.5703,202573.4442,202956.3119,202666.199,201185.6637,199084.3418,197595.3789,196910.0559,196173.3508,195177.1408,193016.0804,190321.7707,186770.9078,183859.9222,181740.4113,180351.0681,179632.6877,177697.0358,174697.8791,170385.7548,165507.3036,160897.3004,155689.066,150297.5922,145028.7823,138732.9842,133394.9042,128541.9576,125467.7954,122173.0735,118300.8278,115291.5011,112962.2935,111264.6662,108803.8021,106264.4251,103849.5317,102161.5099,100988.6049,100834.673,100743.6634,100963.1119,100209.9357,98854.98947,96879.46545,95560.42845,94736.95775,94448.46524,94872.53525,95719.66501,96130.66215,95343.96503,93875.32763,92401.50436,90900.17343,89772.03575,88834.05244,88084.67655,87610.57077,87310.66148,87214.27238,87115.44618,86918.74814,85955.06278,85103.35833,84656.58324,85284.10572,85865.49209,86204.53098,86191.0093,86109.26378,86366.01012,87133.00816,88252.78082,89537.64615,90662.62203,91687.73755,92777.81293,94134.62011,96076.02343,98115.40916,100039.434,101441.9095,102869.2271,104532.0744,105803.7928,106383.2933,107168.1831,108412.9675,109706.718,110187.5818,110600.5742,111103.9014,111963.9559,113028.9623,114619.184,115431.9993,116053.1963,116177.5183,117156.327,118114.4509,119530.5846,120903.264,122156.2621,123321.6766,124909.0735,127399.8462,130355.8483,132036.1925,131980.6941,130852.4176,130658.5902,131968.6943,134141.847,136799.0543,138955.7461,140744.9711,141960.5487,143676.5893,145852.811,147627.5749,148645.716,149047.255,149843.8206,150868.0997,152095.4398,153887.47,155701.6633,157620.2568,159097.6641,161144.6483,163411.2264,165191.4939,166403.8618,167533.1573,168571.3538,169183.6367,169543.1779,170666.5839,172693.8457,175250.4732,178053.8349,180695.366,182790.7861,183801.9873,184481.0424,185450.1041,187179.1168,189131.7265,190976.1867,192769.543,194254.3113,195536.6608,196740.6692,198132.5916,199472.1449,200983.6876,202761.9593,204712.9204,206233.3028,207861.9332,209590.4303,211712.67,213224.5749,214261.5724,215227.9293,216675.8093,218848.5952,221003.8662,223274.4017,225022.4628,227382.0731,229810.5224,232575.4901,235028.1999,237831.5299,241561.7989,246202.4351,250351.7052,254074.6859,258013.3278,263375.1235,269032.4444,275265.264,281659.3316,288756.3265,295804.1897,302721.6715,309065.8932,313192.1619,314653.665,314157.454,313398.5567,313181.0075,312270.3145,310607.8323,308527.4984,307523.8822,307328.0075
63048.86715,61625.3207,60847.31942,59291.99419,58637.39664,58509.73254,59096.96375,59865.31554,60580.67646,60914.40649,61132.26366,61297.88493,61523.90655,62085.51447,63128.80784,64405.17707,65636.26462,66377.08624,67003.99813,67519.61607,68022.32884,68473.73568,68751.6007,69050.29039,69311.49372,70009.96172,70949.63981,72225.74942,73486.87553,74651.00303,75510.17645,76097.34851,76478.67844,76786.65134,77001.5445,77302.41398,77924.04248,78791.43245,79745.84494,80736.23111,81730.32568,82773.02586,83615.9537,84666.67437,86045.97715,87450.11522,88671.97823,89676.40079,90596.09346,91915.39335,93387.34011,95586.65752,97342.4766,98977.2563,100185.4978,101822.9704,103699.5046,105784.3249,107842.5207,110011.3049,112287.8968,114408.1491,116255.9546,118373.8681,120673.5653,123458.4094,125688.844,128305.1212,131000.6356,134187.4471,136599.3727,138623.4153,140227.0087,141925.5204,143639.8726,145587.5818,147243.5621,148282.2104,148513.775,148325.7843,148167.7017,147971.0795,147834.0747,147653.4694,147362.0455,147302.1094,146974.2499,146822.4065,145951.6649,144604.5369,143493.1812,142045.2863,140608.4977,138535.1566,136813.5998,135147.5998,133351.0609,131503.8108,129595.0883,127558.1263,125331.9584,123198.1191,120903.4459,118214.8317,115487.9271,113258.8826,111917.1232,110727.2457,109419.1364,108218.366,107028.0836,105933.078,104771.1148,103730.1873,102478.899,101249.5956,100048.9518,98837.87882,97795.32457,96936.13418,96370.87964,95899.08863,95433.40511,95240.34146,95008.92767,94671.87992,94264.3943,93601.76314,92940.22516,92165.53343,91686.18618,91050.84142,90224.81888,89381.96416,88557.82894,87826.00282,87352.10566,87239.0021,87234.22361,87154.28639,87105.19311,87255.86956,87360.86234,87465.2482,87529.07557,87582.85098,87678.65468,88014.49177,88811.18231,89995.87027,90866.67054,90900.90161,90554.21069,90281.30309,90782.66325,91749.811,93015.89792,94029.65486,95163.64814,96586.33934,98058.53562,99177.79554,99520.02249,99777.72154,100163.9605,100734.9519,101377.0706,101878.9676,103168.3933,104815.2041,106139.7598,106675.8305,107187.8359,107917.523,108789.3701,109050.4575,109109.1829,108779.3216,108671.0858,108955.767,109996.915,111193.0169,112313.8162,113471.7686,114739.8187,116442.4589,117647.1161,119138.4518,120261.9386,122030.2594,123368.789,124725.7106,125512.4262,125901.171,125415.2305,124938.9556,124600.8846,124279.4944,123740.3449,123599.3187,124189.2028,125418.369,126226.7679,126638.078,126478.9841,126926.9904,127923.4267,128831.4366,129689.6275,130949.8639,132968.7495,135359.4527,137386.8654,138967.7141,139714.4165,139956.6082,140041.589,140587.9804,142053.1799,144565.8722,146740.3632,148623.6197,150501.4515,152940.1696,155516.923,157616.3606,159449.7515,161163.3389,161623.4161,161660.1817,161179.7593,161515.9275,161951.3098,162880.5032,163811.9318,165221.193,166269.0473,167685.6852,169366.6421,171731.3857,174767.0143,177675.3025,180222.7222,181862.2423,183291.0598,185086.9953,187711.6402,190654.4879,193672.5926,196662.726,199865.109,203171.2209,206043.0866,209226.682,212873.7405,216443.2478,220628.3865,226437.1296,235039.6001,243312.9096,249595.1269,253841.7126,258782.2077,263143.4041,267027.0756,270087.3763,274099.6336,279302.7865,284154.857,288882.1024,292560.5935,294259.9304,293781.9894,291559.133,290179.613,288207.0857,288451.3836,289638.9559,292741.6752,294830.3982
145363.6469,145812.4828,146138.3865,147152.2735,148391.3305,149684.1613,150606.1724,151564.5426,152607.2564,153805.1999,155368.9796,157195.201,159213.4,160924.1863,162548.7243,163962.8962,165245.8914,166687.1759,168743.4864,171728.5363,175110.024,178300.0792,180340.1095,181969.9258,183689.25,185148.9247,187361.1812,189531.5945,192968.814,196516.0649,199940.8458,202866.8313,204553.2815,205669.2927,206515.9432,208035.8558,210526.3347,213374.0435,216136.8397,219480.4463,222917.5121,226145.6127,229219.3922,233039.5167,237412.0509,240782.7933,242865.5927,244748.2538,247109.2797,250141.5567,253233.518,255971.4035,258625.9991,261910.4941,265798.2549,269382.5507,272978.4694,275009.0734,276457.6022,276787.6327,278553.1375,281611.2882,285536.7127,290441.4723,295153.7704,300915.5152,306563.3499,312746.1373,318930.6913,324729.0025,329689.6368,333335.7617,336561.1865,340014.2335,339694.0156,338218.4852,338649.1817,343515.0434,348998.5928,352864.8765,355131.6524,357595.7339,358718.5671,358693.2215,356685.342,353597.7178,351081.858,347199.3015,341877.689,333521.5866,326751.9728,321881.5577,317955.2462,313689.6748,307928.5368,302763.8974,297830.5678,298496.4546,302409.0585,303602.3104,297950.0175,288499.2164,283207.9764,279536.9274,274357.8785,267540.6837,262319.2367,263671.7416,268130.1196,271671.6657,272665.9309,271187.7839,269737.2201,267601.4965,265396.5341,263360.1686,261031.6149,256117.0628,250273.5943,243458.1598,239409.7998,238799.9034,240072.7017,241678.835,241073.4446,239914.8167,238128.8507,235631.0039,233708.9142,233110.3929,232959.7453,232508.3589,230561.0097,227681.7672,224381.3032,221759.9102,219865.2676,217268.386,213494.2859,210117.8115,207948.4781,208123.48,209451.7725,210538.0024,210635.3771,210140.4528,210757.9291,212710.0139,215850.0993,219045.6602,221316.4728,222326.9663,222555.9145,222618.3428,222977.2121,224000.9211,226476.468,229024.0304,230872.3074,232187.9116,233858.078,236478.6434,238080.7076,239177.8834,240144.0865,241240.346,242997.3207,244864.5536,246880.6893,247977.2115,248792.1058,249646.1956,251053.5076,252455.0573,253447.7677,253979.67,254641.5528,255965.1214,258085.6826,260175.1901,263146.5679,265460.0012,266767.3183,267532.1951,269077.1894,271853.825,274529.874,277079.153,279607.8032,282286.8295,285141.519,287265.9014,288939.2626,289253.0552,288885.3525,288099.0656,287607.4793,287370.2595,286689.6235,286064.1403,285926.6741,286549.8359,287303.7447,287488.3788,287127.7727,287082.5187,287253.9729,288070.037,288756.223,290340.5375,292261.9118,295209.961,298111.2465,301051.0871,303551.0895,305555.0168,306406.0349,306271.2475,306371.2177,306556.0254,307492.9084,308139.2319,310109.4355,311809.3813,313664.7073,314941.3613,316425.8001,318145.5688,319290.328,320284.4593,320975.4914,321872.8704,322490.6143,322898.468,323533.0127,324268.8928,325270.9665,326285.9517,327874.0123,329611.6821,331030.5886,331683.8746,331765.1718,331551.9536,330635.6185,329934.7279,330034.7373,332319.0096,335976.2795,341070.4361,347170.0866,354290.2299,361553.1302,368354.258,374294.1783,380931.324,389714.209,400876.0338,412921.2242,423677.9974,432681.7447,441566.0577,451627.4651,462924.6584,477544.6087,495087.1665,516273.2596,536792.363,555823.744,570973.3086,579416.7024,580632.3893,578248.1451,577471.5171,577808.9745,576175.663,569439.2202,562149.3201,557365.808,556962.5107
72547.45916,72477.98814,72445.94573,72524.58526,72940.57134,73440.99287,73849.58209,73856.48476,73796.47259,73488.21338,72962.49625,73113.2267,73911.3329,75289.84404,76462.81678,77467.54456,79173.72656,81168.46118,83522.71205,86042.65689,88896.34293,91979.2984,94724.57508,96527.41718,97772.29638,97725.57305,96442.71262,94283.6539,92709.48431,91920.88127,91960.52812,91444.22915,91015.50799,90638.92277,90958.84202,91653.42828,91635.10804,91154.95865,90824.1005,91669.51652,92985.06491,94475.21358,95394.02378,96401.13608,97577.05645,99153.40693,100805.7662,101875.9101,102964.7603,103560.0546,103913.2041,104498.0656,105397.9757,106988.0858,108154.764,110216.6976,112680.2909,114655.8917,116163.1097,117867.4826,120246.6768,123059.7737,126049.6584,129441.4776,132935.1257,135742.0757,138372.0018,140807.8531,143212.3487,145843.313,148512.8364,150893.3004,151917.2338,152467.1081,153628.9131,156507.5072,160145.1756,165171.6988,170094.0952,174146.8433,176841.0434,178640.6565,180392.7892,181146.6499,181614.2496,182788.8907,184811.781,186858.444,187505.8508,186199.9408,182819.8277,179016.155,175318.1318,171589.426,168247.514,165407.0792,164444.0772,163623.7249,161754.587,159633.2648,156319.328,154345.7884,150168.9823,145460.4951,139027.4964,133118.8172,128205.6649,123288.6417,120085.6782,117453.4553,116788.8901,116019.7772,113654.9593,110852.7736,108354.9588,107157.8685,105671.5726,103997.8482,102200.0068,100822.9994,100004.1603,100649.1575,101960.2302,102586.1552,102225.8798,100146.9437,97682.06594,94582.46808,91963.33836,89220.9817,87368.82692,85962.05208,85293.61538,84511.09663,83580.82256,82290.13967,80715.49301,79689.64066,78934.03174,78263.94746,77379.05919,76411.99969,74485.93034,72511.2246,70582.48911,70061.90021,70022.06909,70431.42757,70736.23517,70747.25482,70740.7818,70525.413,70519.32819,70883.44983,72407.5612,74242.66762,75886.24456,77012.55337,78477.43085,80421.49949,82665.19732,84454.51065,85822.47353,87074.95509,88972.83727,91164.45428,93343.89987,95327.19147,96958.49447,98164.6941,99094.39182,99854.26911,101161.4824,102173.9898,104101.2806,105797.3042,107723.8572,108495.7486,109005.6513,109318.851,110260.3131,111392.9365,112611.4687,113611.0714,114287.4979,115059.2167,116013.8318,117324.9225,119207.4395,122096.3759,124479.8797,125708.8427,125782.0912,126268.9671,127195.657,127858.1611,128618.8507,129390.0372,130370.9895,131687.9501,133629.2607,136191.5868,138357.2208,140283.5615,142352.8346,145156.506,148602.0994,152013.3217,155586.9829,158984.5876,162497.6028,165957.29,168921.2174,172217.3463,175985.9021,180694.2622,183609.5093,184054.0425,183274.9154,182587.795,183780.8052,185372.5673,187481.8339,189314.4527,191169.0034,193840.5961,197668.5969,202143.8767,206342.6406,209238.8654,211210.8514,212728.5182,214071.3754,214992.144,215754.148,216709.9258,218397.942,220758.4959,224079.0002,227726.7561,231195.6595,233061.8092,233865.7819,233552.9849,233168.4975,232716.9002,233078.6319,233956.3079,235827.4824,238169.1477,241261.8236,244778.9224,249167.2409,253827.1911,258554.7552,262645.1077,267105.7099,271717.0379,276571.9743,280836.0363,284705.2153,288640.2833,293050.816,297923.9575,303555.3874,309710.471,316012.5672,321609.0334,326396.6354,330850.3037,333708.0279,334524.7157,333980.8336,333993.9274,335173.6308,335944.0315,335993.8593,336129.8566,337826.2384,340606.9084
80345.25998,80802.06068,80914.88487,81179.63632,81349.05716,81683.1303,82261.74249,82936.55159,83927.10577,85005.96154,86160.04763,87255.05272,87808.4117,88211.26213,88283.0107,88752.38118,88956.9259,89107.60175,89049.8014,89156.84008,89225.00664,89395.73969,89656.44395,89983.58431,90367.77825,90991.87611,91687.89321,92450.97885,93549.42745,94726.13649,95976.74708,96968.01235,98353.40367,99801.31476,101006.4011,102269.9595,103405.7262,104273.1427,104463.4802,104481.7031,104583.5249,104989.438,105816.9072,106591.713,107301.9517,107663.93,108137.7241,108707.3944,109268.8564,109556.3167,109596.8236,109870.1113,110457.2604,111238.2416,112153.5225,113606.1341,115699.7982,117326.0549,118229.215,118478.4138,119375.1763,120784.9843,123341.21,126316.3413,129556.8677,133117.5135,136695.9721,140314.9062,143994.8642,148185.1901,152845.8924,156610.3615,158805.8291,160045.5069,162504.1251,167221.4195,172588.9747,176979.2929,179035.2761,180005.1643,179583.6982,177689.1569,175735.7906,174698.7891,175587.0476,177153.6968,178310.2173,178896.8984,178716.9177,177858.3396,176829.5014,176146.3955,175636.9175,175133.6832,173352.6625,172080.9119,171319.1769,171132.9503,170463.2881,169132.3546,167156.7406,164545.2039,161515.3676,157962.1877,154460.6733,151158.5718,148385.3391,145250.82,141950.7269,139275.4036,137144.9141,135219.7358,133417.6298,131006.5166,128200.9012,125361.865,123037.295,121557.971,120531.7719,119876.9341,119456.9675,118962.5268,118115.4359,116636.6075,114671.4762,113001.1174,111444.0982,109825.2203,108029.9687,104752.6577,101125.3244,97069.49958,93500.56015,90252.91624,87478.52922,85844.8614,84963.20995,84543.286,84199.43147,83318.03617,82271.42431,81309.09046,81134.04328,81099.11707,81371.36368,81808.44557,82764.34481,83858.0583,84779.86999,85289.58782,85741.46643,85739.07183,85750.19253,85917.8532,86314.22181,87186.40558,87779.55391,88282.79551,88485.89383,88842.77837,89461.68513,90293.4107,91490.7027,93387.11132,95783.26374,98860.8676,102050.464,105219.9778,107614.0463,109332.0202,110450.8304,111683.0438,113116.8021,114547.0026,115614.6992,116404.2277,117257.124,118567.6267,120256.5085,122019.4497,123018.0036,123575.2382,124043.2129,124890.6829,125840.8924,126760.2996,127808.689,129198.5046,130211.0501,130913.2157,131237.8114,132035.104,133039.8484,134273.4118,135324.8667,136266.8608,136771.3177,137410.2321,138195.3025,139514.0485,140693.0396,141760.7636,142476.2688,143465.6477,144248.4116,144913.0017,145504.6893,146347.3983,147388.4689,148764.5981,150547.969,152663.4132,154170.3217,155092.5855,155445.334,155867.8593,156519.2189,157518.4072,158890.3913,160172.3675,161554.5693,163009.4379,164711.7605,166154.3281,167380.6171,168355.0612,169487.9164,170943.4559,172457.4911,173526.938,173721.3368,173525.1453,173535.084,174175.3095,174881.2342,175424.3343,175587.3443,176109.252,176968.7165,178300.0406,179893.4257,181787.7363,183661.7521,185157.9819,186262.8223,187327.7626,188693.9902,190323.2266,192212.1003,194195.3388,196479.9014,198711.6298,201710.2362,205284.376,209123.0904,212268.3984,215232.8635,219257.7144,223437.0889,226850.3349,229083.5443,231296.5413,234058.0065,237187.5008,241950.2097,247954.4523,254487.1334,259995.4175,264769.3705,269010.2296,272675.1272,274691.0238,275228.1641,274830.0721,273945.5429,272434.5715,271250.0511,270372.7811,270532.5169,270731.7539
106135.0526,106176.2376,106448.0508,106936.7152,107663.2168,108464.4325,109394.2321,110218.4163,111094.513,111735.8393,112220.9614,112906.7645,113459.4445,114237.814,114444.5368,115101.0885,115944.8033,117067.883,118209.1769,120173.5601,122994.0824,126848.6858,129518.8283,131165.451,132073.1626,133018.6738,134297.7043,135797.6177,138132.9032,140562.664,142623.4256,143994.5448,145110.8872,146088.5822,147194.6872,148946.2016,151379.527,154330.8012,156644.2283,158342.4507,160405.7552,163746.0226,167654.6878,172212.9576,176226.2487,180225.3947,182920.8001,185404.8927,187592.14,189703.9086,192037.9033,194531.3313,197695.444,201086.9629,205030.0755,209064.3982,213253.6778,217102.7088,220647.2563,224030.1691,227450.5177,231301.3308,235914.4944,241919.9673,248130.7739,253864.047,258623.1952,262769.4657,266240.2087,268856.5268,271387.5249,273622.8561,276765.433,279774.4687,283077.3979,286587.5054,290369.5506,293836.1046,295469.4611,295664.5566,294820.6218,293725.8114,292226.1695,290152.0731,287488.6168,284515.9126,281680.1674,278259.3198,274858.6565,270816.3492,266339.9218,261173.9275,255410.8504,249855.233,244843.8856,240076.0285,235894.2296,232959.1702,229924.8996,226983.6303,223463.5799,221510.7779,219108.0152,216032.6937,212204.375,208543.2651,204288.5369,201135.3281,198664.8132,196809.1368,194311.9875,191003.3845,187341.1342,183261.5678,180491.6341,178097.7127,176250.2516,173765.6619,172482.7757,171534.9525,170249.4704,168343.4221,167038.7255,166939.5814,166789.5203,166257.5236,165599.9936,165224.4768,164734.4508,163363.9859,162358.9657,161106.8494,159911.7427,158486.1636,157022.8779,155681.1672,154680.747,153191.708,151803.7759,149976.8236,149012.6605,148814.4241,148895.5748,148772.0116,148048.898,147522.6471,147521.5763,148393.0457,149576.1318,151159.3554,152468.2228,153334.2064,154171.1887,155246.5315,156699.0249,158172.4445,159698.9024,161017.2558,162186.8663,163358.9627,165231.5124,167368.4291,169429.3923,171559.0244,173899.7102,176286.9523,177862.9215,178785.6464,179754.5812,181195.448,183016.4521,184308.6175,185384.8402,186228.0213,187694.1092,188842.0043,189875.6641,190795.8039,192223.1296,193716.4168,194944.8278,195611.2819,195873.0144,195688.7008,195880.1843,196809.2126,198477.4746,200299.001,201926.119,203968.8926,206338.1691,207964.7755,208901.6532,209713.6654,211246.5291,212720.4737,213905.0076,214396.9423,214512.5904,214418.7253,214515.8306,215430.352,216229.288,217387.7322,218937.3743,220972.7499,222971.3274,223944.6096,224297.6602,224593.6511,224662.6949,224995.7914,225107.3075,225677.6158,226571.5091,228317.8098,229995.2409,231273.0852,232024.49,232583.3951,232507.5409,231973.9182,232189.2557,232998.1661,233895.3379,234672.795,235489.424,236374.7146,237477.4433,238789.6373,239238.3735,238088.1689,236004.464,234364.2423,233474.3831,233289.9891,233626.627,234082.24,235096.8766,236276.5619,238002.976,238855.314,238917.1965,237786.1662,235904.5434,234146.622,233223.7824,233517.1781,235043.7178,237058.8429,239886.0667,242284.241,244129.6038,245443.8297,247200.0247,249306.6255,252408.2418,256873.8816,262556.4306,268513.8458,273500.848,278399.5762,283677.1988,290154.3103,298258.6354,307189.4846,316354.0883,325341.3066,333165.3633,339892.5479,344263.2824,346931.7095,348201.6524,348506.4291,348237.3681,347396.0998,346882.6749,346360.7932,346225.6776,346043.6838
174796.8436,176368.5498,177636.0019,179395.1407,180033.8137,180130.3801,180054.3363,180579.2277,181807.9608,183473.5339,185209.2187,185446.076,185058.8954,184331.2202,185244.0809,187869.205,191509.632,195100.5976,198124.2158,200572.201,202281.0196,203356.4471,204418.1907,205727.0159,207515.7515,209273.2106,211089.1762,212815.0636,214064.8215,215284.7976,216470.9397,218317.9696,220198.3774,223068.9277,225582.3603,228866.44,231490.793,234320.436,236470.9602,239563.1485,243000.4433,248001.3372,252579.0084,258226.7741,262881.3336,266885.7259,269689.4743,272173.6745,275072.0301,277897.1297,280847.0321,283301.4204,286083.5315,288647.7324,292109.3504,296111.7038,301324.9006,308276.1736,315048.0236,322047.0348,327598.0107,334592.8519,341981.0511,349940.9549,359805.962,370330.2425,380786.7353,389334.3027,398563.9478,408029.8584,417994.3592,427013.801,435824.0196,440363.1951,446521.9033,452871.0035,461864.0786,466300.9239,468902.3019,470017.7686,472403.9241,472040.3854,468989.4866,464076.8215,461042.7815,460933.4161,459650.1539,457659.8444,453225.2105,449312.5558,445620.5988,442649.2796,438712.396,435740.736,432585.7801,431838.1961,427424.1076,421141.7712,412905.1831,404878.7548,397700.4719,389799.1677,381309.4023,370568.5795,358988.6687,347730.1543,337839.5443,327114.5747,315818.0691,305318.0358,295611.16,286819.8353,278647.212,273006.734,269572.3738,268271.1904,265885.2507,263973.5939,259444.7054,256184.4822,254230.9725,253589.2634,253484.0794,252712.086,252718.6944,251411.9838,249334.527,247606.0687,246508.8768,243898.382,240996.1788,238461.426,236730.5627,234677.5589,232473.7474,230800.473,229955.8678,228409.3491,226274.9255,223307.5705,222857.2821,224363.1371,226562.0134,225561.7583,224110.7209,220836.8495,217789.6516,213554.8504,210242.3566,209243.2258,209377.1859,210428.6136,211236.9123,212331.0386,214450.5311,217587.8243,220582.1864,223180.213,225226.5938,227696.2771,229355.7723,230927.964,232854.0404,235258.8532,237369.2858,239043.2395,240940.4545,242454.5664,243243.5429,243560.239,244476.2359,245769.031,247007.348,247677.3622,248853.9286,249808.7174,250111.8161,250325.125,252141.5761,255546.7887,258064.7142,259222.2602,259654.3246,261302.5481,263193.8037,265406.8192,267592.3893,269971.5633,272408.7921,274852.3378,277765.7297,281475.565,285450.7054,289382.5268,292671.3308,296068.0282,299240.2693,302605.2595,305679.5753,308039.4194,309288.2579,309853.7148,310465.0683,311738.4608,313355.1531,315988.1784,318878.783,322177.3385,324474.6217,326260.9144,327521.826,328287.2077,328727.052,328897.4139,330101.5345,332020.3475,333991.0731,335528.9277,336476.2221,338151.4542,340039.4318,342430.4905,344109.1423,345482.9245,346516.9906,347926.8128,349716.8084,351765.1082,353084.9434,354501.6823,355630.986,357333.5366,358176.4471,359422.5944,360662.8936,362187.7912,362980.1502,363642.9372,365002.3165,367615.649,371476.6985,376172.9276,380761.7389,384348.7332,385937.9586,386123.4664,385978.0495,387114.8804,389728.8245,392736.6853,396325.2221,400303.069,405576.5931,411036.4666,415899.9758,419534.136,423083.7867,426968.8321,429704.4759,430288.4888,429458.7669,429117.2323,430633.1413,433429.2803,441115.2811,452108.4671,465294.2863,476163.5722,484810.8915,492594.1281,498774.1138,502413.1732,503915.5807,504718.4515,506110.3343,506550.3836,508290.1244,510404.9511,513836.5733,517299.7274
74431.40636,75060.94102,75916.42691,76504.56131,76898.63984,75917.1774,75234.61978,73759.7261,72428.25082,71488.15093,71638.75175,72248.44571,72435.3373,72445.22991,72120.21871,71802.86519,70346.98585,68874.00646,67508.69589,67980.05691,69637.47977,71745.46629,72194.57936,73017.31283,74059.18487,75733.50333,76792.53412,77464.63395,78831.52395,80041.87465,81190.21028,82098.61513,83105.62514,83849.28771,83996.93535,84912.87374,86366.6725,87537.33019,86673.1063,86969.53405,89608.6779,93436.13181,96791.23061,97006.32961,97368.60222,96577.85499,95457.29845,93053.38975,91090.52767,90811.00422,92151.42671,94075.74286,96986.66587,99688.78602,101376.7056,102907.1175,104303.2662,105954.6075,106776.7056,107451.3235,107038.6267,106096.8223,105152.7468,104513.169,104449.8091,103416.727,103608.9925,104051.9581,103443.1845,102859.9282,103398.904,106799.2684,110861.5645,113652.553,115298.1806,115047.8414,114687.9855,114581.1181,115176.8965,115969.612,118004.3115,120992.009,122389.0067,121642.3341,118703.9874,117064.0106,116849.9527,118767.6865,121868.6183,124761.9902,127507.7509,129372.125,130707.7171,131278.2001,132463.6345,133970.3099,133603.8108,132483.1541,130642.8983,130703.0509,130410.6311,129545.0211,127745.6852,124021.1973,119563.4621,115134.3004,112000.9512,110489.1582,109884.432,108779.4183,107181.5089,105188.5614,104337.2324,104115.0585,105346.7384,107297.4301,110006.051,111724.6262,112878.9382,112957.2637,112313.7157,111818.3067,111593.5118,111585.2905,109975.4051,107823.6094,104915.7265,102617.3535,99907.6804,96992.53329,94911.97718,93751.25224,93542.82977,91617.76186,89510.37849,86882.90312,85030.8721,83395.42734,81492.58604,80090.1671,78133.96771,77881.77778,78388.56912,79229.27089,79765.38154,80726.537,81640.47097,82556.16992,82770.42848,82825.16222,82495.06648,81255.69968,80706.86296,80289.51216,80389.62489,80767.08342,82078.12073,83959.05884,85248.83415,85431.51399,84947.52747,84631.94294,84246.03949,83783.98855,82713.8742,82086.54437,82099.92678,82950.78936,84540.12138,86835.1307,89022.06466,90138.78669,90433.51821,90238.06242,90211.3759,89764.10637,89581.61265,88915.02372,88379.04806,87573.2948,87357.39719,87561.55294,88272.48748,89031.5548,89806.35805,90360.73296,91032.32569,91441.38666,92079.32383,92596.79886,93105.72726,93443.51921,94174.68998,95437.56187,96522.70189,96829.15839,96979.95711,97373.27785,98056.79131,98874.88252,99823.56712,100569.9962,100646.8405,100023.6996,99536.86005,99596.5831,100200.8551,101325.7881,102499.0607,103898.2776,105261.4688,106743.1728,108064.5625,108540.412,108407.7547,107956.9804,107300.3382,107256.8335,108080.6387,109604.1858,111111.1604,111600.2916,112355.1998,113058.2313,114556.2573,115533.4546,115662.8502,114844.1648,112876.8363,110923.1814,109148.5532,108543.0429,109212.0363,110981.7645,113531.959,115968.533,117812.0726,118570.7078,118739.3561,118880.4308,119824.8274,121022.7985,122698.7052,124486.2465,125862.0338,125725.5643,125116.4265,125023.3715,126830.5365,129589.3832,132807.8027,135627.716,138183.7982,141332.3302,144419.5549,147336.7611,149653.8594,152235.8007,153177.5433,152357.8366,150058.5919,148770.2454,148433.9696,148897.3586,151441.6242,155863.8202,161101.1566,165172.5244,168119.9154,170668.633,172621.2411,173298.103,172465.6032,171138.7096,170378.8961,169415.2218,168585.6244,169277.2295,172362.7435,177007.5924
241792.8872,242089.4182,242592.4944,243933.4816,246210.565,249130.2596,252146.0036,255137.0453,257887.4473,260685.4663,263342.6176,265691.2056,267862.7332,270500.584,273193.8906,276030.1585,278022.4839,280520.5662,283096.4467,286330.9182,290048.0779,294011.121,298177.1837,301956.486,305634.1848,308674.5196,311698.8024,315067.5268,318703.2454,322609.5972,326718.5237,331027.0715,335071.6682,338607.8558,341685.498,345178.3783,348800.2182,352952.6802,357348.2765,361950.789,366910.1943,371609.5588,376282.0189,380354.4604,383907.0861,386644.0506,389114.3883,391726.8298,394490.9265,397396.3039,401373.2113,406208.9378,411070.1189,416497.032,423591.281,432070.4851,440234.651,446828.5314,451802.895,456568.3514,462950.6848,471127.7331,480393.7375,490202.3662,499355.0012,507577.3955,515206.0019,524974.1166,537203.9894,547849.1278,556727.2517,562363.4707,567717.5301,574720.3896,584285.62,595175.9803,601932.5316,606425.9612,609322.8986,613210.8608,614412.4651,612781.6093,609288.1819,605142.8707,603084.3054,602158.7598,599465.0608,596349.3381,592879.4746,589486.3755,582618.0482,573338.6987,565630.2142,558078.9819,551654.9211,540384.7405,532015.3349,522293.2321,516184.5554,507216.8929,497647.8611,487200.5836,478691.1682,471316.0161,464831.5806,456297.3083,447732.6333,441075.9902,435869.6101,430628.245,424330.6723,417204.0033,412759.7792,408821.6327,406383.7063,400836.3829,395019.7376,388571.1436,383823.2233,380528.6702,378212.0397,377013.5932,376238.5218,376645.647,377063.8299,376514.1286,374977.7316,372738.4389,369480.5872,365647.8219,362252.5243,359748.7441,355682.3881,351328.5704,347168.0662,343535.7756,340381.7666,336372.144,332846.3208,328455.8072,325053.5326,324763.7489,325247.3527,326065.167,326268.0662,327139.3954,328384.5312,329662.1356,330796.6422,331847.0532,331963.6996,331935.0013,331092.7292,331978.944,334643.176,340390.5228,345659.1942,349335.8198,351549.8896,353328.5947,355705.6044,358217.2219,360688.3218,363349.8614,366391.7774,370683.5953,374855.9991,378548.2661,381342.2414,383807.1306,386111.9383,387531.9016,387983.9619,388123.2216,387996.0985,389065.3391,389767.1161,392532.9645,395633.1736,399983.1171,402372.2749,403948.8084,405199.7803,407371.3167,409763.4277,411797.5808,413304.2407,415249.6871,417131.1339,421022.5271,426085.8545,432274.5009,437163.1323,440936.5237,443497.2633,445679.8584,446797.8812,447189.3358,446996.9369,446960.8781,447471.3101,449452.4027,451519.9787,453300.9694,454493.716,455627.5173,457487.363,459974.2824,462365.7277,465788.9798,469182.6101,473887.2746,477357.8163,480847.1474,484167.3707,487742.2086,489623.8552,489797.0256,489950.6936,491668.5817,494384.8653,496800.3792,498887.4479,500708.6845,503005.8211,505668.7206,508625.0419,512102.0567,514772.9887,517086.6037,517996.0243,519178.365,519830.2958,521231.5644,522076.2284,523501.2823,525109.528,527324.4347,531005.8898,534941.8423,541031.3621,547904.7151,554649.4278,558611.8752,559840.8967,559494.39,559505.7681,561236.1609,565750.2159,572733.3462,582237.8467,592362.8213,603305.6456,614690.2778,627023.0063,639940.139,653075.6091,666376.9432,681169.2424,696829.7228,713633.6897,729317.5091,743294.695,756748.7631,770500.3945,786607.3426,805383.9584,827166.779,849148.1277,871628.9094,886631.8688,894452.8961,892223.7244,888533.4758,884042.3528,877964.496,871808.9517,866956.1607,865909.4807,865998.3733
83798.72065,84017.15104,84245.71214,84437.436,84551.91775,84736.56385,85078.50591,85376.23818,85507.66039,85704.8861,85753.61284,86133.7511,86467.79365,87034.71976,87565.62318,88424.03086,89366.54219,90168.33662,90894.57188,91627.52991,92324.4252,92768.85244,93087.07335,93354.97617,93566.83724,93735.45991,93787.44996,94029.75916,94414.3494,95083.89349,95698.03635,96361.96303,96796.13326,97301.8584,97815.12331,98472.08192,98924.411,99335.49102,99629.30771,100084.3036,100480.046,100804.088,100982.8813,101191.2031,101568.8674,102146.7773,102783.5333,103589.1214,104361.1355,105153.3745,105820.6028,106610.6386,107523.1306,108617.0643,109894.6604,111516.1858,113356.4127,115158.8388,116573.1908,117841.3545,119229.1007,120989.4962,123346.3798,126686.9142,130618.101,134950.805,139526.7402,144203.3371,149394.3678,154752.268,159963.9308,164334.1306,167606.5332,170155.7209,172892.9676,175462.4152,177654.594,178711.9599,179533.3629,180447.9065,180940.3089,180847.9295,180598.0388,180432.8276,180353.0243,180177.1107,179838.3657,179702.638,179745.0192,179470.806,178109.425,176284.7843,174677.2551,172924.221,171194.3273,169108.3519,167187.0178,164075.4347,158882.9656,153873.6268,149170.9655,146264.2483,143461.3341,140460.4698,136657.7325,132980.5374,129884.8494,128010.2739,124808.8031,120375.3767,116092.7467,111567.2405,107785.8319,102876.9699,99417.00229,95934.80041,93487.13396,90230.84758,87546.66638,85835.37802,85395.56176,85406.39812,84829.66552,83707.35407,82579.83135,81322.27497,80375.38474,79262.00621,78520.95637,77665.54747,76373.01919,74121.05589,71547.7424,69403.27163,67379.10493,65920.88846,64544.65231,63873.30517,62958.3873,62318.67668,61655.82329,62003.70597,62710.09916,63135.11202,62554.4457,62529.05655,63855.55229,66452.66821,69123.78091,71324.26294,72920.83485,73957.27622,74710.12735,75540.0495,76296.30373,77018.5595,77513.58673,77939.86502,78540.88149,79727.32145,81469.56964,83718.75769,85825.91666,87788.50342,89283.57949,90812.06184,92141.83637,93564.8359,95129.29338,96878.14362,98266.14851,99349.25235,100559.6509,102040.5115,103655.6841,104996.8187,106338.2,107461.7726,108705.4426,110087.0093,111357.3795,112188.8812,112689.3698,113247.4962,114165.0824,115569.4129,117569.1264,119969.2566,122375.0453,124516.7973,126509.9082,128473.1671,130581.5101,132415.9517,133771.9299,134782.2808,135575.5112,136535.415,137694.9746,139454.8671,141540.9443,143720.1133,145992.4648,148173.5248,150497.3124,152442.5702,154255.4531,155634.6359,156828.5682,158099.8594,159789.3126,161879.7599,164062.0494,166039.8418,167628.7488,169106.8937,170765.7919,172657.9273,174623.6003,176138.3131,177574.847,178940.4178,180497.261,182287.9336,183964.8704,185428.3349,186758.5296,188663.5778,191130.7071,193219.3292,194318.4807,194627.0005,194886.9623,195479.0891,196586.2094,197877.8261,198988.8718,199886.7001,201035.0284,203049.2681,206066.3468,208868.3352,211001.8321,212431.7831,213587.5369,214372.0253,214929.3893,215992.1076,217925.9568,220227.2566,223008.5471,225795.0773,229236.4757,232926.3495,236867.5652,240349.6641,243616.5058,247253.3176,250950.0901,254641.1195,258060.8894,261707.9882,265881.8948,271017.2968,277681.8032,285171.7782,292704.4337,299409.6388,305131.1375,310099.773,313600.6108,315225.4136,314570.1763,312809.8959,310939.6836,309164.7108,308362.9825,308771.0817,310144.5404,311176.349
56029.79038,56298.13215,56467.93444,56849.02159,57351.50157,58174.25583,58915.50177,59117.61266,58905.24359,58841.37818,58895.13043,59139.5968,59371.69531,60319.2994,61958.5009,63800.02947,65809.1326,67985.56765,70512.63569,73014.70313,75944.1758,79710.28495,83502.84513,87245.65787,91055.05329,94877.85971,96843.21603,96056.25867,94596.20481,93368.93742,93762.07079,93733.02505,94048.42736,94180.16464,94827.67439,95335.42168,95064.08346,94524.13157,94572.45679,95871.25901,97600.95108,99171.88394,100160.0257,101542.139,102928.7799,104413.5047,105868.8456,107243.1632,108542.4272,109080.1266,109534.7624,110447.912,112033.2907,114202.1485,115933.924,118056.8964,120448.378,122653.8043,124597.3689,126045.5895,127948.0155,129693.6732,132376.3804,135479.3132,138828.1861,141168.1363,143172.74,145694.9573,148388.4598,151756.5616,154471.3713,156791.4469,157454.1886,157888.6508,159504.9847,163827.9137,169845.262,176713.4554,182533.22,187191.9236,190192.2769,192800.4403,195011.0484,196657.9826,197509.6339,198280.5863,199138.6995,199608.4337,199547.9664,198039.8176,195362.2085,192357.7992,189909.7301,186418.3256,182566.7265,179270.3286,177914.8321,176513.8378,173641.2082,170799.8074,166479.1067,163072.0156,158466.936,155473.0702,151835.89,147830.9943,143241.2141,138311.5065,134702.1055,131315.142,128736.0462,126636.3965,123488.1195,120892.7642,118877.4809,117819.0215,116799.6208,115946.4485,115200.5599,114110.4351,112968.4951,113610.016,114876.6653,115523.2526,115054.7763,113460.8108,111417.8573,108529.0508,105720.5636,102307.6757,100197.6761,98337.33938,97776.68181,96520.41755,95566.32134,94125.59406,92893.97311,92542.28369,92515.59385,92420.20707,91365.62147,90348.33823,88803.13652,87441.78196,85500.49951,84394.509,83960.24757,84612.00722,85485.67779,85681.7072,85249.27705,84462.85873,83980.29582,83630.92502,83813.02397,84462.43441,85891.5189,87709.93548,90299.81694,92607.99939,94925.06428,96474.75193,97917.88532,99380.30307,101333.1271,104067.3429,106467.524,108374.2256,110154.3027,112206.992,114800.6167,117396.6031,120026.0194,121899.4871,123414.4946,124583.2757,125632.6573,126433.5949,127117.3933,127665.9748,128403.219,129560.943,131217.1656,132902.0048,134890.9709,136837.86,138648.2898,140378.0613,142499.0821,145384.7666,147300.839,148116.0054,147993.6209,148360.5213,149375.649,150294.6022,151312.6647,152111.0013,153139.9007,154366.4703,156055.9073,158035.1004,159815.7831,161721.3416,164073.7087,166973.3197,170056.8663,172623.6594,175247.8937,177999.7537,181152.2144,184724.6488,188121.9435,191241.32,194291.4743,197973.8954,200430.5325,200466.4569,199425.2572,198748.0066,199729.4512,201137.4598,203481.1163,205808.9926,208188.4968,211357.1708,215336.4717,219773.2486,222289.1566,222609.088,221646.8541,221577.4733,222523.1208,223522.6019,224099.2712,224836.838,226031.6665,227868.451,231014.02,235446.165,240884.2193,245113.3674,248127.0721,249557.6967,250625.7506,251566.9165,253190.5065,254943.5889,257027.1536,259047.4877,261911.9875,265061.5547,268515.1094,271677.7671,275000.4752,278211.5015,282267.136,286959.4689,292332.1154,297008.3825,301066.2784,304725.9408,308806.1419,313353.8401,318886.3748,324958.612,331529.2682,337712.5904,343461.6944,348776.1069,352666.3364,354662.8039,354868.1205,354928.0647,355304.9103,355040.7527,354819.74,355043.4507,357303.8418,360237.3563
189868.8752,190260.2881,190875.9502,192388.7353,194076.0841,195469.0226,196670.8658,197788.8364,199306.5459,200795.1773,202375.3082,203853.795,204559.6744,205472.377,207176.4477,210630.0433,215326.7516,219994.8103,224791.0774,230266.0516,236376.8121,242864.9843,247835.2408,252206.5867,255245.8706,258870.188,261088.8027,263041.9557,264740.8737,267401.01,270355.0129,273185.9149,276376.4366,279582.3929,283160.9255,288085.8917,292913.3046,297168.5137,300151.7921,303793.8195,307615.3473,311563.8923,316029.5326,320307.7879,324813.4713,329123.3491,332845.4681,336246.2456,339234.3705,343325.1372,347666.3122,352689.0007,359388.5581,367472.7406,375327.1896,382858.9884,390115.3338,397073.1503,403049.0311,409241.4325,416170.9451,423754.3918,433022.0376,444319.1034,456667.2132,467469.5438,477772.4722,487533.465,496719.7509,505924.9441,514327.7054,522025.9305,526006.5537,527824.7044,529116.9338,535866.8094,541235.0296,547865.8743,547289.8296,547560.8745,543021.0293,536992.5343,527651.7116,519082.4852,513441.4734,511601.003,509452.3299,506182.6991,502240.7109,496790.1378,489712.645,480552.9654,473715.2746,466564.093,458881.6968,450215.7982,442561.5563,436347.1417,427229.4963,417400.5153,407909.9785,404443.4785,402391.1183,399022.1279,390914.7769,381385.6961,373392.2086,368343.0329,365151.2495,362086.9198,358731.019,354858.8663,348937.7388,342852.0319,337438.2304,333528.2049,328847.1949,323954.5395,319502.4668,316926.8473,316074.6323,315925.5083,315766.958,313862.9606,311899.4511,308782.8551,307009.4087,304848.6203,303566.9181,303599.5125,306145.9231,307727.16,306884.2076,304202.9728,302873.2913,302347.2661,302444.9711,301928.0117,301983.5571,301114.7595,300408.5598,299650.6034,301129.5872,303366.7552,304908.4642,304516.0813,303767.4406,302868.402,302528.1851,301936.4413,302062.5626,301582.5676,302170.1998,303847.5324,307132.0812,310241.3546,313878.5184,316497.2668,318797.7619,319274.3522,320179.18,321481.2158,323462.2565,325223.845,327364.143,329345.508,330662.6882,330808.5495,331430.7619,332798.6238,334540.5026,335781.2541,337535.2067,339487.613,342143.6939,344907.3974,348172.5664,351847.7067,355296.6933,358268.8968,360753.5451,362307.945,363290.0103,363234.8533,363051.5508,362664.209,362738.3213,364251.6366,366683.4143,370142.5491,372733.6052,374047.9341,374910.1253,375506.8367,377498.0933,379581.2617,382104.4745,383930.4295,384222.5568,383951.5237,384256.7603,386286.1163,387075.4065,385936.3552,383758.6344,383253.6926,383841.0165,384900.688,385275.6416,386402.063,387299.2231,389278.0371,390962.4133,392938.949,394695.9878,397563.9766,399191.6193,399981.4409,400448.9194,400704.6315,401306.0923,400356.2497,400842.2172,400668.894,400418.2622,399351.9043,399218.4939,401130.0149,403825.7183,405831.5538,406740.3287,406213.3285,405186.5155,403814.1671,403009.6292,402482.2899,402299.4644,402541.7951,403504.5297,404602.3065,407250.6813,411177.1276,414470.6759,415785.5867,414312.2932,412876.6881,412161.9768,413869.1802,416718.1638,419864.8189,423393.6114,427478.6773,431122.7145,434302.9736,437274.3085,441677.9365,447481.1983,455124.476,462840.2051,471593.513,478368.574,483653.2091,487741.046,493049.1328,500057.028,508220.4833,518150.1429,530079.1595,539786.3313,546713.6755,549720.9319,551261.6118,551114.4789,552036.8387,553619.2797,554741.0471,554137.5582,552314.2517,551406.2733,550389.8921
91296.6331,91512.92065,91829.20485,92513.01564,93192.29181,93961.91555,94652.73418,95645.81921,96413.80246,97224.33426,97726.86526,98408.99642,99057.93986,100139.628,101200.9273,102559.3856,103629.8026,104924.5371,105917.3872,107068.3177,108286.4135,109609.5242,110998.5901,112082.3887,113333.7042,114236.6223,115010.1795,115632.0772,116380.9954,116909.8903,117353.1886,117905.9814,118647.1349,119443.7012,120137.5503,121211.4166,122328.6711,123474.2148,125091.7858,127382.8951,130102.9293,132352.39,134206.4237,135578.6413,137011.0055,138218.6066,140090.3416,142145.3589,144538.3604,146498.3282,148501.4792,150274.6721,152068.003,154549.2518,157832.4243,161316.4962,164367.6541,167073.9085,169418.034,171774.1407,174163.5963,177192.1641,180254.8429,183855.8485,187572.5848,191190.8338,194601.6781,198446.4341,203084.5601,206896.2319,209676.746,211019.8157,212508.6496,214596.7136,217713.4675,220522.3108,221642.5697,221596.878,221143.4234,221405.8277,221033.1262,220149.5899,218416.1339,216079.8191,214554.0767,213338.9093,212271.5815,210583.8459,208504.2207,206473.2913,203781.1846,200645.0433,197500.2896,194532.9588,192553.9573,190083.4555,188267.5831,185701.8143,183329.8545,180176.3069,177215.446,174767.7944,172737.426,169991.3061,166577.2034,162794.5481,159251.7074,156413.5981,153713.9342,151695.0101,149751.3804,147619.7087,146108.3313,144709.3146,144068.2103,142979.4541,142066.1409,141167.5998,140886.1853,140942.2227,140850.2557,140371.3423,139477.5429,138428.8959,137327.4818,136145.1717,134943.1859,133488.6745,132022.792,130896.6651,129926.2536,129015.2105,127137.7188,124570.6158,121992.3668,120395.2174,119322.246,117931.4084,116276.8795,115048.7585,114318.0019,114009.7813,114445.1555,115285.3264,115967.5756,116514.9115,117533.9677,119139.4011,120819.8956,122303.4629,123928.7294,125067.6797,125831.1556,126648.1614,128021.0759,130306.9272,132559.4014,134404.5137,135792.4813,137046.5469,138858.8011,140964.2362,142724.034,144155.3484,144847.1483,146211.6797,147629.3924,149640.6346,151053.1473,152348.8015,153600.0766,154787.7509,156219.0768,157446.421,158952.7494,160247.0136,161342.6424,162792.0105,163688.5722,164579.08,164391.2414,164468.2575,164626.8556,165459.0329,166632.6693,167383.0262,167957.2282,168286.5275,169277.588,171520.6749,174085.2551,176778.6105,178445.4842,180096.4146,181359.8732,182842.1852,184014.0812,185007.5504,185749.707,186791.7677,188415.9124,190924.7217,193535.7072,196135.1003,198010.0323,199384.8989,200371.2459,201585.5884,203194.7473,205385.7101,207306.2339,209594.2286,211673.7301,214168.0385,216083.9388,217496.7728,217720.568,217457.8993,217144.6556,217606.6372,218734.3293,219906.9242,221192.294,222309.5692,223414.9896,224053.2138,224766.2483,225693.2235,227582.7801,230101.5554,232867.6737,234914.5934,236429.6027,237956.8429,239359.0645,240712.2238,241535.868,242227.5679,242632.7114,243340.203,245400.2937,248056.0831,250863.3548,252676.1352,253456.9088,253911.5523,254738.0385,256696.065,259831.0924,263199.9561,267379.6887,271545.2926,276275.5837,281706.8183,287801.2062,294050.5607,299698.6567,305341.7901,312230.5849,318627.3042,324267.5935,328753.0207,334369.5574,340266.3113,346325.0153,351580.4409,356863.4375,362447.7469,368577.7495,374633.6847,378931.2151,381321.6672,382229.7314,382460.4613,381746.3234,379936.808,381660.4063,384530.774,388661.6842,389927.2698
149895.931,150161.183,150587.6339,151396.8502,152401.7998,153350.3132,154239.3758,155048.3777,155832.1848,156739.0956,157769.338,158935.2674,160013.6668,160867.2251,161687.1053,162853.4382,164329.6321,165932.1107,167583.6775,169219.0838,170909.9815,172634.9321,174511.5378,176587.6254,178350.6577,179980.9498,181521.1093,183542.9922,185882.1582,188390.0293,190772.8326,193227.9386,195563.4592,197935.744,200046.2038,202219.4131,204323.7615,206445.0721,208426.1534,210409.3587,212716.5258,215654.2811,218941.107,222296.8394,224925.6921,227608.1981,230480.6126,233498.6325,235895.0928,237592.06,239953.3805,243146.5089,247096.1449,251428.8078,256485.7612,263101.9416,269825.5462,276387.9351,281746.1942,287190.7811,292754.1923,298711.5636,304427.7354,310993.3466,318675.5416,327215.7594,335609.5742,343029.1296,350521.8374,357453.0108,365195.7869,372250.2535,378000.4824,382793.6109,387729.6702,393207.2047,396833.9501,399760.6065,401395.1554,403060.7418,403029.0652,402433.8571,400850.6701,397365.6832,393589.8658,390194.5515,388664.7511,387479.1619,385310.2903,382054.796,378000.3911,372831.5958,367255.2144,360341.0021,353565.1004,347127.1637,340842.8933,334491.3374,326298.4558,318902.6552,311419.8983,305060.6804,297656.3954,290255.5014,283198.8587,277817.0297,271536.3721,265569.3139,259782.3701,256389.6273,253567.6258,249361.5462,244820.5164,240718.721,238235.2165,236439.8154,233988.1843,230980.7643,228179.6454,225926.3288,225081.8819,223537.3173,222770.5003,221507.5112,221250.7341,219649.2228,217471.1405,214177.8889,211591.3049,210081.3193,209936.0219,209850.8318,208572.1406,207483.8636,206735.9543,206328.1635,205085.343,204005.2378,203020.5808,202709.9971,202628.7645,202771.2812,202156.0046,201190.6078,200359.9402,200114.1027,199943.4616,199890.9702,200081.0261,200418.6706,201130.2421,202009.0499,202912.9953,204185.9694,205800.9449,208208.2697,210445.2555,212951.2206,215459.2186,217942.2676,219803.7556,221258.0176,222214.3115,223242.0289,224221.5392,225258.4834,225837.9487,226407.1837,227558.9021,229982.3487,232756.5257,235006.6432,236338.0646,237315.316,238711.3111,240154.2696,241298.6563,241660.7275,242324.0962,243407.7193,244907.593,246503.5304,248174.2885,249718.6938,251036.8142,252263.0251,253764.1966,255457.9278,256715.5384,258007.0393,258921.0953,259734.9761,260309.2979,260238.9544,260359.4215,260686.0256,261452.4686,262029.9592,262314.4608,262974.2468,263858.122,264728.8242,265527.1292,266297.2843,267004.206,267411.2768,267575.7358,268058.3447,268354.5561,268905.2055,269205.3692,269798.0684,270791.1435,272167.0295,273709.7856,275290.718,276876.6229,278122.9045,279072.3927,279820.3605,280839.1054,281421.4167,282636.9497,283821.2342,285442.1319,286620.3013,287577.4684,288591.9717,289534.5931,290981.5538,292265.9995,293475.4754,294046.8119,294136.6041,293670.2343,293315.796,293477.9418,294526.1875,296562.9446,298880.0412,300400.2011,300981.9455,301480.853,302424.8347,302747.1688,302274.1284,301799.8323,302739.1491,305188.068,308313.8694,311594.8584,315286.2754,319067.3657,323529.1465,328097.4395,333753.3738,340561.0889,348678.8078,357640.2945,366151.139,374452.2522,382238.0219,389668.8657,396790.5196,404474.1935,412450.4481,420821.9596,429572.3342,438607.4597,446579.559,451594.3887,453169.2619,453111.6879,453414.0144,454779.5909,454729.3913,451682.7338,447765.4913,445342.3026,445593.7478
156818.384,158920.2188,159793.0502,162358.3282,164052.4623,166321.6001,168199.4306,169114.4805,169220.0611,168663.8962,168790.3358,169298.5737,170337.9043,171678.2972,173813.7817,176571.7798,179315.7461,179574.3409,178760.0198,178401.3237,180126.6533,181350.2052,182102.5504,182492.8501,183759.9951,183909.1861,183542.7651,183266.8477,184260.3754,186114.6749,188228.9246,190389.9069,191841.0359,192589.8215,193064.2868,192887.1259,192769.8232,192631.0141,193477.0057,195059.4939,197289.0156,198716.6382,199906.2414,199413.5471,199648.9914,200674.5792,202953.0084,205645.4741,207592.1639,209143.0562,211967.456,215077.6598,218442.3709,221797.7068,225530.8512,230335.5962,234228.9297,237903.6315,241275.6979,244564.9033,247631.9396,250296.865,253210.7495,256111.8729,259650.5291,263495.9143,268896.1642,273707.4792,278137.3824,281425.4098,284686.2211,287463.4458,289690.1771,292849.4058,296498.303,301385.939,307149.5911,314129.8246,320882.9018,327080.2449,332523.5003,336104.8695,337104.2636,336586.7875,335648.3778,336482.0544,336476.9146,336147.2812,333290.7861,332564.5244,333104.0779,335123.7178,336062.0754,337547.3995,337939.9402,339604.6682,339273.9702,341059.9624,344457.9903,349660.4934,351322.2924,349350.0799,344708.2797,339962.9613,333314.6472,325861.0652,317647.7025,311230.841,306872.7,305470.1082,302389.7102,298549.0499,294471.6604,290897.8863,287704.6897,282339.9749,277404.464,272394.2724,270040.4825,268230.7018,266853.1794,264781.4134,262959.0729,262749.3612,264015.4456,267004.6672,268293.5641,267658.5814,265070.7312,262612.623,260622.5653,258862.0511,257692.5462,258890.0475,260253.6029,260955.3095,258888.3143,256567.0474,253773.5835,251248.1908,248761.514,248475.1331,248245.5587,248308.2161,246841.0354,246069.6983,245806.2114,245923.9217,246452.8089,246955.0519,247567.2788,247589.4882,246871.576,246377.0362,247157.266,249331.5025,251660.3195,252703.7427,253366.3279,253759.2148,254680.2303,255697.9971,257159.0317,259268.3663,260891.1182,262417.7763,263543.6117,265247.1377,267561.2694,269525.5031,271554.8033,272535.0944,273503.3347,272853.1416,272381.3834,272012.8432,273061.8974,274067.0209,275581.1618,277570.404,279425.3372,280440.7458,280737.7282,281182.7519,281526.2838,281526.5336,281477.6528,282057.6881,282910.9473,283545.3227,283801.5374,284429.1884,286577.2492,289075.4318,290986.5478,291651.6899,292589.8674,293340.3007,294492.6394,295593.9931,297764.4373,300239.6807,303424.2347,306111.089,308441.8976,309348.5094,310628.6902,312347.5139,314090.568,315465.2713,316222.7866,318185.4038,320884.6517,323811.6163,325831.6642,326546.5845,327489.3458,328150.9519,329844.0851,330808.249,331860.2109,332394.5395,333882.1614,336258.4318,339674.4833,342343.7067,343568.2864,343885.0734,343867.7348,344244.0752,344762.7254,346294.3833,348916.7068,351689.4402,354335.2505,356360.4508,357809.6373,358542.3846,360273.7872,363082.4071,367755.3343,371454.6616,374009.4793,374869.7046,374815.7876,374876.2474,375479.2459,378075.5716,382171.0648,386870.7634,392337.5283,397674.3742,402499.5216,406702.6768,410493.9301,414832.7638,419044.7027,424175.5915,427958.8688,430364.0096,431105.8655,433040.9906,436560.661,440465.8291,445526.9379,451724.9529,460442.1634,470144.0118,478578.6491,484964.2582,488283.1826,489071.1019,488145.8327,487213.2588,486528.6565,485118.7505,484319.5831,484092.2226,485487.6468,486271.3706
82515.62781,82888.68051,83095.29646,83434.55994,83452.49184,83307.27435,83288.86956,83299.88377,83471.43813,83682.53455,84156.12664,84658.5563,85192.73804,85516.5161,85797.67478,86171.56779,86929.29847,87898.2759,89068.18719,89905.78906,90512.95568,90817.16281,91180.37772,91412.1264,91673.05466,91900.9885,92575.31055,93371.96934,94301.6627,95117.65483,95972.82034,97157.49982,98294.74405,99224.43741,99930.8192,100697.3887,101780.3091,103043.5229,104491.2744,105971.8237,107162.5277,107880.2358,108448.6313,109273.2631,110452.2715,111526.3135,112889.4996,114621.6023,116565.2567,117941.6034,119519.919,121509.6891,124040.0672,126754.9654,129896.3328,132762.9935,135343.826,137466.3206,140008.5649,142717.1486,145149.7762,147759.1085,150238.1091,153914.5627,157303.4795,160891.3499,165056.6209,169391.6437,173078.3073,175334.9827,177897.2499,181874.4625,187220.2699,193215.9872,198684.8208,203274.1169,208106.5852,212854.4601,216209.8975,217585.2926,218340.914,219426.1348,220072.9671,219501.5374,218833.5276,217871.5733,216881.9292,215169.2194,212122.2256,208914.0235,204571.5641,201353.0584,197832.2666,194864.5889,191284.653,187121.1528,182873.6969,179372.5134,176159.4727,172856.8077,169191.334,165729.3789,161760.3057,157590.2136,153372.8329,149421.6481,145204.2127,141272.0527,137552.1657,134173.8906,130014.0495,125232.0644,119823.9273,114396.3827,110042.086,106627.9492,104651.0273,102878.8636,101928.3212,100588.0848,99898.84874,98780.90289,98341.28417,97695.35075,96923.07037,96244.74193,95536.81982,95053.69482,94405.91517,93713.51372,93411.40446,93208.85931,92582.44769,91355.13324,89880.37723,88636.66418,87558.74888,86128.31479,84302.31964,82458.47798,80821.75849,79829.89962,79393.30678,79145.59231,79952.89025,80778.86672,81606.38123,81771.41338,82186.52305,83181.11948,84117.38533,84895.85303,85640.79599,86522.40447,86887.7291,86955.42512,86545.22959,86261.92253,86253.2714,86855.13867,88228.40563,90017.31019,91912.04024,93678.51583,95334.18798,97051.7645,98965.13295,101073.2905,102996.407,105009.9815,106895.7373,109269.1459,111791.6677,114449.0137,117047.4689,119195.5704,121251.5812,123151.7921,125101.053,127119.9527,129085.1891,130860.5485,131852.184,132909.0296,134572.9919,137283.1165,140372.3909,142859.1398,144716.1605,146487.5485,148896.9446,151553.0146,154062.1739,156136.0238,158040.762,159730.9634,161367.3465,162699.8236,163524.681,164354.6991,165774.0777,167321.4559,169563.0133,172031.9389,175166.3612,177766.1911,179806.0731,181241.5123,182927.8221,185368.5008,188178.0268,190969.6213,193102.0957,195172.5822,196794.0121,198451.7188,199795.6238,201350.3158,202843.8264,204064.4005,204930.9044,205937.4202,207915.0869,209861.5053,211609.9043,212722.0732,214207.1375,215704.7933,217458.5632,219104.271,220148.813,220224.1542,219963.7063,220350.4405,221426.3482,222977.2232,224243.1097,225546.0694,226470.5326,227457.3022,227470.2929,227710.3414,227861.1926,228757.498,228830.22,228645.0411,228630.7533,229775.0387,232185.6373,235451.3745,239463.3042,243448.6275,247673.3443,251758.6939,255803.4584,260229.2719,265468.8735,271709.9496,277706.5455,282728.7456,286767.9093,290011.7046,293182.9504,297044.8878,302942.2202,309989.4132,317249.7387,323685.1909,329439.0017,334545.3669,338427.2971,340555.9583,341186.8992,341089.6615,341166.2698,341082.0467,341804.7882,342075.3008,342907.7381,342819.078
92153.91426,92468.75894,92876.82106,93548.88189,93742.26567,94254.77996,94019.17841,93471.1773,91474.11933,89927.99249,89283.22197,90353.48661,91291.48219,91692.4298,91351.92103,92563.45422,94414.0014,96299.57339,96896.90245,98236.01305,100411.1262,103443.3162,104557.5915,104478.6728,104235.3539,105393.2704,105554.1055,102897.9122,98251.3758,95593.82964,93655.1872,91826.30099,89072.98145,88708.74448,91035.44234,95307.83527,99206.6831,102322.8208,104510.8055,105910.5475,106325.7835,105142.6606,105819.5376,108145.6543,111353.0782,112851.1032,112549.3353,111979.0048,112610.8675,114335.4499,115742.5835,117225.1981,118460.1206,120611.2741,122744.6257,125609.9461,127943.591,129333.968,130146.1083,131324.6096,131830.3284,131681.1306,131873.3294,132336.1866,132428.9756,131314.803,129897.8516,128188.9716,127687.0135,126819.0142,126254.9702,125695.9901,127935.4484,132079.3856,135564.0189,138883.327,141153.6345,144114.6679,146949.3389,147839.5583,145986.992,141873.7972,139943.2021,140455.8316,141588.9004,143282.6251,146839.7112,151918.8658,155127.7377,154483.4497,153115.6715,155282.9226,163019.3892,169275.4594,172500.1545,171102.4898,169072.5629,166550.1024,167288.2764,171623.1671,176833.4376,178704.3575,177556.177,175466.2206,173427.4236,171921.3069,170722.8892,169318.4641,166941.7066,163921.2507,160506.8425,157654.7018,155253.3779,153163.1751,150998.9894,149317.3317,147715.9745,146761.5543,145828.5672,145193.754,144184.7299,143324.1227,142389.2629,141519.147,140769.749,140779.8534,141023.3562,141090.3352,140571.1489,139667.7562,138637.8519,137205.1279,135765.7528,134461.6943,132909.9073,131300.7438,129747.5002,129510.2529,129408.4243,129378.3126,129271.3204,129935.2272,130806.9165,131557.672,131677.5927,131495.9318,130950.5602,130341.0593,129826.7592,129428.4884,128217.9001,126919.5267,125744.7133,126181.1395,127328.322,129007.2064,130208.2533,130935.7106,131347.2679,132227.0099,133673.5477,135633.7905,137129.9739,138527.3466,139416.7547,141055.2621,142571.3494,144661.4195,146765.0491,148860.282,150431.6684,150722.6261,150540.3682,150074.1314,150016.5777,150219.3941,150704.4887,151666.7047,152339.2945,153290.5628,154634.3319,156331.4002,157610.8145,158525.4377,159937.7232,162160.5881,164436.2356,166268.0865,167481.6195,168968.5302,170869.2877,174013.5965,177802.5351,181618.2659,184427.7656,186209.1286,187530.2395,188688.286,189880.4033,191175.1336,192704.9165,194103.2324,194700.8698,194313.0518,193064.5618,192138.4467,192823.3629,194814.9252,197140.6694,198330.737,199065.8075,200415.2865,202216.375,203847.2955,204524.4599,204942.1773,204438.4439,203680.4333,203584.8239,204723.5257,206456.0424,207771.8547,209337.1283,210635.6472,212308.1032,214370.6415,216690.4987,218322.1791,217745.2024,215686.1118,213362.9277,211935.4999,212224.8728,213569.6201,215536.2916,217209.0816,217791.2161,218777.4271,220330.0032,223482.4436,227411.7741,232046.364,236352.7164,239469.1551,240824.906,241321.1589,242341.1431,244931.6406,249083.0001,253313.8621,257289.0955,260544.0318,264506.1563,269113.0902,273154.0194,276866.4431,280946.7087,286979.7717,290815.3,291967.3287,290586.7233,290012.5377,290752.2243,291932.462,298525.1739,310191.5768,325778.4448,339723.5477,350006.7785,357270.0226,360707.1998,361385.4038,359922.4751,357879.2828,355570.6336,352090.0165,348367.5941,345851.0776,345608.8382,346866.1275
124851.6663,124662.1705,124713.6136,125297.8896,126655.8851,128721.7646,130414.5616,132338.638,134472.5141,137066.4331,139118.8851,140939.3446,142863.236,145220.886,147201.3986,149132.9141,151384.1813,153403.5255,155892.953,158143.7356,161591.7198,164789.8543,168335.008,170739.6378,172069.4445,173084.067,175200.6956,178381.4826,181285.6721,184897.9671,188525.3419,192507.2699,195098.0774,197518.5747,199596.3212,202919.9092,206807.7817,211023.977,215036.8376,220364.7556,226694.2207,232292.2588,236663.7028,241075.5047,245716.1002,250970.968,255961.1805,260924.2048,265690.3689,270204.7717,275081.1923,278207.4671,281093.7686,283876.2769,289063.0267,296231.0794,305157.8183,314720.601,323009.0619,329693.0461,336091.2842,344615.353,354544.3555,363734.9321,371825.2633,380071.0077,389229.7499,398547.0414,409732.7637,420609.3934,430349.8344,438979.9228,447414.1777,454999.523,462576.2964,470300.4774,478358.4918,485620.8466,492558.9707,498023.4084,501446.149,503512.1472,507078.8191,509917.7995,511391.4381,514412.4192,516172.924,517770.9189,516356.5386,513457.9561,509497.2331,503701.5462,494692.5237,486464.6303,476522.8059,467040.0754,452185.3903,436908.1241,423845.8504,412579.0956,400246.8325,387622.1949,375880.3004,362290.3228,349519.6588,338217.1255,330415.8657,319983.3877,306894.6048,293032.3844,282142.1115,273675.6193,267580.1533,262780.0637,257837.5587,253428.3111,247167.3369,241042.3572,235111.6684,231916.8078,231403.2876,231622.0859,231093.9957,229739.4001,230585.9288,231125.821,230597.5207,227316.3939,224679.707,221964.779,219683.2877,219424.7137,219325.6988,220219.98,219199.1342,219372.8203,217317.7881,214602.2578,212090.4363,211018.6531,211089.55,211446.8822,212775.4875,213777.5446,215310.3198,215633.5465,214994.6547,213454.7943,211653.7297,211038.4205,211253.728,212931.7099,215582.7664,217969.5601,220922.6434,224259.2978,228423.1721,232390.9007,235633.5492,239238.8052,243078.6534,248284.2767,253861.1996,260416.8888,265630.0057,269646.3654,272479.0912,276101.5949,278494.5843,279978.1351,279951.7521,281513.8872,283484.4612,286140.9904,288772.5395,292082.5726,295788.3471,299760.6677,304169.0995,309098.6561,312485.9599,314468.3043,315971.8033,319370.4093,323918.6665,328376.924,332712.4734,337649.2872,344039.3346,350424.8228,356969.4133,362205.0627,366841.8425,369815.0304,371517.9637,373229.1367,374482.1686,376091.8603,377805.1336,380394.3021,383146.885,385975.7707,387279.8325,387559.2594,388094.2491,391155.9702,396424.5928,401470.1881,405076.205,407529.7774,409110.8099,410492.9325,411647.9455,412841.4943,414835.6063,415913.4561,417904.9831,419526.7897,422591.5859,424654.9526,426042.087,426921.4465,428539.7618,429954.1193,430677.5572,430542.9468,431045.1639,432424.757,434400.497,437039.3403,439911.5672,441502.5764,441864.8998,441895.8821,443105.5816,443849.0903,444078.4802,444083.4141,444984.0068,447321.5819,451783.9641,457915.91,464049.5797,467880.3586,468494.443,467878.0071,468148.5612,471265.3221,476320.1042,481989.2079,488456.8988,495810.2982,505060.342,515887.4345,526393.2947,537151.5543,548037.5728,560400.0272,571953.7183,581154.3025,587511.7366,593522.8707,601695.9233,611093.5239,627957.9878,650316.9765,679510.4692,705748.734,728829.2082,747114.382,759571.8064,764005.2982,761825.2547,759016.5146,758882.8335,760088.3902,760891.358,762230.7688,763666.2419,765106.3068
64807.87965,64351.28489,64305.09192,64128.00123,64576.914,65574.84566,66608.62723,67717.62998,68600.38602,70108.60123,70961.99212,72202.44366,73323.28885,75559.97021,77494.09977,78852.5489,79582.27806,79438.7688,79531.03047,80142.62285,81104.097,82121.91608,82357.15687,82508.01779,82075.64642,81420.1031,80679.85204,80331.04955,80129.66816,80928.27386,82543.71894,84228.00405,86103.98919,87478.97714,89611.52265,92034.84399,94007.23776,95986.216,97304.32574,98802.90358,98907.48806,98048.24879,97602.43059,97907.58944,99139.10574,100315.3057,101913.9001,102841.3877,103997.2953,105075.0505,106387.4495,107590.875,108554.7468,109349.384,109309.6993,109943.3116,111506.095,113767.7308,116114.7279,118290.7493,120378.1285,122019.6481,123608.9765,125951.7381,129141.1541,132047.3449,134359.1772,136078.9967,138367.3923,141477.3631,144615.6909,147568.9663,150035.763,151968.4533,154740.5275,158539.5903,163459.7835,167878.7263,171308.939,172747.1912,173123.4732,172779.3739,174085.9758,175591.701,177268.5655,179252.1692,181133.8896,181173.1331,180316.8041,178135.1539,176587.513,174946.1633,175019.2566,175155.6386,175190.286,174212.6481,173639.123,171803.9563,167936.3573,163980.015,159484.6014,156560.3751,151781.993,145659.8144,140074.2568,135264.3045,131527.1955,125523.7878,119051.8889,113693.231,109814.9688,108210.317,105554.2421,103916.0757,101079.0919,99306.76897,97440.06564,97683.70574,98460.98461,99465.39188,99355.44463,98273.76429,96136.69303,93521.80069,91624.30956,89907.19518,88856.41064,87455.12507,85815.53889,83508.26519,81580.21791,79795.74762,78366.23642,76976.17676,76171.54563,75259.7389,74427.95797,74056.45159,73457.07942,73284.76627,72498.4556,71625.68354,69868.48894,68361.31294,67668.85144,68054.33648,69018.80244,69656.62304,70304.83737,70740.46661,71373.15201,71963.38193,72726.72018,73451.77684,74071.49985,74790.01318,75786.74474,76901.41681,78469.41543,79813.58,81541.94752,82534.52323,83324.44822,83964.86407,85024.97512,87000.90738,89438.98625,92356.31179,95376.38468,98484.61908,102010.1682,104778.1492,106777.5613,107300.9953,107955.8927,108562.4254,109215.2971,109440.0763,109989.1834,111187.3469,112580.604,113694.9525,115057.5745,117002.3189,119322.4403,120817.7896,122041.2204,123109.7717,124792.5868,126552.9813,127515.5383,127971.2168,127977.3338,128864.5107,130215.3982,131762.4772,133771.0385,135587.2502,137558.9767,138983.0354,140583.2836,141829.4733,142900.4865,143548.4494,144621.8543,146184.9258,148336.6231,150076.5984,151564.6485,152709.6466,154372.5072,156051.9231,157654.8471,158530.2091,159708.294,161760.3228,164215.7195,166094.9521,167646.2081,168609.5969,169643.3814,170168.306,171624.7198,173344.2608,175274.4744,177232.843,179752.3022,182753.1543,184943.5575,185805.0862,186069.3972,186757.1314,188191.0414,189975.3237,192034.6804,194142.7828,195797.3914,197505.9209,199718.6281,202987.7188,206310.1329,209103.2977,211036.2454,212673.5137,214273.3783,215745.0913,217476.4599,219111.1434,221203.2172,223232.8128,226168.7062,229381.0148,232970.1402,236070.5001,239179.6096,242244.7268,246200.793,250958.3025,256131.4242,260598.3049,264313.2285,267516.6491,270786.8903,274316.4688,278721.2992,283675.3833,288760.8326,293703.9354,298169.2145,302529.866,305329.3309,306747.9659,307034.9763,307841.5482,308889.0182,308758.541,308949.9743,309329.9193,310718.2589,311561.8583
205220.813,205603.6804,206483.6602,208614.7106,211684.2207,215223.6312,218464.9453,222041.6238,225704.3038,229468.827,233015.1043,236534.9129,239759.0817,242980.123,245801.056,249381.9671,253101.942,257779.0925,262336.1257,266273.4537,269315.5131,272522.3198,276444.3968,280526.7812,283973.0507,286676.1217,289783.7668,293099.4961,296945.4718,300089.1064,302927.2132,305773.7871,309028.783,311954.5745,314863.2222,318191.8221,322673.7872,327221.9433,331544.7409,336388.0649,341381.7938,346103.5291,350578.2108,355338.6499,360258.681,364651.5825,367964.7508,370496.3352,372722.6091,375557.8892,379376.828,383566.3125,387853.0623,394134.3951,402049.1883,411165.4646,419419.8499,426202.6864,431610.211,436612.3053,445164.3977,455899.4666,467233.2656,480441.3859,493838.1577,510768.0617,527246.9822,545808.8087,563517.3789,578036.8123,590197.8125,599620.2787,607467.1284,615795.2422,625657.5179,635936.9885,640544.0222,641432.1244,639803.6993,640242.256,639066.6906,635641.8933,631628.4204,626084.0117,624283.204,623379.7317,621545.0817,618533.6282,615762.5778,613606.8818,608509.9312,595846.732,577936.8704,558715.5711,543594.5761,529096.7837,518967.2135,510630.0481,507668.7703,501327.7421,491422.1913,479866.4923,468465.2487,458578.5108,449124.5879,439414.3948,429731.5528,421806.056,414891.2821,407841.7601,401543.3808,395879.5205,393540.0331,391189.3321,390046.7022,386800.2478,384593.0497,383331.6274,384699.4933,384924.4791,383865.3219,381934.6307,380682.7836,380328.9789,378838.6975,376274.6766,373066.2568,370587.1202,368544.1962,367313.4139,365559.1282,364901.7395,361592.3019,357578.2782,352754.3496,349347.8973,347414.0134,345081.9911,341655.9297,338399.7985,336008.7186,336391.5094,335340.0366,333980.8688,331952.1124,331564.7499,332191.2217,333553.8596,335766.6902,338125.0954,340211.1201,341929.8694,343704.462,346506.2539,351050.1056,357403.4204,363793.7784,367858.3802,370363.8032,372199.344,375986.3028,379114.9967,381550.5331,382742.4596,384887.4653,388438.5725,391836.9686,394361.0088,395713.2839,396613.7242,397656.2773,398884.6782,400759.5062,402197.0955,403317.0937,404038.6284,405554.9432,407494.6349,409889.2761,412884.7085,415703.5774,418202.3695,420249.5077,421770.949,423383.4131,424478.1437,425810.6012,427216.3718,428580.837,431070.3762,434357.7996,438373.7789,442342.6501,445527.981,447776.5315,449678.4292,451651.2348,453900.6659,455988.2053,457274.8887,458302.403,460458.7988,464012.4698,468156.2052,471876.7758,475787.3871,479601.575,482759.5776,484114.4005,485325.4687,486177.5899,488315.9593,490128.6053,491362.5703,492111.8342,493804.6707,496756.0032,500210.5476,503867.1569,506276.5184,507866.1587,508222.3102,510610.8897,512751.6497,515094.1488,516368.1291,519192.8816,523014.9046,525355.2415,525876.1693,524981.0962,525118.0539,525906.8824,527026.8173,528832.9525,531368.2882,534413.7453,537392.1092,539711.9978,540615.1586,541926.6432,543821.0963,546562.6085,547750.0215,546614.4994,544728.905,544282.7713,547058.1011,553263.8437,560511.7309,569509.4759,579136.0959,588973.2699,598457.1425,607905.0823,618852.8406,630928.7774,644469.7574,659749.7218,675959.2166,691803.3611,704427.9257,716325.1858,728688.0102,743045.9801,756497.9984,769237.3013,784588.9406,799375.7445,814875.1308,823598.183,827431.8442,823676.0006,819279.9857,815201.8992,811120.8606,806309.0224,800331.1145,796825.58,794004.8964
51670.74099,52497.33589,52906.64916,53526.04432,53902.98236,54433.34979,56053.59061,57575.20732,58978.14138,60244.66226,61699.42327,63325.73989,63828.19761,63951.1546,63557.70387,63484.76914,63406.88882,63948.47122,64392.01303,64871.01239,65033.96362,65385.04484,66003.50491,66615.90005,67220.65018,68175.99818,69728.97969,71838.39128,73824.05977,75731.36704,77130.68871,78048.21048,78658.80019,79161.74467,80153.9003,80542.1823,80837.30947,81051.8772,81736.36045,82893.43799,84108.37355,85479.77484,86126.58477,86524.4954,87443.02481,89036.94835,91099.24044,92723.89654,94472.87485,96116.43287,98021.36254,100088.0479,102188.5748,104436.8793,106382.1048,108660.2006,110564.7682,112273.9748,113894.513,115793.6481,118452.3082,120882.033,123119.8392,125201.2383,127216.3675,129755.1314,131954.2145,134823.0802,137122.9316,139758.7257,142294.3402,145346.228,148268.7093,150203.4345,151663.4491,153347.8547,155069.3321,156651.1408,157041.2484,157007.292,156071.3356,155746.1214,155388.2723,155723.5705,155620.5724,155367.3037,154866.2659,154741.5439,154367.6033,153761.514,152905.7693,151759.0239,149972.0607,147439.1572,144965.5699,143174.7636,141753.5962,140398.3823,138385.3245,136494.2441,134684.598,133258.2308,131224.0752,128691.1501,125893.2588,123513.5143,121832.1085,120595.0833,119113.3392,117574.2862,115931.913,114654.2337,113545.7001,112278.9397,110984.2894,109621.8595,108446.5032,107093.408,105941.4135,105121.8161,104803.2991,104505.9634,104144.1512,103702.3699,103516.1924,103393.2061,103407.0626,103064.232,102555.3629,101617.8449,100752.6885,100008.6045,99634.25903,99367.20243,98956.62062,98296.92811,97846.33456,97478.69562,97284.45042,96983.05954,96731.89284,96285.44423,96023.65612,95933.82599,96268.41502,96555.61981,96707.36823,96788.81781,96764.36037,96775.89168,96105.59283,95122.04777,94372.0714,94172.89525,94339.21883,94559.31213,94991.30506,95553.40127,95917.17045,96272.58739,96814.6659,97466.61772,98030.98294,98465.987,98527.93029,98297.16528,97982.01682,97851.19693,98281.02534,98960.48049,99630.50473,99842.1292,100106.2441,100753.4596,102073.2471,103203.5317,103898.7003,104033.275,103723.8763,103596.9558,105097.729,108243.6231,112452.2335,116059.1484,118877.7255,121124.251,122668.4534,124223.9357,125643.1993,127317.6561,128855.7969,130681.9537,132630.0748,134476.4445,136004.0423,137176.6928,138430.714,139503.0705,140139.3437,140612.6954,141288.2489,142614.559,143801.1,144452.0796,144353.0993,143838.3848,143774.8838,144550.4111,146148.3428,147352.1541,148167.2113,148858.3667,150254.0425,152320.1461,154602.1443,156484.9623,157136.8445,156635.9428,156001.4715,155361.6557,154982.622,154508.3059,154731.5825,155390.4221,156377.4668,157077.1256,157753.9901,158408.5205,158416.48,158030.1262,157226.9756,157421.2418,158189.5092,160058.5869,162048.5757,163787.1971,164503.2077,164756.2387,164973.8748,165215.3291,164865.7974,164791.366,165417.3118,166660.0201,167834.2553,168649.0522,170471.7419,172726.7874,175294.6644,177997.7165,181445.8975,184798.8172,187104.7056,188522.6964,190654.2884,194217.8909,199292.0288,205036.6685,209678.9121,211799.1281,212400.1374,212835.3106,214948.509,217651.1665,222587.8278,228809.466,236522.7701,244316.243,251788.0835,258743.9747,263856.8671,266117.1701,266164.4639,265138.005,264262.3054,262578.3984,260609.0067,258488.0185,257171.2666,256620.7799
208796.5859,209300.368,210742.8848,213402.6856,216802.5598,220056.4087,223759.6516,227088.1952,230402.9131,232775.1475,235197.6479,237235.2848,239807.3617,242180.8518,244128.8197,246015.999,248388.341,250793.5904,253635.0726,256906.8625,261128.8385,265115.9693,269050.9565,272841.8375,276448.7469,279465.2821,282680.02,286204.7964,289946.1357,293912.4083,297331.2715,300958.8071,304202.568,307099.3875,309926.3855,312887.4594,316488.3782,319914.8446,323794.4879,327564.2595,331757.4023,334871.5351,337687.241,340675.3075,344102.015,347980.5849,351919.8821,355892.0296,360165.3699,363363.3114,366937.9673,370193.6379,374624.7795,380174.1843,388625.4728,398147.9649,406223.0086,412583.6944,418996.4606,426622.5738,433693.3195,440801.3208,449291.7267,458597.7765,467091.2219,475638.4144,486231.2418,495242.4838,502774.2734,506777.9305,512866.6321,517938.0302,526680.84,534756.9038,542814.502,551413.2375,560168.8742,567391.5772,568696.458,567737.1834,566099.8931,564664.5862,561776.4628,557529.8219,551866.0396,546493.2462,541342.6931,536098.429,530824.8718,525033.4164,518560.9133,511369.1383,505581.7513,500465.55,495157.5665,489384.2509,483489.2647,478380.8659,471254.9215,463801.6473,455859.4654,449928.9757,445587.6313,446886.9462,448665.9209,449984.6142,444253.2872,439309.2114,433563.7988,430589.0323,426539.8008,422316.9429,417431.1628,413996.2116,410423.2162,404666.6247,397866.159,392561.7751,388714.7621,385583.227,382535.4851,381402.9554,380339.8223,379963.0726,378235.3823,375230.883,372211.4383,369593.7421,367371.9899,364595.327,364361.1568,365737.9222,367105.2734,366968.1561,365771.3226,365747.234,366035.8383,366617.6846,366073.4091,364970.244,363982.7113,363273.3111,363191.6126,363726.8802,364935.8985,366550.1373,368610.4245,371542.4915,374529.55,377309.8226,380201.8235,382328.9083,384153.2234,386074.519,390716.6761,396900.8277,403159.9677,407617.3825,410923.5849,413273.4086,416413.2926,420510.9316,424932.2284,428571.0315,431567.4712,436191.755,442203.166,449732.8843,456796.3405,463014.4561,468537.647,472980.7483,477147.0534,480508.4453,484282.8234,487464.6349,490362.5564,493159.7838,497255.258,502143.4712,507643.6613,512743.2491,517298.9842,520792.5327,523643.4727,525270.0178,527265.1462,529654.4421,533957.7316,539579.7672,545086.3918,546961.9928,545722.6052,544095.4093,545621.538,548384.3891,551810.9705,555287.7364,559074.8268,561791.6358,565084.1844,570013.8012,574767.2144,576501.6399,576416.293,577468.8004,581340.4935,586576.4457,590869.032,594747.6863,598307.2466,602549.3656,606271.6861,609199.5959,611397.6779,614377.0426,616656.6078,619011.5906,623070.971,628180.1095,634622.1805,638863.9132,643839.4117,649157.7494,654361.3802,657846.1412,660562.3672,664844.7086,670986.8551,677173.9676,679759.3991,678360.754,673718.2202,669108.9722,666351.1484,665885.1722,668423.8754,672843.916,678834.3381,685833.3225,694982.57,706492.1249,717683.9308,726241.6931,729464.7426,729552.2157,727737.3658,729253.5429,735456.1974,746873.0402,761093.6335,775213.2014,788410.0749,801742.0552,818169.6429,839215.8114,864629.94,893791.3443,924459.1181,956073.5721,985131.5006,1013397.656,1040382.404,1066690.002,1097471.265,1129021.494,1169228.532,1210332.869,1249802.647,1281635.954,1298067.542,1301159.973,1289748.845,1279339.568,1272264.751,1265300.867,1259452.57,1259773.317,1272452.988,1283826.075
455690.3735,458057.4671,459503.4779,464872.8366,471016.0169,475756.6856,478327.2457,480227.8977,484194.8373,486242.7612,487040.6489,487639.0826,491210.8473,495398.486,498826.7852,499706.8876,499198.2867,500609.0267,504896.9541,510509.7763,514429.5023,520435.2748,528063.5328,536633.5463,543717.0704,549874.2186,556827.9702,563552.5053,571189.0928,581233.2663,593178.1821,605964.7319,620182.0875,631633.9063,641865.2718,647316.7089,653330.2993,658967.4171,664679.9983,671056.264,677664.1266,685710.7009,693612.4271,701076.9038,707793.597,715762.0792,724451.3782,734681.0825,742719.6344,751661.8722,760209.989,774035.0334,786573.1074,800853.0291,811818.3452,824954.4513,838604.0072,855275.9785,871619.6502,885262.1863,896543.7326,911931.8636,931637.5244,953496.704,972972.9952,990794.4059,1009432.663,1026261.741,1037665.115,1046129.126,1052712.484,1064729.724,1073467.937,1084350.067,1096306.897,1112713.556,1123914.031,1130115.271,1133662.733,1141723.328,1146702.792,1142701.533,1133592.597,1120852.253,1109709.497,1094188.944,1076175.372,1054187.967,1033002.631,1016982.458,1004436.975,992666.1206,980690.8102,970665.8604,962245.5111,945952.1087,927434.0399,908436.0138,904138.3244,903289.3136,901675.6497,888857.4868,874346.4662,863926.531,859710.3939,852150.6016,840628.8947,833208.151,830953.7331,831069.7871,827581.3653,822259.1764,815081.502,807497.48,800194.7309,792019.2618,781985.3983,772736.7519,765458.3376,761556.77,756510.0094,748498.2146,736014.1156,726010.6542,722461.8213,723868.0134,728147.1186,731762.8341,731075.1247,726500.0023,722500.6486,720874.023,721296.6695,717035.7622,712024.045,706903.4979,708935.1847,710928.4935,710235.1177,705411.5233,702264.7328,702643.689,705204.4082,707474.2905,710638.5652,714722.4563,718117.5498,719534.8015,719031.2652,720659.1288,720400.8463,719669.3619,718161.1949,717714.8259,719814.5978,724677.7525,735189.1922,746491.7665,754113.3718,758711.0624,763149.1118,769826.7618,772032.9207,771538.9168,770096.8061,772406.2847,773534.9552,775377.0517,780561.7048,789941.5151,797800.3606,800449.9565,798605.9402,795975.7229,791927.5041,788114.4814,786113.1292,786719.8504,789533.0232,792962.064,800170.6698,810626.9148,819633.9267,825770.2597,829226.389,832878.2414,834404.0685,833557.8005,832680.2043,834778.8135,840191.4365,847160.4502,854334.3351,861448.4626,865621.8423,867989.2558,868914.4967,871621.3223,873791.5575,874921.2486,875625.2618,878998.0019,883140.082,887964.0604,891878.7088,897361.802,902646.5181,908525.6802,911844.5962,913550.4968,913835.2853,915677.6296,920828.7647,925626.9229,927301.1632,924512.7426,920933.688,921353.1725,926785.3983,933827.315,939625.4378,943850.5164,949574.3014,954457.319,958491.9265,960577.7329,963446.1948,968731.322,970250.2406,969933.0892,965526.7604,962726.2389,958606.138,956639.8242,954136.0663,953096.5974,950427.5604,950765.5227,951965.7326,954732.2322,958162.7757,963120.8053,966181.1301,967862.555,965779.7182,964772.1676,964284.4713,969202.362,979423.0262,993880.5634,1011728.351,1030304.652,1048597.662,1064774.737,1078538.885,1093080.566,1109423.964,1130579.158,1149724.481,1162620.301,1168489.967,1176044.647,1190102.809,1208811.866,1231979.591,1260461.291,1292988.766,1326501.045,1354018.292,1372837.635,1375572.235,1366351.087,1351046.678,1339991.782,1330902.513,1320815.863,1308877.854,1300672.276,1299529.142,1301739.182
173216.2937,172745.9741,172881.2669,172950.7731,173383.2987,173867.317,174104.3143,175008.6517,176406.3377,179291.8266,182109.9028,184908.9133,186249.3196,187583.7647,188499.0886,190495.3736,192403.9085,194983.9424,197922.2268,200775.2855,202883.096,203600.7426,204198.7318,205215.4427,207493.7054,210675.2159,212576.2597,214265.0051,215008.3697,216811.6385,218718.4432,221183.2637,224041.2933,227057.8421,230518.5554,234303.9965,237846.516,240582.3898,244110.0291,247303.6862,252532.0652,257082.5152,262408.7556,266973.7051,271808.5945,277753.4846,282459.6456,287103.2414,290498.295,294956.527,300391.315,306482.2409,313010.796,320721.2205,328073.732,336183.9561,342848.1222,349886.2297,355457.9407,361025.4328,366730.0117,372880.8257,377870.7951,384496.4255,392516.2315,402034.2417,412523.2916,424630.7231,436034.642,444447.9453,447551.5379,451226.6002,455161.1423,462796.5777,469821.3965,475586.5707,480258.6581,483064.3153,484433.0619,482690.1126,478962.9268,474532.404,471235.1785,469785.8917,468546.4262,465344.0198,460106.6263,454696.6547,448021.0536,441212.0336,432648.0691,423974.2099,416114.8874,409157.4917,403398.2147,395419.4044,387473.5253,380033.747,372964.3361,366496.1209,359413.6284,354061.8963,347553.7092,339787.0043,331715.1416,324678.42,319727.5018,315191.2755,310402.5834,306652.8106,303867.7886,300583.6964,296228.169,291637.4502,288891.9037,287372.6711,285503.0858,283088.4609,280434.4835,278267.4665,277810.8572,277029.7691,275832.6871,274537.8551,274482.4284,275286.3235,274308.6923,271525.3371,268679.3607,266288.5624,265450.4577,265101.4804,264766.8522,262849.6262,260057.4245,257155.9028,255167.6083,254752.4036,255213.0949,256373.3559,258144.6544,261099.4012,264305.2377,266241.5134,266252.7093,264959.8384,263563.5929,263289.8045,263578.6884,263829.7648,264534.5929,265461.1134,267116.4729,268837.7651,271480.2329,274088.1772,276346.4873,278724.6513,282364.7746,287282.8341,291359.4304,294000.3161,295199.497,297066.9576,299162.5572,301228.876,302377.0115,303666.8034,305961.61,309336.3937,313551.6302,317442.3479,320678.8158,321280.7563,321213.2903,320889.8013,321543.2966,322987.7613,325442.6857,329722.3289,334690.4764,339839.4133,344694.0348,348575.3448,352394.0907,354819.2588,357257.1443,359612.5886,362723.4294,365910.0337,369361.6046,372773.5931,376362.6259,378730.1168,380593.042,382005.8447,384445.2317,387098.2476,391147.7999,395761.7949,400774.6434,404888.0343,407458.8218,408539.2372,409540.8445,410977.8139,414445.641,418172.3231,421390.0836,423938.6791,426727.7561,430578.0044,434686.8948,438111.5545,440491.9798,442348.5435,444008.0622,446232.1238,448885.1658,450837.8895,452278.5018,451691.5198,451196.6784,450413.4024,449859.1291,448170.2415,446395.0833,445505.8026,446042.3394,446978.0594,448321.2424,449724.1156,450507.0019,450438.9868,449818.4996,449293.0781,448926.0845,449424.1339,450866.5068,453331.3964,456450.4654,460767.696,465258.3701,468969.789,470617.3838,471337.1176,472839.5777,475657.6422,480975.9428,487251.6313,495221.5073,502966.1898,510920.4941,519251.791,527050.5206,535432.917,544844.6786,555562.2349,565690.7997,572834.4831,578325.0699,584776.5025,591873.084,600724.1278,612327.4363,627484.4684,644421.4472,660261.6765,674387.6,686580.7976,692307.194,692502.5113,687697.1833,684517.3397,682065.3156,678560.6608,673197.7506,669640.2151,671143.6132,677092.947
52204.59438,51842.90912,52037.81277,52072.09736,52879.47744,53709.3291,54972.12636,56587.63177,57839.32176,58681.31083,59057.61299,59902.05178,60756.90049,61161.47873,61339.09168,61593.20802,62381.63026,63253.85372,64212.28238,64663.24968,64830.78586,65098.86928,65175.81246,65477.14844,65812.02914,66388.91455,66848.51901,67107.71743,67431.01457,68087.29589,69099.62782,70272.19547,70849.77262,71113.34495,71189.33525,71716.02743,72205.95975,72914.51276,73557.34758,74581.96556,75466.75441,76286.93972,76948.9838,77644.07761,78623.99255,79624.41388,80709.25679,81735.93796,82822.3452,84199.35058,85674.61186,87211.51721,88465.77913,89745.80644,91247.52376,93285.37996,95255.21722,97071.2141,98592.92162,100413.5359,102490.891,104444.6787,106266.001,107956.2945,109853.666,111836.2697,113901.8264,116981.9448,119941.9847,123138.6241,125393.9174,127877.8094,130041.6047,131861.0845,133257.1686,134246.0503,134708.0868,134675.8586,134639.6714,134957.9583,135319.0227,135531.0308,135539.2226,136092.458,136820.4828,137565.58,137962.2074,138321.4809,137949.9102,137162.5783,136109.7799,135511.6767,134444.2441,133463.7889,132702.8667,132195.3166,131409.3769,130426.4702,129171.2555,127892.5048,125855.0198,124085.1633,122131.2612,120144.4287,118010.6192,115977.4283,114251.0514,112815.3303,111280.03,110331.5595,109338.1767,108554.6318,107344.5182,106207.6699,105000.0629,103944.9411,102836.8877,101772.6801,101093.1773,101172.2549,101752.5963,102547.041,102866.6536,102390.748,101511.8064,100718.6463,100406.2078,100113.4155,99411.5812,98513.82489,97568.43583,96454.59187,95279.81422,94588.39885,94350.72109,94253.38172,93912.9351,93597.41268,93450.6671,93514.08457,93689.21603,93857.59888,93762.23683,93357.23231,93117.59181,93122.93759,93558.62963,94109.83553,94480.28239,94682.96621,94382.1874,93759.62581,93227.34182,93338.77929,94294.9408,95846.56718,96909.51177,97439.81836,97494.64392,97914.25095,98215.27475,98751.23981,98931.40666,99577.13538,99881.51962,100339.9937,100314.9809,100462.085,100767.6013,101475.1006,102136.7422,102878.4251,104027.2374,105147.336,106156.2873,106556.5976,107113.1488,107538.8725,108438.1119,109352.0768,110000.377,109946.5205,109712.3724,109815.6063,110635.3558,111774.3292,112999.9476,113911.5295,114605.0061,114961.6052,114830.2083,114209.4615,113508.9356,112927.0882,112682.5044,112714.1398,113347.8615,114037.9063,114703.1208,115581.8172,116608.6725,117923.7981,118549.0877,118751.997,118696.8403,118865.3922,119191.486,120050.0136,121045.7242,122243.2101,123450.8954,124661.9329,125963.6101,126747.7317,127363.8101,127808.813,129043.1099,130584.3355,132794.4526,134292.959,135336.5741,135676.9308,135991.4367,136645.4558,137675.3481,138512.469,139650.6948,140733.2871,141640.0688,141746.3123,141501.7526,141294.4515,141585.6602,142536.9789,143834.2388,145002.751,145639.7234,146589.8905,147657.7882,148829.8428,150164.5091,152173.5277,154074.1545,155197.4478,155373.1003,155671.0561,156610.8049,158542.3826,161400.4736,164471.356,167826.9768,171183.3107,174306.4576,177125.5559,179362.2417,182103.4228,185308.6446,189694.6185,193155.0561,195304.5779,195854.4513,196326.3439,197188.6903,197428.7141,200060.5334,204945.9647,212603.3897,220113.3327,225370.6099,229118.4644,231370.1386,233328.4929,234169.9013,234610.5644,234352.8065,233718.9811,233052.4009,233696.7336,235558.9418,237880.1115
123347.9713,123595.3183,124110.515,124541.6079,124926.9457,124934.4912,125485.7996,125996.7761,126699.1337,127352.4727,128368.2683,129687.6159,130829.6501,131822.4597,132743.3301,133948.8535,134997.7288,135785.0313,136812.0029,138308.0791,140035.4107,141357.225,142048.7985,142711.4556,143560.8945,144901.2242,146666.9669,148492.236,150376.8849,152311.5226,154375.7364,156747.6267,159027.6028,161471.6944,163766.6631,166133.8838,168193.7716,170313.9678,172457.419,175273.9415,178403.2502,182101.0153,185722.7161,189450.3345,192543.8069,195667.9317,198924.3806,202770.3971,206832.7238,210457.7461,213855.117,216965.9852,221243.3144,226642.8163,233159.0827,239910.0184,246150.5142,252049.8293,257374.2531,263407.1076,269094.582,275845.5403,282019.1203,289319.1975,296755.4852,305645.6969,315586.1861,324755.8757,332022.9002,337010.3851,341611.1612,345068.3134,348752.4899,351667.3217,354803.9654,358302.138,361010.1387,362626.2003,361283.0394,359251.4931,355715.1857,352023.1334,347863.8836,343898.0471,340380.9879,336942.0502,334421.4759,329830.4006,323940.1085,315946.0783,307731.7504,299702.0267,293159.527,287819.5959,282777.3208,277140.4767,271407.3451,266139.3962,260861.9227,256936.4213,254310.0787,252634.5763,249364.9272,243863.7046,237722.3932,231477.8543,225329.8667,220758.6381,216806.0171,214307.613,211821.8057,209714.7821,207271.6289,204124.437,201233.1927,198404.405,196109.2637,195503.8365,197074.9467,198931.2264,199600.3189,198868.1741,198531.2914,198623.4514,198428.6102,197728.4862,196958.9409,196212.4675,195300.6697,194428.4944,192494.2952,190559.2684,187904.2514,186339.7769,183885.3029,181784.7747,179108.676,177659.324,176609.3691,176266.0433,175774.6915,174647.0064,173256.2923,171864.1846,171831.6594,172905.0479,174794.6529,176672.9216,178359.0835,179997.2456,181460.2135,182646.887,183486.2824,183899.6007,184722.636,185869.0597,187991.5436,189623.4625,191260.4438,192435.4834,193627.2875,194544.1714,194872.1509,195463.5515,196407.9349,197640.5379,198802.6495,199793.7983,201476.2952,203311.6447,205577.879,207076.8071,208461.694,209706.0632,210842.2046,212183.1378,212739.7089,213210.8366,213977.7141,215434.1345,216929.8025,217945.5105,219000.7872,220461.6949,222020.4838,223467.8845,225010.2601,227015.5604,229371.0911,232174.8584,235337.6648,237247.1345,237695.8261,236982.4299,236638.9709,237090.2847,237542.3221,237995.4115,238220.7123,238838.3234,240210.2948,242186.0288,244280.5394,245964.6741,246920.4141,247674.1638,248298.4419,248750.517,248774.9583,248965.0441,249741.9656,251467.056,253402.1706,255515.2929,257513.3696,259698.0305,261593.4125,263208.4995,264438.5752,264899.8865,265145.8444,265005.8559,266353.9546,267567.4465,269208.4311,270097.4651,271293.4819,272784.7772,274653.4311,275672.75,275140.3778,273617.4035,272895.2732,272849.8987,273497.0976,273978.1847,274840.4716,275926.28,278020.9101,280446.2154,282790.4162,284234.2464,285236.2386,285739.2032,285657.5702,285187.9432,285412.3069,286648.428,289389.0226,291750.3489,294531.328,296707.1292,298783.8079,300168.5696,302054.2161,305566.0924,310751.1467,316979.5072,324737.5416,333046.7348,341580.6737,349453.5659,356888.4979,364594.5944,373141.9018,382759.1838,393244.5669,404469.7385,414710.9655,422718.861,426265.2479,426724.7826,426182.9933,425692.6049,426071.0107,425404.8197,424809.7587,423179.8505,424105.5388,425286.1952
81804.69981,82010.98752,82353.14639,82847.44543,83246.60892,83341.42086,83233.26628,83361.7276,83236.41903,83032.85218,82274.60505,81921.75547,81785.593,81949.32531,82477.97956,83183.50676,84204.706,84851.23702,85539.98129,86495.71103,87904.06264,89636.62354,91137.45427,92411.70235,93140.15803,93853.59458,93902.30384,94411.42533,95075.50343,96125.24375,97158.60848,97986.7404,99118.56696,100130.465,101454.3727,102344.4582,103457.0769,104451.8026,106059.2387,107285.3385,108273.6325,108775.683,109092.4625,109299.643,109906.5634,111035.619,112555.2467,114251.7551,115910.5608,116748.7662,118898.9144,121069.996,124023.3227,126774.6409,131212.1891,135498.9344,138759.2461,140037.2382,142013.7241,144595.4146,147558.6116,150846.4093,154068.0212,157731.8084,160882.1246,164138.5215,167781.1493,172132.6463,176344.195,180254.9789,183567.1385,186256.7719,189084.2433,191895.7154,194760.7034,197918.8885,201102.5817,204025.6381,204494.175,204321.0546,204714.5988,206380.2034,207354.1416,206258.2387,203887.034,201352.9459,200064.1243,198750.7821,196631.7143,194986.7357,193275.3897,191850.2657,188743.4223,184998.0472,181576.2826,177762.485,173651.6684,169956.844,166115.8918,162775.6082,158649.1702,155201.1442,151352.6932,148694.8808,145671.5978,143055.6013,138345.8097,134259.0605,130931.6505,129078.7461,126653.68,123286.556,118842.0433,114313.09,110349.5621,106909.0303,104433.3486,102476.9003,101653.8875,100444.4428,99415.2545,97778.05276,96466.33103,95035.94486,93807.77009,92826.45356,92205.65031,91474.68584,90652.309,89091.31962,87293.92471,85639.98912,84470.06213,83504.47254,82478.29448,81552.59901,80894.5409,79398.77092,77383.30779,75146.21478,73846.46381,72931.04845,72392.1674,71841.82127,72351.11696,73384.04193,74701.9701,76094.45764,77846.23063,80074.93753,81916.46543,83015.95786,83498.36059,83734.05628,83117.59637,82345.87702,81496.42661,81131.08215,80941.16635,81113.32579,82267.23898,84055.30815,85673.74251,86577.4899,87224.23391,88045.42763,89551.08983,91092.89995,92710.56507,94160.80303,95607.21565,97168.23051,98880.43212,100199.8619,101410.0793,101866.7937,102378.2328,102753.2828,104081.0704,106165.1459,109127.4592,112005.8653,114408.8027,116332.0997,118305.9974,120356.8407,122285.4834,124349.8745,126697.4152,129893.6325,132906.4029,135123.0507,136081.3749,135937.5681,135801.2536,135571.0454,135870.8141,136559.1394,137618.0316,139342.9616,141552.6117,144396.4515,147713.8915,151183.8662,154786.7747,157809.9826,160576.1459,162599.2441,164868.0147,167446.256,170260.2989,172622.1632,174378.0788,176269.9127,178029.439,179919.9454,181721.2725,183909.3213,186182.629,187740.3508,188795.4865,190004.8485,192327.3604,195283.5417,197922.8377,200328.814,202688.331,205224.4029,206982.7006,208178.1361,208171.6315,207743.3912,206928.2379,207350.255,209217.7521,212142.4971,214852.5108,217514.1846,219691.1937,221871.5024,223351.9264,225519.5282,228102.9241,230334.0105,231120.2416,231294.2407,232329.4443,234588.2818,237758.969,241580.358,246472.2502,251829.2501,258107.0988,264263.6542,270434.0591,274236.9283,276983.0528,279228.1165,282625.2538,286403.2344,289773.4607,292734.6163,295045.0039,298061.7193,302765.8829,309609.1033,317707.6855,325924.7414,333294.3901,340011.0677,344894.1544,349156.4708,351603.4297,353559.207,353891.5193,352923.5318,351378.3476,349374.2668,348024.6096,347386.6601
129879.0086,129982.6136,130038.9837,130521.0651,131167.8259,132225.2649,132963.1613,133161.4077,133051.6999,133062.1217,133923.4521,134977.9955,136001.816,136831.3036,137489.6457,137546.3832,137138.4674,136413.7676,136504.1871,136840.147,137521.6997,137999.0395,138602.6366,139252.2767,139679.5607,140415.0507,140891.0385,141591.6113,142223.2178,143072.1738,143940.8314,144396.2169,144677.1948,144971.0873,145120.3665,145510.9599,145585.521,145665.1182,145447.1555,145526.0439,145661.4842,145988.4905,146607.9542,147298.783,148101.3317,148655.7462,150164.2855,151645.8841,153044.9833,153551.6739,153971.6681,154848.6949,156198.807,157951.502,159985.6583,162462.5736,165320.6746,167796.3488,169892.5313,171510.3662,173656.8173,176067.1991,180114.009,185421.9109,191590.5896,197683.3552,203631.727,208732.4701,213441.3797,218178.8508,223075.6513,227103.05,230002.7439,232332.144,235351.0313,237683.9605,239254.2545,239380.2775,239582.3388,240251.7011,240686.856,240363.5366,239873.8373,239991.302,241060.2632,242081.464,242694.4282,243375.2684,244245.057,244583.3546,242965.7927,240897.9704,239304.4958,238046.5617,236603.9427,234373.0335,231725.8207,228559.5593,224664.0669,221833.0221,218716.7204,216356.9136,213660.2928,210628.5085,206924.8559,202886.054,199608.862,197297.0293,193694.4182,189918.3488,186722.39,184534.277,182517.7453,180139.0146,177180.0535,173911.1811,170591.1004,167684.1839,165904.9816,164394.7741,163491.7215,162347.4355,160893.567,159202.1309,157691.0549,156514.714,156304.3813,156160.3369,156055.4404,155641.5024,154432.4042,152524.0697,151032.6573,149763.4918,148350.2542,146347.2743,144336.9531,143231.935,141787.8159,140192.5455,137649.4626,136389.975,135902.4113,136016.3678,135399.1877,134837.7883,134828.7287,135233.3049,135849.3759,136467.6607,137085.5567,136990.3199,136628.5168,136408.5636,136682.0087,137848.2882,139318.1264,140819.0702,141778.919,142098.5167,142675.2912,143009.7535,143821.3334,144719.6105,145925.4436,147329.522,148194.2698,149201.9001,150116.966,151709.9379,153310.085,154555.8549,155602.1821,156258.5484,157066.2703,157547.5529,157792.2879,157662.257,157311.2125,157462.9263,157967.7346,158785.2867,159120.6275,159395.8334,159603.0642,160274.2385,161692.0042,163647.6008,165654.1988,167159.7588,167586.9548,167845.2854,168225.152,169311.24,170285.315,171023.5386,171803.1622,172583.9848,173469.7781,174716.4908,176164.5057,177214.3013,177390.221,177405.2182,177394.0863,177887.9944,178497.1558,179610.8169,181128.3288,182768.6678,184678.7936,186594.2779,188659.977,190286.2115,191208.1157,191973.3523,192455.589,193266.2341,194334.5496,195793.3599,197450.8518,198732.7678,200162.4762,201469.0724,203345.0314,205455.8423,207875.0321,210112.1763,211845.1571,213153.5919,214273.964,215565.7049,216730.29,217904.5786,218688.9918,219393.4428,219984.2137,220881.8526,222326.5848,223751.3508,225410.7546,226830.2777,227947.2788,228453.2989,228073.7247,227751.5594,228034.3155,229671.4865,232412.4767,235486.4567,238945.5894,242156.2029,245163.9568,247674.5495,250273.7277,253350.9789,257334.1944,262112.8976,267116.6131,271520.1853,275421.9884,279292.674,283784.9035,288729.0532,294827.819,301353.3144,307659.8027,313292.7184,318108.8394,322790.7699,325961.8363,327345.0529,326871.3005,326065.1623,325582.7155,324761.3824,324050.6333,323598.2577,323803.4414,323580.0387
63111.7777,63178.66104,63149.52328,62910.61511,62719.97876,62541.85192,62631.84338,62710.86754,62778.00452,62881.24403,63008.85853,63663.84663,64226.24855,64699.78944,64789.5479,65040.40422,65372.08118,65545.82355,65737.71042,66067.02206,66681.75201,67224.33599,67567.83347,67728.95746,67804.92413,67966.62808,68270.15469,68676.78999,69000.15703,69239.09362,69434.58287,69771.86753,69842.62083,69777.95054,69642.2779,69914.01005,70271.17693,70761.01377,71181.83229,71672.80132,72066.97834,72287.50735,72700.20126,73240.94446,73964.7603,74864.8158,75744.52777,76622.5928,77338.81543,78063.67369,78669.40334,78963.59471,79515.28383,80505.59949,81845.26171,83347.43822,84953.22064,86396.86418,87679.11036,88520.76677,89452.81196,90025.22718,91118.90792,92499.97823,94398.28605,96685.61158,99235.83846,102061.0949,104891.731,107606.2096,110087.0319,112152.6234,113957.0001,115302.9534,116748.1255,119891.9422,123489.3685,127131.649,128953.7056,130290.2463,130572.3612,130392.1169,130225.5472,130735.4948,131718.2707,132751.8243,133583.9644,133829.4042,133916.9843,133520.0851,133112.0242,131929.8416,130714.7789,128981.623,126911.3371,125140.1283,124274.7727,124205.6221,123706.9986,122809.8871,121411.8653,119701.9756,117686.3814,115258.732,113039.7012,111764.6987,110523.7629,108690.2082,105738.1664,103285.4408,101382.2774,99518.02024,97504.96154,95192.11751,92939.14662,91170.69372,89736.59401,87751.03407,86129.33336,84573.60485,84416.33474,84247.51006,83931.33126,82767.33213,80968.60845,79176.3976,77687.85001,75776.23081,73874.12485,72646.9729,72248.01528,72006.50099,70537.92435,68932.37511,67505.25845,66865.99988,66533.64849,66321.52428,66030.98879,65611.51928,65197.39105,64672.78858,64297.72633,64058.47592,63999.0775,64007.33979,64200.60148,64720.10926,65059.64752,65080.23006,64794.4663,64388.44989,64203.48291,64235.26834,64611.50415,65009.92033,65521.22813,65985.72457,66738.32651,67777.81327,68997.69384,70069.87813,70857.05911,71563.13574,72203.72864,73026.43233,73723.043,74444.27919,75388.53986,76589.94672,77915.45066,78829.6513,79687.69336,80698.62942,82113.81146,83416.26987,84133.39452,84195.4285,84508.0595,85096.61247,85866.32792,86212.68145,86546.31692,87108.83364,88112.20333,89256.82308,90453.52923,91694.27891,93120.56371,94443.56651,95611.95727,96984.92139,98407.11637,99836.34044,100661.0652,101462.0728,102077.8048,102933.9034,103886.2658,105121.0905,106535.9278,108475.2927,110654.4714,113165.3689,115045.1074,116550.4359,117926.5962,119797.9227,121902.2566,124202.4454,126755.8129,129372.7765,131327.4285,133135.7854,134831.1812,137114.9587,139104.2596,141163.2176,143145.2815,145021.8358,146951.6299,148985.4916,151504.5525,154127.4727,156749.17,158491.9918,159599.4116,160179.4626,160636.1946,161053.3807,161352.0408,161613.3592,162186.8457,163210.963,164904.8138,166773.6416,168410.8388,169627.9816,170297.6642,170646.3423,171532.4076,173129.385,175161.8174,176716.7689,177803.5285,178835.1651,180091.4764,181905.0209,184357.1095,186825.1938,189176.3685,190884.3205,193166.7084,195935.3918,199094.7154,202133.0119,205032.796,208397.5599,211868.0245,215109.8938,218203.9773,221090.7986,224436.5207,227605.7474,232126.1534,237529.0534,243470.9554,248774.1209,253267.1932,257794.3459,261793.1794,264789.3465,266569.4444,267120.1591,266568.7009,264766.495,263055.4005,262066.0781,262127.3719,262243.52
78782.67461,79162.76571,79792.93567,80871.77021,82101.7689,83336.72162,84623.26183,85940.3548,86961.84352,87896.57584,88674.95197,89580.01612,90561.65623,91664.00332,92627.46033,93508.4429,94077.33883,95010.30732,96026.1268,97393.39045,98371.28278,99239.78856,99763.86757,100486.8468,101130.9372,102155.0043,103161.8201,104337.9064,105233.8097,106142.7284,107243.3478,108554.4849,109894.849,110932.4184,111621.8643,112271.617,112960.0209,113967.7189,115054.0524,116450.7282,117829.3294,119046.9879,120044.2087,121453.4557,123347.1645,125566.7237,127303.9922,128754.5431,130121.2877,132124.6378,134684.3785,137673.8147,140447.7418,143040.106,145769.5859,149237.4434,152932.7024,156494.3583,159653.63,162878.5252,166260.1091,169448.3295,172942.0977,176513.5295,180732.3032,185058.1249,189430.8402,194480.8441,199387.6902,204283.8235,208003.9469,211321.7075,214421.4351,217250.3558,219902.0005,221998.0093,223453.4214,224104.465,224239.1056,224408.5778,224632.9783,224926.4612,225369.9473,226061.4768,226775.0213,227156.6795,227288.7151,227277.1216,226249.0077,224536.7626,222659.2019,221072.522,218849.4394,216373.67,214498.6978,212939.833,211452.6559,209223.7058,206937.3725,204026.1694,200691.2673,197391.0519,194187.5989,190538.8139,187070.0483,183897.1964,181840.8418,180060.6287,178368.0058,176873.0336,175325.4248,173414.6921,171232.5195,168745.7217,166182.8792,163669.4822,161484.8026,159702.5976,158287.8932,157204.9714,156508.5428,156350.2257,156418.8029,156472.5486,156299.7291,156033.7014,155607.804,154815.6951,153898.3425,152976.7197,152357.912,151479.6325,150826.0998,150301.5866,149769.7486,149138.5156,148562.9762,148239.4946,147909.3392,147263.9147,146611.4663,146172.102,146047.8868,146129.1217,146119.9342,146370.9572,146709.073,147276.8798,147554.9406,148377.5096,149331.0628,150594.0928,150984.1711,151291.2568,151719.6291,152562.9217,153158.5683,153814.9137,154703.6993,156051.153,157481.8058,159135.8524,160681.7338,161516.3795,161808.708,162091.8403,162536.8251,162952.4349,163173.0756,163604.0493,164561.0747,165340.0776,166346.896,166611.314,166975.8525,166958.016,167304.2513,167762.3677,168606.9816,169358.4848,169712.4085,169568.7134,169115.3413,168958.5451,168579.2976,168544.2282,168462.3587,168983.502,169760.6712,170740.0463,171125.7599,171083.6584,170835.0204,170901.5633,171209.8583,172219.2435,173784.4005,175347.3471,176630.9279,177720.0315,179031.4512,180878.3653,182404.2371,183177.6949,183266.908,183529.9095,184380.7192,185925.3545,187846.7271,189833.7456,191511.1916,193274.2439,195342.1224,197057.8478,198142.3608,199157.8401,200718.7779,202507.2357,204422.3157,206201.6399,207621.4489,208647.749,209711.3191,211191.945,212778.3397,214133.1439,215825.2031,217974.0433,219687.006,220463.3029,220582.381,220243.9023,219981.9251,219879.6333,220294.9113,220922.115,221487.072,222633.7803,224253.5012,226731.6901,230385.843,234081.4305,237138.9405,237928.3518,238037.0814,238356.8821,240286.7535,243663.7285,247843.0485,252109.9791,257047.8677,262281.3291,268170.6606,274077.045,279338.1675,284360.244,290364.7578,297939.1866,306066.7622,312525.5615,317365.9287,320112.2303,322081.4811,324161.7653,328770.6979,335875.6172,344639.9857,353647.1233,360946.7423,365925.5422,367797.274,366710.5664,364526.9802,362932.8095,362873.6651,361856.9647,361761.1554,363394.9464,367478.8713,370816.8694
123876.9214,123870.5399,124021.8262,124207.69,124450.3911,125405.5846,126920.3078,128492.8995,129441.4594,130062.1744,131029.8869,131801.9174,132753.6258,133589.8624,135126.0601,137188.8311,139786.5559,142385.3525,144658.6679,146892.8817,148941.9792,150977.9462,152602.9235,154648.805,156885.852,159479.5152,161716.0027,163488.8847,165532.3095,167809.3967,170554.8713,172739.7018,174603.0965,176238.5496,178611.0222,181155.9572,184213.8931,187555.7845,191519.1892,196280.0236,200388.8547,204538.4539,207349.5529,209831.7576,212143.3582,214809.7195,216731.366,217969.4503,219112.6686,221292.4442,224692.8144,228744.2045,233182.7248,237512.9166,242241.9934,247448.9946,252630.5988,257073.0375,261456.5129,265983.1391,270499.7861,275112.7639,280051.5976,286474.1789,293307.6695,301318.8201,310013.3725,321474.3973,332083.1132,342105.5593,349644.1844,357451.0442,365177.9718,372689.7463,380663.3753,386175.9822,388718.8777,386928.3436,386168.2286,383923.3729,380428.2887,374086.4064,370707.3741,367639.1994,364827.0059,358435.5282,352472.2701,345055.6743,335757.4342,324742.3699,315341.2529,308766.7116,303817.9546,297539.2891,290633.1519,284346.4769,279321.6453,275825.451,270654.3039,264993.6888,259133.3449,254551.7856,250107.8884,246081.345,242864.5204,240547.9907,237682.9402,234218.2284,229175.1936,224827.522,221001.4889,218856.4253,216000.6286,212702.3995,209402.6827,206741.6304,203642.7703,200574.7664,199942.1668,202230.9835,206385.661,208318.9449,208510.0724,207524.2827,207195.9253,207505.9826,207395.5711,206623.2078,205376.3828,204148.8681,202996.7394,201907.4334,200366.7787,199116.5777,196748.557,194123.9112,191348.5612,189700.859,188508.3129,187418.4811,186832.4318,186719.0583,186437.7243,185891.9951,185147.5909,185099.9646,185436.9964,186306.9621,187330.2525,188420.5855,189895.2152,190781.5903,191907.1013,192756.0933,193199.394,192779.5099,191951.0702,191845.3436,192644.7577,194337.3994,196712.3205,198946.6159,200735.7195,202119.5669,203954.4738,205969.0297,207198.3119,207742.2492,208145.1522,209060.7686,210140.9601,211294.0623,212986.3982,214621.2968,215919.1605,216580.6674,217545.5996,218686.624,220202.6713,221299.7654,222578.3741,223822.09,225311.5849,226732.3477,228796.8854,230947.2995,233151.697,234746.1999,236497.9048,238644.2083,241061.2851,242987.2683,245045.8161,247007.4375,249335.2255,251303.2819,253336.8153,255083.6301,256570.0235,257705.612,259310.4958,261299.8231,262990.7071,263458.9374,263420.4981,263662.6902,264557.8056,265400.5944,265754.2191,266269.0201,266847.4763,268283.3521,269803.3882,271460.9592,272748.4026,273694.0089,274814.9717,275929.6516,277334.83,278430.9299,279009.9814,279178.0173,279288.2557,279622.2655,280063.5926,280486.1971,281380.9755,282842.1224,284179.1757,285312.4823,285490.361,285439.0496,284738.1906,284618.1187,284391.809,284633.5162,284765.2552,285381.1749,286545.8176,288172.2386,290318.7113,291865.1013,292920.915,293506.8317,293678.5504,293909.7617,294761.9384,297105.5505,300822.2068,305106.1623,310573.1735,316591.9644,322900.5045,328503.8113,333741.6808,339754.4572,347539.0427,356823.5624,365449.063,372780.9312,378243.0658,384074.8022,389965.48,397539.9374,408290.8833,422381.8262,438578.9835,455107.7707,469840.785,483396.9276,492159.1874,496366.5006,496199.4586,495187.9059,492859.8014,486669.3337,475710.5644,461122.5776,447032.5391,435326.7417
198064.0471,198831.3513,199791.3887,202260.6855,205296.2653,208971.0098,212424.7291,215885.2826,218767.4235,221386.3103,223992.1768,227431.8433,230570.6845,233878.845,236429.2227,239755.5956,243320.1151,247044.5462,250260.2753,253081.588,255858.8308,258789.3804,261832.2617,264747.738,267864.5458,270440.2426,274175.0013,278361.8253,283321.9419,287211.482,291178.1968,295652.1385,300491.0731,304415.8398,307805.2938,311665.036,316713.5573,321863.3214,326609.9077,331192.9738,336096.8444,340256.0644,343916.433,347227.3155,352231.0157,357382.7527,362229.4586,365783.6334,368849.8892,371895.3953,376001.1893,380595.2154,384637.3451,388591.4735,393629.9654,400136.8953,406725.3242,412745.5642,418170.955,423556.5039,431578.4507,441632.1327,452894.0473,464539.096,476384.6046,489175.0571,500830.4928,513381.6675,526908.7217,538893.7858,549765.8929,556795.5127,562233.1717,568096.8911,576749.0036,586376.7235,590437.0995,591270.3476,590923.6753,592971.1243,593446.818,592021.3935,589483.1562,585271.6413,583622.5022,582640.3187,582112.711,579393.8477,576560.6099,574751.2001,570917.2538,564283.6478,557319.0439,550232.7838,543982.2469,532580.1877,523448.1803,513246.3284,507621.6543,500215.1689,493717.2603,486058.7822,478570.9028,469768.8915,460895.54,450695.1584,439712.5117,430092.1614,422589.6101,415911.1377,408784.1795,400502.1214,394223.7804,388786.7511,385178.4649,380475.3726,376238.0256,371773.1728,370028.1791,368774.8304,368963.1522,369408.4485,369395.8721,368860.6162,366704.4462,363962.7588,361219.2648,358455.4057,355656.7375,353474.063,351627.5307,351120.6214,348109.8283,344561.858,340854.9025,338777.7112,336485.118,333592.373,330214.4755,327634.4987,324916.9309,323949.4698,324274.4695,326152.168,326996.2374,327677.9041,327812.0363,329052.6345,330140.4934,331682.3777,333390.7022,335558.2358,337623.8052,340648.094,344878.9261,350708.03,355369.8172,358697.9008,360903.5201,363478.864,367167.2483,369950.427,371740.0356,372869.7551,375242.1143,379293.964,383674.0568,388814.6801,392882.0818,396277.5423,398310.9046,400525.0967,402792.5917,404466.2005,404903.3747,404678.4086,405291.0411,407511.3469,411383.1781,416648.2264,421229.4002,425048.8825,427474.4778,429539.4257,431406.7077,432922.2504,434738.3245,437690.6071,441540.699,445737.5432,447862.617,448224.1694,447264.5932,446673.0767,446638.2143,447379.5541,448423.7874,450176.7957,452206.7463,453623.854,454375.7096,456746.3779,460379.3418,464077.4297,465734.2673,466444.0697,466833.3762,468670.5168,470673.2069,472974.4743,474689.2857,476895.1887,479822.9739,482561.2671,484873.432,487349.9164,489291.7972,490428.8746,490884.6081,491559.5751,493766.013,495975.0704,499513.5309,502217.3847,505621.32,508899.2961,513328.8982,518035.4151,521913.9831,525335.1411,527992.687,530282.5107,530989.569,531179.9298,531570.8506,533178.2699,535886.4596,539394.2049,542135.675,543723.1206,545390.7595,547942.7191,550834.7343,552084.9238,551661.8847,549860.6077,548786.4259,550292.7248,555605.7913,563339.3553,572568.5141,582084.0807,590783.158,600421.5541,610751.2235,623255.5655,637446.1417,655618.8045,675271.9136,694092.7285,709597.3226,722131.3098,733392.367,747013.0599,766057.709,786984.0096,806606.9109,825833.0087,844098.2187,861968.2583,871083.9086,865048.775,845783.2721,822569.993,806549.5331,794939.4888,789009.3223,786548.7996,789023.4499,791854.9124
45377.08169,45639.85009,45578.04602,45639.22922,45387.22962,45414.79427,45714.90316,46253.49845,46766.26561,46911.97345,46967.62937,47058.31245,47339.71269,47671.14671,47953.83251,48244.78943,48552.38972,48829.19641,48985.33193,49398.63509,49811.28975,50609.11222,51399.74328,52618.75873,53606.14587,54297.39774,54455.49946,54354.78668,54386.05627,54510.35092,54883.70857,55266.57107,55746.80914,56099.29099,56366.3214,56657.31046,57074.63159,57786.36059,58459.24901,59185.56188,59948.64868,60854.25416,61683.33562,62452.93864,63429.56577,64601.43358,65959.70039,67367.82184,69029.60571,70522.85768,72251.14488,74097.33339,76161.16548,78569.26803,81237.40618,83831.02447,85814.15591,87682.25332,89702.74663,90862.65562,91101.62345,91326.63921,92203.36323,94317.42653,96370.60259,99116.0082,101743.5513,104354.8192,106589.9479,108127.1272,109981.5193,111696.1072,113999.6923,116151.8258,118750.9555,121830.2833,124905.2934,127788.9783,129578.9455,131164.0994,132171.6644,133370.8443,133765.3026,134012.3065,133776.1435,133118.4765,132096.6638,130078.6014,128472.8889,127103.3729,126327.1973,125351.1584,124350.9758,122995.5887,121082.1324,118470.1941,116018.4257,114394.5629,112576.153,110653.7788,107997.8985,105356.655,102174.8097,98489.08142,94788.19504,91559.84123,88694.11994,86529.08128,84284.16798,82217.06851,79546.80416,77098.61526,75162.08693,73084.73488,70606.65252,67316.30793,64528.10095,62519.04974,62631.54351,63195.4082,63721.23747,63298.44079,63219.7268,63208.03525,62567.21536,61339.41599,60056.75717,59578.1489,58911.53889,57906.87627,55985.64139,53623.04371,51194.99796,49628.14506,48854.74907,48315.52443,47489.2857,46956.83787,46349.87749,46077.22695,45727.49282,45756.34169,45289.95242,45038.62162,44564.99242,44104.86366,43046.10873,42121.06415,41273.91914,40510.57603,39780.55479,39025.55407,38610.56052,38342.29744,38409.84504,38537.97092,39060.11366,39861.41224,40952.79588,41850.89137,42757.27125,43442.32443,44348.33041,45320.47155,46563.13177,47447.89642,47727.26637,47817.80846,47711.58338,47745.17856,47762.25714,48245.69867,48979.06866,49690.53172,50408.69133,51106.01223,52166.37077,53433.52292,55437.37987,57718.82831,60056.05925,62269.84889,64342.21326,66175.95154,67220.58531,67836.75837,68775.64872,70037.54817,71497.60589,72982.53362,74523.46092,76016.27104,77279.08563,78483.65642,79585.93564,80554.28049,81343.47716,81537.78456,81644.07492,82191.77316,83443.11853,84950.44521,85439.19488,85007.32312,83965.88737,83533.52841,83871.29113,84798.50923,86218.8904,88363.26596,90820.29793,93042.11756,94809.23308,96222.8215,97117.81954,98030.79104,97320.13324,96277.70259,94616.6551,94187.04876,94339.78199,95037.95323,96840.41771,98826.97836,100350.1638,100905.9412,101231.9023,101688.3381,102444.1917,103325.87,104453.8241,105500.2361,106721.3021,107828.6236,108941.3781,110061.5337,110651.3584,110923.5512,111725.9212,113360.4031,116543.2045,119557.5427,122295.4463,123486.9263,123440.6483,122488.2434,121289.4411,120493.6323,120293.7893,120046.7151,119904.2549,119777.2818,120454.2345,121966.5853,124065.9029,126413.5319,128716.2633,131602.6627,134816.4392,138010.3547,140641.1131,142661.3152,144104.4103,145145.7862,146949.0615,149725.9178,153394.5789,157201.6252,160980.722,164696.7663,167709.6386,169713.4399,171082.3056,171444.283,171125.9752,170233.8565,175200.8224,183559.4594,193731.1344,199451.2058
50971.02306,51151.66028,51399.48567,51994.43457,52712.15775,53592.01859,54355.05624,55006.8946,55523.30116,56082.89739,56778.73949,57471.18593,57881.7031,58154.22804,58337.34153,58813.21823,59309.5937,60194.60692,61025.67226,61937.92102,62497.5326,63112.82864,63653.44948,64227.56185,64661.68644,65176.10718,65822.36378,66744.84352,67718.14863,68580.2073,69330.44918,69992.55537,70761.3454,71620.5039,72536.92825,73638.85404,74661.38763,75793.98965,76711.02947,77781.24842,78779.2936,79920.29756,80926.91559,82057.69189,83243.01723,84658.70464,85833.33878,86909.33396,87847.31199,89135.1586,90619.30841,92326.40676,93830.70957,95311.21799,96861.09457,98942.58685,101231.864,103508.7771,105863.3638,108360.4001,110977.9371,113206.6548,115358.4019,117764.7056,120687.1603,123825.9836,126610.8457,129690.6612,132870.6265,136480.581,139361.9326,142020.838,144152.9408,146023.2456,147234.9127,148290.8528,149373.8867,150373.6945,150989.9624,151062.7815,151063.459,151218.0903,151483.9008,151643.4158,151561.7872,151480.7793,151166.2179,150748.1056,149692.3895,148240.3418,147192.978,145777.7804,144342.4856,142128.8071,140352.6508,138672.9126,136938.5702,135046.1655,133033.4306,130907.6233,128689.3009,126367.8104,123918.9883,121164.3027,118479.9306,116598.304,115638.4794,115130.2193,114271.6165,113404.3437,112478.1174,111324.1318,110081.9785,108556.9058,107127.4247,105584.0606,104329.6636,103194.2939,102431.9,101719.8234,101346.7235,101056.7167,101078.0044,100989.2045,100667.1842,100356.6782,100022.385,99607.85334,98929.52986,97950.16096,97194.19976,96339.5936,96086.40251,95911.94541,95645.02391,95029.28402,94403.49425,94113.82819,93756.35586,93492.06156,93313.55938,93420.65225,93551.57911,93800.94614,94118.95705,94602.47325,94971.20233,95893.72767,97198.47665,98901.62724,99971.52739,100115.6605,99336.24689,98375.6843,97877.5106,97994.58278,98503.10008,98792.22272,99365.2132,100287.0916,101895.2333,103344.3077,104151.4493,104349.5094,104628.0712,104974.5816,105221.0723,105472.9969,106205.6687,107135.6668,107745.3227,107749.0075,108222.6884,109070.9172,110219.3683,110508.1123,110586.8954,110261.3672,110429.7388,110846.5489,111859.3589,113193.6678,114761.6415,116306.5931,117550.0927,118365.6431,119007.1897,120264.9326,121649.6184,123355.4099,124127.0695,124661.1428,124757.6319,124849.3159,124807.3802,125020.8133,125665.5322,126631.2298,127837.7952,129231.2515,130832.9721,132314.9398,133231.8478,133290.9009,132640.1042,132151.4807,132145.8702,132585.598,132833.5404,133008.4505,133461.1071,134581.2018,135857.0055,137227.7345,138406.8738,139873.8567,140990.2317,141926.7845,143060.2903,144358.8434,145308.2224,145830.2714,146505.3299,147835.7898,149396.8834,150952.6906,152196.5621,153307.6944,154301.1371,155439.411,156634.3569,157720.4496,158479.1184,158960.9808,159721.3657,160797.9379,162037.519,163400.3779,165016.106,166678.6189,168416.6055,169747.402,171277.0349,172260.8728,172777.4181,173103.5225,174124.988,176550.4036,179607.2791,182788.1051,185796.0597,188154.4202,189947.3991,191111.2535,192463.1057,194195.1657,197324.2043,202587.923,209374.158,215890.7828,220891.8599,224806.8109,228872.6245,232873.4267,237452.9735,242646.8934,247966.2239,253345.3468,257603.156,262187.09,264725.9213,264880.8107,262443.6114,259949.1428,258764.5913,257695.8504,258016.8676,259698.5873,262691.0197,264412.9406
199887.688,200426.1576,200951.5559,203554.6508,206338.4603,208608.3875,209985.7572,211496.068,213898.0968,216173.3727,218399.6432,220919.1513,223652.2322,226718.3154,230331.7237,234225.7001,238227.3365,241762.6536,245172.8164,249026.41,253744.7841,258308.1625,262478.2249,266115.3109,270349.5783,274880.5424,279259.3915,282741.8764,286031.7867,289533.9251,294223.0444,299104.5107,303801.9408,307364.4294,310817.3601,314202.5013,318185.1138,322858.3607,327283.0813,331902.3976,336205.2901,341482.5381,345588.9906,349075.4895,351832.0327,355822.2653,360703.2162,365614.797,369350.3336,372099.0249,376239.7744,381104.8006,386305.6553,390410.9851,395745.9724,401891.3969,407801.2457,413220.4977,419148.4642,426767.8835,434834.055,442596.9154,451113.5308,462040.3391,473532.0493,485682.6159,495539.3118,504185.9931,510172.2604,515579.0594,522852.6908,530930.1485,538955.4194,543260.8734,546162.9035,553162.9367,563045.9075,574190.9588,578816.2286,581653.0442,582275.5298,582434.1477,581641.8119,582665.7651,581149.5714,579566.2285,574620.9909,570517.1189,564495.859,559119.7803,554354.9128,547947.0334,539150.2735,528656.4889,517218.9336,505157.497,494342.9821,484602.7515,476648.1266,467222.0026,460171.3955,454377.4204,451967.3762,450070.2988,447322.7427,440533.4838,433800.4148,426139.5949,420246.3504,414058.1669,407647.6535,402491.9053,394996.4925,387837.1793,381060.9914,376775.0714,375547.0167,377483.2098,379900.7309,380651.4351,379687.9218,379816.9864,381768.4075,383477.7542,384316.1097,384452.3392,384246.0693,382954.0418,380784.4408,376647.7181,371328.5867,367284.1231,366390.2819,366358.4169,366196.5999,366718.2325,368461.2552,368992.9039,367056.1058,364581.943,363449.3769,364459.0745,367667.0824,369235.0992,369072.7887,369197.1419,371779.7895,375590.0183,378695.0746,381665.0517,385400.2449,389818.1618,393240.9365,395735.6915,397835.8218,401333.5375,406690.5754,413244.2317,419024.2621,422204.0694,424892.7043,427521.5455,431288.6115,434735.3009,438652.0139,443367.7472,448791.5022,456788.1862,465860.6296,474172.8886,479237.7754,481165.434,482381.1439,483547.7517,486356.595,489286.7658,492736.4708,496315.6766,500426.803,504794.6933,508927.4662,512479.3877,516029.7697,517967.0004,520440.1491,522226.9873,525682.954,529632.1427,534664.3459,539909.5697,544580.8393,548426.5011,552283.4402,555949.2451,559284.0582,561131.6639,562506.9284,562445.9818,563716.6336,564579.7504,566792.3304,567523.6278,567319.0618,566944.5369,568173.2482,570970.4095,573462.9593,575789.4256,578002.7453,582082.8558,585702.8998,590233.0578,594128.8238,597634.3409,599935.2363,601239.9594,603175.2714,605113.7085,608810.7832,613824.5894,620469.165,626076.9084,630457.7879,634440.6806,638469.9381,644426.5701,649285.335,654654.052,654382.1288,651726.0134,646506.6898,642274.204,639027.225,637548.052,638329.4874,639410.6383,641372.3189,644343.1534,646649.6816,646714.9397,645373.8855,646210.0457,647542.2355,648172.7833,646898.9138,644700.7553,644004.0787,645331.2873,649988.7999,657203.4699,668061.1687,681486.5507,696658.9673,713675.2384,732115.6022,753048.2164,777116.4307,806148.7311,837122.8112,867531.6557,894913.7349,921702.1172,947124.3326,971218.2807,998106.7503,1031855.836,1076763.369,1127936.623,1174764.404,1210102.06,1225681.75,1223425.555,1206884.395,1189400.762,1174887.779,1162386.853,1152517.223,1146560.478,1146471.059,1141179.603
250378.6862,250864.9183,252350.4842,255184.4579,259105.0727,263222.9402,267946.4414,272382.3225,276646.8555,280446.9977,284113.5055,286785.6984,288755.7664,291400.3944,294364.1182,298259.9678,301475.1253,305657.3869,309795.1665,315015.1546,320164.7704,324575.3206,328865.7119,332904.6105,337560.5267,341245.5695,345034.0917,348263.6388,351382.6338,353967.3354,356473.9219,359385.0709,362233.8461,365253.9233,367683.9863,370572.6907,373944.7416,378063.654,382693.2638,387600.7378,393584.1085,398683.9012,404260.4702,409696.3139,415811.119,421291.6916,426036.6905,430855.0369,435559.5777,440231.1159,445181.6873,450371.8015,454832.9214,460090.7543,467124.5086,476139.6183,486337.4896,495877.6531,504508.397,511883.333,520892.8657,532059.1359,544469.9177,557475.0191,568971.6854,580900.9373,591925.3233,603261.6013,614097.2628,622382.2029,631938.1071,639469.8832,646750.6933,654225.2595,664352.825,675194.6525,681200.9402,683342.4863,684250.1879,687525.2864,690087.1985,690594.5416,689266.6718,686397.2457,687312.2565,689157.027,691333.1655,691403.3693,690002.6955,687936.7019,680954.7134,671680.424,661253.6554,651952.2547,643159.0781,628890.5022,618194.757,605933.5683,599463.7173,589819.6574,579753.488,568816.3637,557486.806,545929.6385,533845.1733,522229.9951,510487.7546,501163.8502,492546.0847,484369.4338,475916.1669,466961.8956,461272.9918,455889.9184,452171.5711,446661.4461,441516.1405,433765.1424,428111.1734,422626.0296,419574.5229,417644.6257,416229.6605,417017.6851,416838.2646,416306.7785,414705.1177,412377.8771,409452.6638,406039.7659,402706.423,400100.3337,395358.235,389814.9679,385425.6079,382491.6855,381148.2123,379264.9329,375823.4225,371502.3406,366703.2509,366049.6245,370935.5674,379084.6378,386293.1227,390132.8229,392491.8234,395103.8862,398381.9175,401541.3868,404962.3452,408238.7113,411458.7618,415903.0021,420619.8889,426469.4566,431079.46,434053.5232,435398.6965,437036.9143,440585.1502,444491.1388,447922.132,450591.649,452848.9473,455506.6038,458281.42,463018.7449,466279.9341,468826.7696,469417.5311,470167.1152,470959.8422,472604.2323,475006.8507,477036.3795,478166.2353,480674.9078,482252.6299,484560.5194,485184.1303,487860.0258,490430.7576,494125.7437,496207.2408,497782.444,499331.3353,503698.4108,509211.4368,515589.0027,520095.4456,523461.2012,525352.0257,527321.7503,529179.3695,531115.3401,532875.1664,535052.0644,537508.9814,540004.8789,542907.0952,546396.6026,549078.9939,551234.6712,552448.7041,554344.7362,556459.0873,557815.2028,558198.4086,557815.2722,558076.6621,559796.4736,562631.4563,565880.336,568800.8797,573269.3665,577482.405,581183.9782,582970.7017,584453.9143,587037.3467,589532.7869,592905.4268,594804.238,596711.9007,598938.8074,602078.757,605707.2524,606394.4942,606086.4176,604953.5701,605958.1581,606417.4124,606787.6528,606473.27,607296.3924,609140.9503,611503.6287,613512.5702,613954.72,615481.0058,618697.2659,622849.268,625731.5858,626305.0292,625521.9711,624411.8507,626315.1378,632081.6107,641290.4728,652528.5943,665204.2035,677067.8036,687724.2597,697735.2902,709200.2738,722253.8654,735349.9325,748459.8268,763015.6332,779075.0173,793497.7181,805002.7096,815770.5264,831903.5804,852130.6484,875389.9493,900043.9666,924725.0249,948996.016,961698.2459,961824.6022,950438.6759,938263.9297,929816.1303,922516.5612,919709.5788,916070.1131,914513.6934,911172.9443
61576.48057,62175.75637,62568.67198,62714.49508,62626.80961,62158.69273,62145.74713,62164.00865,62313.36713,62320.34445,62081.23038,62214.14943,62790.63066,63680.54289,64516.42566,65423.0133,65821.27305,66301.18474,66631.00517,67491.74965,67985.36879,68336.90642,68362.06076,68651.23489,69018.41578,69933.09143,70804.66471,71638.71558,71884.48348,71895.9382,72086.26951,72636.24199,73484.96193,74171.83457,74556.09719,74936.41513,75566.32335,76633.23886,77336.86366,77540.11827,77080.28968,76350.18963,75898.80737,76168.62589,77420.99196,78828.78391,79941.56467,80715.53661,81546.28677,83062.0502,84986.60091,87353.35026,89404.1873,91131.6769,92581.28675,94391.96407,96080.7264,97644.79889,98707.66316,100065.362,101794.5254,103174.9898,105049.9486,106786.4434,108698.1725,110690.8192,112311.3315,114760.294,116401.9914,118440.5959,119484.8254,120922.0515,122555.1705,125072.6429,127847.3562,130457.5246,132270.6862,133332.7784,133428.567,132412.4765,130975.0097,129544.9609,128671.1424,128229.0365,127867.8486,127803.9457,127417.1026,127111.8223,127001.2126,126318.1188,126824.3847,126362.0231,126204.4066,124332.6157,122724.6411,121082.7597,119749.9809,118448.688,117119.0006,115541.7373,113834.3161,112452.308,110991.3582,109577.8219,107575.1172,106207.4845,105030.2374,104172.8613,103116.5847,102239.1261,101374.0322,100578.2487,100085.9548,99545.08636,98457.91373,96821.69492,95472.1065,94831.49915,94816.52736,95155.22215,95113.56119,94966.47328,94705.93439,94112.09435,93529.68642,93051.83224,93364.20379,93587.31696,93290.53267,92418.33248,91435.03582,90554.09479,90074.25876,89814.94242,89848.09641,89790.24666,89612.72175,89387.47849,88994.6456,88846.88468,88604.02924,88389.24303,87825.38619,87236.15308,87482.03638,88090.27746,88761.74122,89012.1732,89390.9809,89960.07486,90580.42789,91085.06151,91706.74659,92082.79256,92955.84889,93829.5388,94639.51997,94819.28584,95348.92079,96334.46423,97403.75789,97924.76456,98075.45283,98548.10088,98635.65329,98741.67812,98658.76487,99710.23453,101165.8905,102883.4359,103842.243,104986.1989,106161.4895,107179.4265,107788.7848,108208.4162,108787.1413,108196.2253,107451.8862,107044.4753,107975.2818,109083.7313,110270.1237,111418.4277,112305.2624,112921.3555,113247.033,113726.4271,114597.6833,115577.9747,116622.5007,116936.291,116996.6292,116935.5387,116852.8349,117280.4676,117787.5762,118551.5617,119125.4874,119543.6439,120229.9049,120504.1851,120395.455,119545.9431,119234.7081,119129.6605,119236.951,119377.5134,119630.7631,120195.4894,121089.9722,122361.2728,124059.9108,125207.8749,126166.4946,126199.695,125403.9251,123872.9089,122887.6147,122243.7342,121777.7085,120813.1649,120567.8862,120368.183,120376.3098,120390.5183,121500.8211,123058.779,124530.0675,125657.3469,127093.6551,128432.6957,129814.7802,131227.9114,132698.6842,133932.8958,134460.1816,135166.1267,135259.9159,135290.3846,134977.8128,135769.6629,137047.0944,138362.5,139046.0649,139619.4424,140895.7948,143055.1271,145881.7047,148318.9496,150379.8982,152287.5845,154603.2594,157502.2674,160703.3915,164698.2871,169548.6451,176632.9997,182693.6836,186748.5433,187687.7396,188919.3075,191930.4632,195769.4348,201515.6919,207387.3921,213492.0567,218844.8467,223692.7183,229130.4982,232499.9256,233786.631,231601.1768,228411.6515,225271.6571,222227.6877,221022.3469,220569.492,220613.6631,219864.2715
85107.81581,85431.49295,85720.56983,85956.97628,85729.66294,85424.76689,85489.35753,85707.96307,85993.64224,86241.12882,86696.39987,87082.80756,87360.05139,87563.90223,87928.2928,88789.40414,89861.9863,90810.8107,91671.90453,92530.86153,93503.10336,94397.85328,95192.83253,95876.29725,96545.94619,97321.61075,98051.05546,98640.25671,99272.63003,100201.1514,101492.9024,102975.9554,104599.4477,105964.6111,107290.9749,108710.0996,110223.3916,111654.9842,112890.1631,114222.1543,115846.334,117518.9046,119180.1313,120886.1594,122553.8187,124143.383,125475.3589,126946.4084,128641.412,130511.0919,132648.424,134906.4662,137586.3426,140275.8206,143295.48,145923.4058,148308.93,150378.5671,152666.7275,155277.1887,157526.8613,159762.4254,161817.1927,164801.3928,167669.6011,170999.985,174715.5657,178199.649,181373.6901,183645.1801,186419.5667,189830.5565,193548.0037,197282.9884,200810.4126,205242.1369,210194.2944,214368.4747,216968.0727,218452.8053,219921.0751,220947.8327,221043.0871,220412.3449,220165.1387,219806.5666,218979.8886,217022.1072,214371.5293,211252.5953,207131.349,202797.1186,197895.0714,193520.8847,189267.123,185526.9649,181577.5792,178184.2414,174889.3061,170951.7634,166799.6912,162184.6637,157954.6582,153767.5155,149956.2149,146732.5407,142970.8178,140158.6013,138209.0967,137453.6336,134878.8943,131351.4317,126754.8547,123261.0334,120193.8543,117529.9155,115481.6523,113691.9496,113172.5362,112623.6425,111772.1399,110586.5182,109936.531,110176.445,110304.5746,110011.2104,109578.2999,109242.198,108854.9734,108515.2934,107965.9484,107369.4868,106407.9438,105490.1282,104653.2426,103907.7691,103612.1033,103452.4159,103156.0752,102503.7275,101879.8145,101280.2144,100961.2458,100653.913,101279.1694,101980.1527,102654.5151,102961.3953,103394.0289,104359.9965,105513.8674,106174.5937,106568.333,106933.7835,108148.7118,109777.2629,111834.6127,113645.0777,115355.1043,116832.1964,118616.158,120693.8048,122949.2365,125254.8436,127352.471,129252.9518,130806.6773,132238.0744,133379.3815,134584.6917,135910.4952,137520.0069,139312.2821,141081.7403,142956.3587,144581.4841,145957.0322,146920.3545,147622.0817,147995.1197,148277.3573,148376.862,148330.188,148425.4999,148983.0277,150405.2545,152416.6945,154461.3078,156107.7019,157289.0373,158471.4374,159209.1398,159616.4592,159861.0951,160814.8904,162224.5403,163539.7044,164573.4331,165541.9972,166956.6939,168659.8436,170300.2652,171548.4683,172327.0517,173189.6369,174396.6462,176317.2141,178267.3834,180057.2393,181696.9325,183359.0457,185278.7518,187100.6081,189024.039,190777.8467,192542.8674,193968.4103,194947.375,195561.4636,195774.7723,195613.1799,195571.2045,196059.896,197203.3432,198493.7882,199828.657,201205.8491,202611.3722,204356.0106,206354.075,208022.6152,209086.2785,209522.0073,209965.724,210253.3144,210900.4372,211699.3051,212942.3158,214433.3545,215949.1571,216697.9204,217251.9387,217494.5611,218085.4198,218077.5678,218091.1412,218544.8086,219719.5265,221504.6862,223366.9738,225241.9611,226899.8094,228076.2382,229114.134,230418.7127,232903.9475,236711.9085,241618.4598,246721.4747,251126.2311,254955.275,258394.263,262242.805,266554.8293,271773.968,277091.4416,282465.172,287464.948,292415.585,297357.8161,301254.0818,303835.5229,305294.0065,306488.3806,307368.722,307281.8176,307882.2079,308425.3082,310030.6044,311363.0669
175747.2828,176062.8061,176052.6047,176277.1347,176640.8496,177691.7025,178968.7435,180158.4135,181486.3256,183299.0676,185374.651,187588.5831,189553.4264,191578.7599,193454.025,195257.5716,197518.328,199834.7661,202480.6723,205103.4927,207648.7123,209979.9411,211812.5831,213645.5565,215292.1218,217676.9364,220353.4543,223420.7691,226452.3363,230275.6196,235078.3849,239828.2989,243639.2148,246391.6377,248841.8754,251288.6111,253702.0664,256242.7255,258463.6038,261194.9867,264049.5203,267370.589,270317.5216,273966.9738,278129.9248,282734.9823,286139.5194,289141.0173,291886.2944,296190.6405,301523.6615,307438.6618,312801.2647,318460.7732,324951.5834,332379.6861,339751.3786,347174.4113,354802.4743,362504.4603,370367.0674,377322.1797,384253.1151,391120.8389,399420.0942,408983.1297,419044.3409,430526.4882,441318.8463,452226.5036,460789.7896,468869.4718,476064.0532,481893.2128,486500.4392,490453.0954,494264.5211,497121.6878,498308.7055,498710.2064,498677.443,498594.4481,498053.206,497692.3846,497098.783,496681.947,495613.6268,494132.1103,490088.3338,484505.6232,480511.3657,475958.5932,471084.17,463721.5352,457538.1154,451545.805,445136.5466,438500.1332,431900.6366,425034.0893,416963.9666,409005.5414,400523.6797,391758.7687,382528.572,375006.4849,369942.5596,366056.9005,361662.9961,357630.343,353758.0195,349981.4615,345779.7233,341080.2457,335925.8587,330544.2058,325533.163,321078.1117,317580.8074,314701.7641,312621.0141,310791.2413,309345.9841,308110.5136,307055.0075,306083.5376,305097.8296,303800.219,302058.7383,300708.9921,299975.4944,298917.6697,297267.9799,295493.7122,293800.4158,291791.5744,289712.9144,288101.2547,286808.7646,284156.1814,281181.828,278130.4287,276485.5698,275712.7763,275631.0854,275247.8607,274626.3101,275062.1091,276872.928,280065.9139,282675.0222,284585.1992,285090.075,285252.0887,286183.3137,288566.756,291612.1653,294816.6776,298214.1221,303031.7706,308606.8264,313433.5202,315849.4066,316178.604,316307.8666,316267.1128,316377.0066,316644.5403,317447.3517,318552.0141,319950.4148,321812.9208,325646.0968,329358.6722,332878.9352,335023.3403,336361.4644,337135.9581,337504.0097,338380.0023,339912.5351,341542.5564,343532.0507,345391.8578,347602.0897,348687.0971,349161.8673,350490.6902,353584.7316,358109.348,361045.6051,362094.3499,361463.303,360884.7157,361329.1439,362520.4379,364551.0282,366457.6795,368660.035,370602.4595,372160.6054,373988.7716,374326.4535,373613.4881,372452.2625,372723.4483,375023.8442,377437.8812,379376.6752,381204.1328,383673.2073,387645.1476,392177.7016,396021.4378,399011.1799,401739.6184,405233.449,408180.9207,410313.4831,411775.4597,413380.3605,415924.2065,419558.5387,424007.2775,429151.7981,434006.7043,438964.1435,443002.2647,445752.3374,447193.1584,446985.2761,446874.2156,445655.8843,444767.3804,443986.392,445699.4486,448404.8944,451598.5093,455790.816,460914.9924,467773.1626,473480.9622,477715.3261,478779.4189,477519.5322,476192.6808,476746.3289,480246.2966,485722.9995,493023.7536,501766.561,510784.7743,519653.6037,528539.0166,537851.6037,549051.5062,563046.4226,582758.7617,603640.2015,623271.2322,638189.2088,650984.3451,663569.1044,675015.5818,689188.175,704879.1614,723472.713,742156.1704,756694.1986,769480.7794,773799.9768,773018.3464,765066.7135,758629.5811,753791.227,749668.9389,743747.0592,738601.6203,735750.7803,734763.3504
194684.5394,196199.9172,197226.1023,199879.5748,202403.1114,205377.3182,207756.5005,210184.578,212999.3792,216661.6671,220335.9373,223458.9945,225668.5593,227725.423,229624.2764,232086.2466,234659.8551,237947.1571,241273.8484,245225.2104,249343.6733,252997.1007,256440.5529,259597.39,263442.4878,266829.1478,270127.0577,273086.6658,275852.3234,278010.0736,279927.0939,282868.6565,286211.5951,289710.6144,293032.3011,297435.7417,302966.7382,308718.0415,314050.27,319186.2144,324394.6531,328806.4006,332966.1394,336151.6087,339978.6444,343404.7966,347131.3752,350944.2272,354881.0706,358600.4785,362717.6904,366856.7245,371794.425,377433.8317,384358.3611,392636.1053,401060.0796,408684.3789,415129.352,421228.8045,430326.4872,440988.8517,453096.0105,464767.6692,476675.0117,489063.706,500793.4445,512353.0297,524688.8221,534948.1939,544281.8437,549446.1542,554327.4115,560493.8667,569607.5311,578844.9928,582791.8622,584266.9928,584653.4811,586550.2957,584962.43,581562.0669,577038.2927,571859.1634,568848.7658,567031.0573,564618.4164,558813.2533,552156.0591,546310.7322,540099.2602,530817.108,522502.3005,514226.7083,508461.6955,498628.4221,491379.2571,483134.1206,479021.4667,472542.1418,465264.4491,458314.1055,452270.4744,446093.705,436803.6072,423972.4781,410636.0158,400153.2759,393846.972,388425.3454,383520.5049,377678.954,374180.3208,369522.5227,365869.3013,360754.629,357289.9312,354703.3977,354670.1632,354390.3216,355094.8,356380.4046,357696.759,358676.9276,358797.0544,358528.9957,357166.9851,354489.4645,351797.7378,351774.3308,352569.7314,353912.5482,351428.4736,348232.0913,345070.6676,344198.9719,343190.5861,342051.0175,339722.6947,338762.9877,338185.417,339254.0817,338260.6553,336971.0931,334142.2467,332959.0493,332517.4302,333214.1594,334535.193,336655.6367,339383.5547,341948.8013,343865.0873,346115.7476,350634.5759,358042.8323,364653.3771,368864.2958,371016.8415,374123.4719,378459.8895,382488.4436,385559.7419,388491.8608,392494.6296,397559.9681,402107.3542,406001.865,408398.3221,410187.8696,411221.7139,412772.4758,414451.0614,416083.3029,417202.6041,418159.7346,419100.1524,420655.5874,423404.8328,427582.3879,430952.7473,433602.9735,435443.5683,437936.7442,440759.4014,442376.8135,443164.8771,444591.322,447191.4069,451350.9812,454774.3093,457660.0978,458575.1778,459132.8514,459677.8267,461678.9848,463449.3403,464862.653,466116.4655,467640.7223,469545.6552,472698.7065,476615.6357,480551.3859,482271.508,482711.7442,482905.7704,484104.08,485541.7766,487434.1707,490224.2771,494373.8843,498840.8663,502014.617,504381.6682,507079.4513,509653.9788,511413.1943,512928.8062,515128.54,518786.4854,522114.1659,526073.2407,528877.9852,531048.082,532322.4514,534529.6734,538114.5701,541598.9741,545055.376,547669.6856,550456.9713,552350.394,553536.7792,554718.6111,556523.0541,559739.9332,563980.9544,568440.0571,571736.4498,574775.6518,578624.2892,582960.2926,586153.1846,586200.893,584573.19,583957.3304,587152.8897,594854.8373,605017.1685,616354.305,627560.3451,638876.2123,650148.9071,661865.9327,673388.4458,686042.3661,700212.0127,715333.5503,731491.4355,745867.1236,757939.057,768332.7952,780134.3282,799613.5178,821599.604,844772.2433,865918.0331,887013.611,907395.6744,917381.4644,916931.5022,908121.4251,901189.7889,897209.8393,893712.3266,889765.5924,886340.4102,887405.078,891570.7481
1531128.004,1547404.678,1569072.624,1608018.811,1634701.141,1650427.715,1662960.377,1678766.952,1687599.095,1692819.493,1697708.438,1699065.734,1696563.13,1699433.749,1703917.789,1712500.604,1718035.061,1733752.533,1751678.455,1777475.745,1808162.17,1835510.37,1864555.322,1891533.491,1925108.055,1951332.907,1976465.275,2005386.118,2049050.58,2112716.611,2179224.362,2235081.507,2280422.142,2311231.332,2345047.93,2370696.132,2401106.401,2425005.319,2446928.308,2471552.917,2514580.21,2552553.747,2590099.017,2612274.053,2645548.997,2705413.384,2781947.135,2867391.454,2918392.576,2970091.033,3012646.574,3094619.524,3155124.891,3212815.367,3224477.634,3253104.478,3292225.038,3362797.025,3421532.571,3476992.193,3532210.992,3590189.827,3648338.347,3704526.971,3731181.621,3749748.145,3778056.179,3842954.892,3875430.593,3911614.785,3948666.117,4034106.014,4075934.958,4116184.89,4143458.152,4192167.208,4223052.493,4236291.908,4237612.772,4264510.993,4303948.995,4316253.292,4295253.226,4253715.258,4225198.206,4184261.163,4123477.133,4048123.175,3947181.982,3867933.975,3805927.715,3771377.582,3740078.133,3705385.86,3680741.018,3633839.837,3578532.121,3518388.982,3478976.547,3454932.831,3431572.965,3389407.454,3347258.663,3309837.096,3308871.136,3270637.288,3217635.588,3146550.069,3093908.508,3046601.08,3012688.215,2979362.384,2940160.707,2901832.358,2865322.964,2818522.762,2753462.879,2722016.338,2726737.609,2747185.701,2785138.051,2825975.603,2849122.607,2850122.381,2844129.564,2853474.74,2857506.155,2857624.441,2842799.082,2831373.528,2828830.815,2871578.922,2926099.031,2950483.298,2933277.277,2888976.807,2860934.753,2835834.686,2809105.362,2785881.552,2773703.813,2781492.888,2810469.153,2828299.205,2853278.644,2877182.84,2918386.701,2946547.547,2969784.033,2994089.178,3015754.875,3030588.139,3039746.784,3034678.58,3042097.764,3069811.776,3116399.616,3155939.795,3175580.427,3203866.941,3244797.019,3281592.004,3309354.277,3318401.997,3330119.333,3345507.74,3362964.392,3375798.637,3390442.57,3412816.327,3452973.398,3500912.679,3545978.32,3580579.965,3589703.132,3590114.565,3590918.46,3590423.963,3585004.719,3576614.154,3591809.527,3625905.753,3659159.04,3689410.025,3737867.636,3805563.077,3859721.175,3905208.951,3953732.495,4033488.073,4111859.915,4183112.798,4235593.818,4276653.427,4310960.929,4334077.55,4343523.999,4343783.291,4354119.316,4369766.138,4386424.363,4408407.759,4422377.664,4441201.806,4440442.833,4460211.226,4486030.125,4524670.435,4558730.869,4577609.018,4599532.441,4625137.942,4664866.865,4700572.971,4709343.699,4712244.894,4699035.753,4709261.035,4720529.682,4748605.374,4781556.23,4823304.119,4873979.587,4928532.014,4994317.196,5041223.787,5071980.543,5080580.719,5070500.975,5057954.647,5023362.228,5009671.711,4983975.914,4982317.875,4977950.286,4987287.98,5005817.721,5022286.513,5026204.986,5018715.803,5040433.708,5094337.502,5152380.081,5194134.586,5220887.545,5218891.173,5192042.801,5185405.25,5235527.821,5337436.726,5463615.612,5604813.006,5746060.016,5868933.348,5979843.297,6109582.374,6286774.285,6451682.437,6664412.798,6860298.249,7100055.071,7298952.423,7485193.291,7633838.228,7826929.324,8076216.795,8408033.134,8753753.42,9036289.334,9268268.361,9389778.464,9418180.264,9384339.53,9302044.026,9251168.504,9138067.23,9039350.362,8937736.443,8946368.412,9029955.849
163349.9359,163560.199,163963.5773,165292.7865,167268.5743,169704.1425,172313.9052,175353.787,178487.5658,181313.9085,183677.5972,185935.0445,188033.3183,190624.7985,192929.1181,195795.032,198433.2719,201987.7568,205543.1277,209302.6441,212928.7707,216498.0693,220211.4047,223970.4612,227747.7723,230714.2206,233474.8306,236083.5387,239415.2091,242651.1888,246047.2893,249199.8726,252349.8705,255318.1005,258160.412,261095.2793,263917.216,266920.338,270127.7021,273629.5356,276400.1683,278762.487,280581.1885,282441.653,284286.9218,286509.2218,288981.0284,291366.4654,293650.4268,296411.4449,300210.8323,304509.8128,308614.181,312618.0731,318088.9863,324786.7793,331961.6685,337717.6141,342826.9623,347857.8333,354941.9222,363199.2882,372144.6989,382453.9591,392943.3349,403765.9059,413607.991,423990.2605,435251.6483,444603.1999,452483.7844,457259.154,461081.6529,465550.7802,471833.4785,478571.645,481783.2769,482735.6601,482515.8028,483022.6047,482196.533,478177.737,472065.4324,463289.9354,455988.7491,450694.7363,447292.4835,444594.1717,440296.2293,435691.7206,429988.9287,423039.0401,415910.0539,408325.5291,402946.104,395974.2267,391558.3912,387198.9336,385086.3341,380948.3202,375113.8643,368118.5549,360852.1871,354147.7014,348043.8488,342108.9985,336170.7272,330807.4482,325568.7694,319849.078,313709.7699,308276.6392,306394.2656,305684.0297,305158.5645,302729.3903,300351.3408,298646.9554,298034.7625,298255.5245,298248.3858,297994.7063,297550.3636,297339.4976,295980.448,293690.4937,290908.2655,288285.1929,285346.2813,283322.3517,282141.0021,282192.0589,281002.9711,278920.4758,276434.8791,274258.8321,272936.0089,271268.5061,268933.7666,266899.3567,265157.8394,265445.6208,266367.6135,268355.2951,269369.9401,269964.2027,270696.6765,272327.8636,274892.0946,277917.8368,280956.3337,283040.5351,284390.5029,286576.3809,289689.6432,293870.9027,297442.3525,300538.1678,303359.3145,306051.4132,309060.2481,310799.4985,311876.2623,312677.2978,314216.2093,316299.7233,318625.3198,321843.0577,325185.7397,327858.652,329348.7792,329968.0344,330857.2223,331106.7089,331466.213,331629.4695,332799.8445,334516.2574,336639.2604,339203.2298,341317.6448,343166.0707,344586.0273,345850.7573,346963.5768,347473.2381,348563.7133,350652.8627,353272.8854,357097.7653,360690.3162,364605.2079,367802.8642,370853.5795,373304.5035,375871.4453,378618.4436,381866.6328,384613.906,386704.9211,389024.9127,392252.338,395947.2919,399204.8001,402185.4205,405130.7181,408189.1744,411577.7778,414087.9138,416914.4102,419455.7202,423369.5214,426623.6726,429505.1078,431245.7443,433297.4028,435017.1617,437161.56,439419.0028,441290.7,442511.8699,443203.7014,445935.0796,449224.2355,452595.9582,455120.2056,457880.4099,461217.9361,463982.3587,466014.0815,467278.7834,467692.3073,468377.3485,469207.2566,470645.7482,471474.9603,472720.7967,473890.3029,476059.776,477980.6721,482004.9663,487064.5461,492330.601,495455.0126,496287.8732,496008.8214,495796.7346,496753.9149,499464.5709,503096.6718,508577.7749,514922.2889,521382.0872,527972.1194,534236.683,541790.6729,550030.3507,560803.9323,573731.4951,589137.0415,605178.4536,620066.5177,633164.627,645939.803,660571.1177,675009.4899,689879.3571,706188.7663,721954.511,736387.1814,743185.5788,743797.0288,737987.33,733114.9916,730598.9143,728186.02,726492.1805,726016.242,728859.0629,731718.8458
91797.5223,92518.5848,92604.40585,93271.73005,93263.21892,93226.87409,92903.58147,92952.91311,93389.11132,93637.01303,93758.76825,93861.68713,94203.72879,94549.76416,95136.23296,95846.18633,96635.89746,96906.27487,98360.90413,100126.0791,102589.2354,104206.7288,105742.1192,106584.6354,107209.6615,108136.8102,109271.121,111784.8728,113910.8568,116258.7405,117716.6631,119704.6677,121802.5254,123498.4162,125263.7582,126970.6178,128625.0315,129426.0023,130437.9891,131174.0476,131883.279,132334.6513,132414.0011,133485.0016,134748.8931,137111.5785,138649.129,140254.9556,141711.4761,143791.3243,145437.7181,147012.4938,148237.5785,149951.9434,151994.7164,154282.6861,156119.3133,157697.0232,159978.8587,163205.9419,166732.3541,170502.3732,174777.8322,179346.0638,183198.6283,186912.7607,191487.7019,196126.1447,199761.2017,201750.3237,203432.4405,206523.7915,212375.3036,219541.0677,228961.194,237794.3471,245673.3585,249733.1224,250207.8843,249956.7272,249300.2017,249844.0638,249359.1188,248139.5174,245650.1664,242758.0203,238725.5749,233762.1997,229497.4347,224820.7578,221643.3324,218202.1908,216856.2375,214816.0234,212200.025,208164.4951,204413.7614,201593.9,198751.4499,196536.3029,194193.8035,191623.9207,187312.1785,182841.3483,178605.1668,175427.4794,170070.8463,165122.6281,159955.8654,158119.1135,155343.0791,151747.4516,146531.9491,142390.0951,139099.9765,135929.5156,133752.4247,131651.5831,130382.5024,130444.083,131690.4719,132727.2784,131485.0533,129167.944,126807.3211,124990.2919,123807.3984,122133.1967,120351.3922,118227.1417,115237.5468,112004.7311,108219.3948,105862.2659,104129.1425,103806.9014,103680.9214,103538.937,102625.0441,102098.536,101577.2433,101069.0966,101134.3859,100997.1737,100003.7666,98679.96023,98900.30574,101326.2954,104142.1845,106964.3063,109322.4298,111057.0706,112142.2849,113667.5522,115085.3529,116113.274,117100.0285,118031.5101,119333.7045,120342.8456,122473.1696,125155.949,128079.292,129870.7003,131021.0979,132437.2735,134438.4486,136628.0461,138281.615,138816.8299,139200.5798,139601.0815,141515.5249,144169.0678,147069.5247,149457.172,151472.5403,153387.666,154905.7003,155496.387,156341.6211,157196.2703,159114.9927,160316.445,162196.4988,164627.2467,167940.8794,171051.0291,173403.2909,175372.6797,177506.0637,180728.646,185700.559,191332.9855,196666.4966,200514.0866,203353.7497,205249.9059,206499.7493,207778.8143,208980.391,210939.615,213441.9152,215343.976,217277.0442,218542.9989,220224.5393,221107.627,222458.6527,224170.5012,225868.9522,227204.271,228668.9977,231311.8695,235087.765,238884.3875,242368.3942,244541.6538,246344.5595,247675.8056,249909.7909,252879.2039,256088.3071,258737.9519,260484.6565,262148.8942,265037.6538,268607.8589,271655.7187,272832.9304,273202.894,273203.7823,273739.7615,274532.3733,276148.1067,278042.268,280213.1178,282211.8715,284149.6485,285789.9036,288564.9385,291755.3765,294843.2006,296400.2179,296426.8487,296226.8546,296823.464,298485.9193,301216.3383,303639.5365,306809.6372,309916.7361,314017.5642,318211.59,323004.0439,327995.0395,334027.3805,341034.6377,348950.7096,357168.5669,364611.6814,370557.2258,376411.0965,382675.2989,389992.6217,397402.7276,405622.2691,414279.6664,421980.0146,427922.6562,430758.664,430415.8629,427680.6273,424599.2529,422039.7954,419076.0706,416174.5258,413386.4931,413697.0578,415910.5599
120234.029,120251.0974,120452.7072,120966.967,121773.218,122649.107,123538.2428,124555.6818,125613.6156,126727.5383,127763.1865,128898.9591,129885.5905,131045.0737,131892.4712,132761.8535,133442.1367,134368.0883,135419.023,136558.8885,137742.7716,138919.6067,140085.8651,141062.4968,142086.8718,142911.3642,143963.3306,144881.6348,145607.7625,146318.5063,147007.4447,147916.2453,148854.9462,149800.6623,150972.2916,152253.5955,153539.0878,154664.5202,155747.8334,157162.5813,158869.7324,160491.7374,162090.3974,163399.3832,164722.0144,165900.8811,167208.2414,168672.3198,170109.3617,171702.7903,173565.3587,175660.5435,177352.2925,179203.3569,181735.4655,185304.5602,188951.248,191690.4043,193603.4567,195229.7143,197898.1164,201125.3844,204802.0504,209034.7555,213102.4257,217306.2981,220825.2779,225189.6734,230034.0446,234222.0465,237701.6022,240191.221,242389.8073,245038.7829,248466.8975,252309.6071,254724.3309,256086.7997,257257.7175,258383.7891,257925.6309,256131.929,254051.8379,252136.3974,251256.6093,250576.2747,249651.3568,248644.7596,247326.0275,246254.8455,243911.7154,240914.0374,238075.0654,235087.3467,232128.8204,227135.2998,222649.4717,218027.7813,215606.9976,212710.9217,210304.9277,207063.9182,203810.4827,200156.2611,196801.4788,193858.8705,191137.5256,188850.1753,186292.9374,183604.9632,180928.1675,178453.7547,176498.8046,174467.8156,172798.8187,170864.0398,168865.2088,166929.7566,165529.7956,164274.3933,163220.4751,162757.5678,162384.8007,162134.3241,161135.5648,159879.3323,158384.9209,156724.6196,155229.9501,151766.1793,148062.9328,144465.5019,142396.2265,140459.3299,138430.3527,136698.1227,135532.8407,134552.0002,133271.0436,132123.3566,131529.1089,131950.3714,134358.5214,137227.3903,140127.6169,141406.9568,142408.41,143419.7018,144329.5312,144790.8422,145296.304,145692.463,146323.9062,147750.1223,149685.0219,152470.3562,154346.9736,155566.9778,156116.7829,156811.2532,158247.1953,159766.392,161282.3138,162890.466,164840.275,167352.1798,169014.3013,170462.4542,171218.8459,172185.4651,173066.9807,173660.8558,174263.4388,174475.8156,174639.0816,174639.223,174552.1323,175140.4463,176463.4391,178462.2859,179940.6557,180859.3902,181143.7314,181426.2285,181989.9089,182662.2587,183488.6051,184232.2864,185495.2788,187827.0262,190630.8642,193672.4435,196103.0742,198169.5711,199588.8074,200727.9334,201681.4292,202920.39,203944.5647,205016.4229,205849.237,207916.3362,210305.1378,212989.7188,214819.3189,216301.4997,217517.4206,218728.6909,219622.9603,220807.1056,222118.6327,223874.8117,225374.4287,227097.9967,228141.5165,229064.0104,229189.8537,229922.6411,231387.039,233608.3935,236020.7681,238021.3385,240047.046,241746.0873,243192.9515,244321.7924,244994.8514,245972.4849,244813.7655,242792.5997,239660.7518,238092.3906,237574.9166,237674.9983,237935.7275,238283.964,238802.3946,239246.6956,239340.9188,238847.7749,239835.9726,242090.76,245182.0321,246891.5192,247210.6624,247205.3112,247391.2564,248524.1591,250291.4059,252549.9561,255204.2843,257410.9593,259933.2803,262941.6358,266784.815,270746.3578,274951.9527,279972.4226,285572.9764,290746.1567,295126.3709,298795.8181,302057.5292,305232.3993,308708.9511,313066.7285,318502.0574,325184.7647,331920.5696,338500.6352,343151.8615,345812.1328,345396.306,343885.5636,342367.3592,340634.5362,340072.9914,340125.1819,342074.976,343522.0298
147099.8969,147508.0555,147574.3139,148132.4785,148210.1733,148203.222,148667.5948,149963.9395,152237.0468,154061.0791,155716.2867,157029.3525,158820.7018,160391.5443,162201.3986,164068.7125,166459.5867,168459.3708,170417.6832,171466.5375,172592.2621,173358.1902,174899.1757,177114.2408,179456.0762,181726.43,183611.8039,185093.6079,187103.2813,189442.2249,192539.8618,195609.2689,198505.0362,201289.1671,203946.9355,206767.1403,209143.061,211434.1058,213613.9063,216576.4685,219927.4709,224510.5501,229442.8232,234218.434,237831.2002,241848.1187,246038.6567,251008.5719,255320.3404,259272.306,262112.1093,264345.0104,267306.2798,271329.9965,276995.3535,282691.6721,289170.8495,296579.2875,304944.1822,313181.1392,318577.2842,323440.578,329627.988,336725.2095,344807.2351,354854.7274,367934.9329,381597.1879,388679.5177,391763.1244,390891.7958,393845.3553,399070.646,404677.5805,406733.952,407976.15,408974.6077,411151.3595,413651.0139,417910.0642,422788.9278,424922.6769,424457.1015,421942.0372,419979.8391,421464.1618,424728.5076,426459.9552,424521.4807,419651.6999,412502.4458,405589.3821,400718.6201,396913.9085,392270.9956,385605.9459,380919.0857,376616.424,370818.685,363865.8226,357846.7835,350171.9594,341738.5407,329442.5966,318634.6969,308480.4184,299688.6795,293531.1464,288476.5903,284308.5108,280664.8644,276541.8325,272879.8412,270043.8895,268175.6182,266853.3378,265829.4665,264862.6853,265779.1411,267329.421,266278.4569,263036.1788,257515.6057,255121.3039,253604.7327,252530.4155,250376.912,247900.2841,245842.1273,242431.8521,238336.8062,233272.2515,230272.6144,228167.4898,226734.8314,224587.1077,221306.6509,217757.6117,213896.3151,210240.4397,206971.8864,203385.8341,201681.8172,200236.9734,201444.0654,202283.2776,203581.0266,203911.7683,204048.7255,203498.6373,203002.0014,203003.9105,202731.2279,202799.1101,202963.0581,203948.5724,204479.0338,205056.9324,206527.3444,208896.3558,211807.1721,214224.0842,216228.0905,218299.6423,220181.1117,222212.5539,222939.6896,222922.682,222476.0486,222937.1109,224687.1033,226261.3094,227436.7398,227646.828,228150.5579,229090.9585,229552.4171,229919.6318,229835.5414,230389.5583,230483.8573,230618.5143,231406.3737,233190.8629,235520.9149,237277.682,238895.7535,240341.1874,241262.8533,242412.7312,243146.2775,244300.3125,245318.2546,246625.2642,248053.9682,249099.4739,250243.204,251476.396,252881.7157,254952.5696,257264.0335,260116.2848,262370.8738,264424.178,265970.785,267502.2018,269000.5015,270636.6146,272319.0174,274094.6395,275955.3846,278494.4808,281306.1176,284838.4154,287287.6881,289237.8098,290467.9516,291865.7381,293573.4747,294383.4329,294911.5791,295355.2014,296362.0178,297747.2632,299060.1018,300859.4636,302685.5202,305218.7423,306377.4674,307126.84,306773.6702,306846.8463,306734.7076,306762.4789,306793.9388,307734.2504,309283.0344,311954.3094,315026.404,318169.3006,321887.5625,325587.0722,329222.1314,331355.0831,332283.5514,333004.7943,334701.4312,337813.758,342093.8969,347266.3025,353925.8454,361440.761,369712.4538,377874.4935,385793.1193,393908.8851,402337.7108,413197.5016,424596.1786,435892.5759,444848.102,453347.9912,461575.0579,470284.6339,480617.9059,492873.8915,506107.3427,518957.47,531542.1981,543585.2669,551448.6797,553250.9748,550324.649,546486.6589,544238.078,542271.8892,541558.9374,540455.8709,541909.7916,544089.4486
501291.1522,500416.0946,500329.0484,500493.0586,501956.3868,504923.4555,511572.6584,518564.975,524358.4393,525166.0399,526850.2253,531795.8049,541753.5842,551781.1091,559277.6702,564275.066,569321.2695,576631.462,582751.1434,588401.3336,592006.6727,597552.6278,602377.7126,609230.5467,618044.6054,626724.8644,633237.7612,638998.0966,645404.9638,652736.3523,661721.3042,676271.8759,691487.2124,704010.0925,710868.5308,719467.3983,730473.0112,743549.2243,749617.7155,752119.5296,753450.7997,756751.0521,760213.7456,758995.4616,759374.0819,755855.0242,757729.3453,759680.5652,771668.4064,787543.7434,806804.4316,818008.2911,830716.0807,845392.7763,866216.5864,878697.8881,889788.8364,899576.0459,915469.8659,930874.6309,948647.8869,966858.8185,984884.9113,1000219.354,1004478.866,1009265.844,1021085.523,1038927.527,1056823.987,1066619.398,1078743.236,1087692.679,1100670.961,1117215.958,1136575.634,1152053.958,1167071.479,1178816.471,1188828.086,1188176.093,1187950.436,1186366.417,1187616.147,1184439.414,1180624.109,1176019.381,1168161.538,1157097.869,1143793.949,1131783.334,1116815.521,1102298.522,1089891.22,1081811.148,1074810.621,1064351.122,1050643.81,1036918.661,1023110.815,1010261.066,996564.3454,987100.2384,979150.4768,958841.3397,931498.5779,902528.1907,881449.6723,866853.2544,853806.9082,847687.9436,843035.5949,837932.8059,833186.4856,827252.0531,822031.9978,814427.656,807314.5536,801610.3671,809347.5405,820083.9192,831191.5171,831383.8009,831751.0664,834766.8021,839957.7229,843061.0223,843775.4461,842830.5048,843617.5397,845072.0969,829473.6836,806867.0779,779554.0407,768429.7981,764051.9258,765539.8318,768520.4385,769455.2227,767690.521,765080.232,763603.126,764752.863,767507.9195,772589.7387,773318.7287,769901.2293,762284.7878,757083.3249,754120.6293,753491.9513,754982.3804,758202.5621,762787.2074,768102.1023,774858.4182,782437.3783,789494.06,794195.6356,796042.2022,797194.9297,801992.2268,808918.0321,816837.9427,822005.8807,826724.2347,833593.2979,841918.5833,849664.6967,853823.4999,854443.4582,855956.1957,858632.8217,863355.7176,868434.7877,873195.8477,876896.1123,877404.6585,877929.3103,882781.3092,891210.6649,903130.7217,909124.1526,912371.0132,913152.6656,915999.6783,921375.0973,925574.2988,934593.0073,944182.7233,956356.4727,965477.7862,985354.2969,1012017.341,1041082.947,1054575.015,1059956.384,1064085.032,1071421.284,1076685.252,1080058.02,1082085.604,1088650.72,1092077.879,1089631.6,1077700.892,1063277.808,1053328.613,1049438.322,1047331.839,1048019.99,1052460.987,1060723.609,1068640.805,1068198.022,1069142.24,1075227.881,1082975.123,1084719.54,1082235.196,1077353.65,1076453.5,1072337.995,1074950.769,1083298.298,1092160.393,1104651.278,1117703.865,1133512.498,1149508.297,1163425.917,1174673.5,1180206.391,1179186.475,1180086.674,1180790.254,1186832.204,1196881.449,1211516.722,1223354.707,1229358.205,1233778.595,1243600.85,1258847.053,1271906.98,1280214.727,1281751.512,1284163.223,1290010.696,1305888.104,1324714.189,1349709.014,1374994.656,1400768.142,1427458.686,1451341.591,1491483.515,1541689.87,1605131.279,1669798.947,1730171.409,1788076.378,1843112.375,1893563.275,1936052.669,1987229.129,2053657.0,2149009.291,2251257.758,2344527.207,2420050.308,2465858.628,2484136.033,2481735.322,2476692.568,2480645.713,2478369.013,2461583.056,2457747.996,2498285.852,2567033.343
366939.5721,367918.2515,369070.0591,371989.7735,375883.5099,380414.1846,385882.876,390823.3135,396014.0134,400070.0098,404412.5866,407232.6527,410245.9731,412098.951,414954.4515,418108.0838,422812.541,427007.5193,431323.4317,436497.6467,443913.266,451148.0942,457787.6065,463972.5081,471496.3379,477990.7227,484492.9755,490524.8308,496680.4432,502062.3232,505407.5537,509866.6398,513835.1995,519164.8604,523506.7289,528629.7268,532663.4883,535962.0603,539068.4813,543668.2772,550492.8942,556893.3291,562982.5189,569822.4585,576748.9693,583414.407,589062.4351,595333.237,601266.2478,605501.211,609011.7597,612583.5395,617074.4647,622564.93,629710.6813,638123.8911,646966.6961,655381.5964,663989.3809,674726.724,686104.1693,699402.941,712175.1167,727787.044,742299.4788,758269.0145,776080.9528,792284.6832,804418.7294,810676.7401,818339.4574,823518.5514,830180.6307,836231.4272,844071.2143,854528.351,865529.8605,876887.3573,883569.5979,884374.5613,882659.6188,881819.4434,883167.2042,884831.8111,885088.2087,884883.6549,883381.4082,874193.9458,864708.4363,854208.0186,848032.8458,840120.237,834830.5716,828016.927,819578.4015,806298.3847,792526.1836,781674.2076,769804.0417,758991.7726,746884.985,738601.5004,731999.2769,729354.9793,725612.3239,720955.4335,710754.2609,704707.5525,699150.1949,697153.3994,692623.1423,686712.5287,679730.7662,676211.4623,676201.8865,673672.2991,667431.0999,659476.0512,657131.2809,657478.2044,658713.1785,658783.3331,658722.3988,662127.2183,663882.9071,664874.4542,661695.0321,658277.8384,654538.1495,651238.683,652312.504,655549.9275,657616.1501,656791.6702,655602.5456,657469.0399,659194.3286,659203.5344,657907.5058,657303.058,656172.5907,655343.6886,653627.381,653530.5773,653269.5888,654446.5083,656289.9939,659076.1508,662108.2424,668119.4515,676283.6662,684597.3951,691228.5498,698422.7735,712831.2584,734270.6852,759897.6966,783050.8137,801452.7127,816139.4838,828695.3428,840459.7366,852762.3485,864031.1111,875331.5191,886177.7185,897520.2819,909392.3347,924721.5295,939424.7154,955335.4193,967946.0941,980737.1509,990778.2742,998380.7472,1005542.173,1014202.063,1025910.567,1039457.033,1053944.363,1068855.545,1080861.621,1092165.322,1100068.202,1108090.314,1111896.577,1116312.98,1122558.151,1133761.338,1146897.127,1154487.954,1149559.066,1137819.615,1127501.486,1125572.254,1128125.262,1135475.34,1143687.189,1150461.862,1155431.456,1158634.169,1164998.911,1159797.157,1147081.138,1128883.474,1122500.829,1126794.519,1134909.067,1140796.691,1146761.933,1154189.269,1164660.524,1175487.074,1184871.316,1189266.258,1192556.447,1191117.096,1192353.803,1194144.215,1203153.859,1216025.505,1225588.53,1234352.752,1241323.693,1251871.558,1262717.843,1273142.979,1282989.077,1291168.459,1298099.003,1300791.551,1298481.095,1292930.743,1287349.938,1285061.103,1285563.738,1291239.436,1300868.138,1314867.253,1330523.087,1348701.755,1369844.09,1388649.461,1400890.443,1406255.674,1405295.99,1401906.696,1400810.055,1409924.428,1426662.831,1448360.133,1473025.297,1500698.227,1529078.174,1552947.439,1583142.727,1622613.893,1678189.691,1736860.067,1798130.811,1857105.615,1923451.776,1986436.673,2047870.422,2106287.417,2167486.911,2236615.55,2305695.357,2365849.562,2419555.603,2451721.699,2465820.682,2451355.568,2434758.772,2427740.403,2429778.732,2431433.743,2429893.093,2429739.548,2417676.43
464526.0863,465424.1471,467736.3829,470937.1876,473125.9615,476540.6478,478628.9508,480657.8413,484548.4119,489342.506,502752.4686,515592.7896,533502.6622,550249.0255,569245.8096,574734.892,564659.5055,541757.353,528675.4463,528373.5647,538581.6773,553426.374,564520.7926,576074.5572,583595.5628,592152.0336,597072.5514,599131.4774,592391.6225,583188.9389,572361.5292,571288.9494,570999.5529,577332.4269,582602.0079,588608.9461,588783.6108,587277.5492,583667.6968,583399.3202,590125.8618,602055.0496,616062.1465,628497.5939,638667.3233,647056.073,649176.5649,648357.6054,643493.6529,639519.7352,644257.3276,658602.4304,677116.791,694851.4954,704682.596,714412.5645,721805.2678,731442.5032,740730.1757,751221.5473,760484.1192,770010.1202,776461.7947,788304.5657,807360.7465,831032.6956,856061.2524,873571.0795,887288.1236,895814.6782,903874.1856,911677.6141,918659.9712,925475.2882,933897.7862,947852.0806,964450.6932,995288.7235,1020565.431,1029867.308,1022779.449,1014694.569,1018558.672,1020327.93,1019338.34,1012400.92,993640.2395,972924.0017,952696.7041,933470.3004,906761.3327,876689.7081,852425.4922,834498.9748,820439.5704,808672.8105,800498.1333,792078.2987,777302.7646,762199.1291,751592.8651,747583.5821,738921.4821,722849.7466,698145.9329,668024.9123,639068.4324,617331.0562,602145.5981,587938.326,574680.6769,566538.7586,561644.0961,558536.7243,559076.3516,561653.2521,563947.0933,568197.4856,571959.6003,575092.3832,574685.1173,577120.0784,581834.0383,585953.3963,589112.806,593625.7693,600895.4093,606047.345,612022.9032,612111.9072,608555.0117,600850.3054,593472.2076,586916.3564,580392.4986,575121.864,573895.9949,574469.9554,577667.4423,581062.0237,583542.1959,583597.5513,589063.3299,598899.1921,609558.5589,616893.8524,622830.8106,629340.8241,634162.7034,636956.5035,639439.7055,642395.3674,646681.2142,650175.5477,651455.6093,652254.7447,656959.7711,666185.1875,676849.0939,686748.6113,696531.1375,706096.0361,713302.6182,719708.5985,725562.0242,730072.7194,729594.5657,727184.1284,728850.7644,734697.0419,742456.2184,749083.3729,757027.3218,763339.4875,767216.0723,768587.2437,771148.7063,772148.2727,773860.503,776065.6049,783346.0069,792800.4144,803918.4492,813223.5608,822043.2708,827985.5914,831017.2079,832157.8577,833422.175,837356.5624,835446.0154,828842.2066,822091.556,820981.544,825645.2283,829465.2002,832385.8042,834792.4718,837988.9724,840651.7816,843984.1626,848860.0401,850230.3191,847278.0853,842180.1523,842808.2371,846753.8097,851522.5658,854467.7442,858038.656,859105.2844,861854.0938,866563.9762,874125.5429,883224.102,894355.1629,901082.5458,900487.5651,895573.1101,893245.208,895506.254,897363.7305,901863.7081,907971.9276,916119.0343,925795.9089,936285.9702,948847.0309,954637.236,953589.4108,949754.8631,949551.5796,950433.5434,947763.4287,943844.8531,941233.4063,942834.2992,947930.3118,956108.308,964698.1671,974500.4204,985644.8046,998100.5755,1007656.052,1013886.748,1012626.459,1010689.702,1008676.9,1014349.284,1023047.755,1037140.388,1052562.261,1071635.817,1094777.09,1113046.14,1131276.601,1146616.726,1168201.243,1193193.061,1223101.753,1255264.263,1287085.181,1316157.4,1343463.261,1381417.959,1429068.097,1489179.64,1548924.837,1605533.584,1655605.158,1683079.53,1685737.212,1665342.889,1644239.302,1639929.007,1648945.872,1665125.214,1675160.686,1692315.261,1707298.796
589145.5094,593899.0436,599208.1547,610161.1295,620464.5014,629573.7464,637420.5768,643409.3452,650066.6741,654725.5241,661276.9184,665310.2947,672175.8271,678529.7166,686806.6929,693058.677,701542.9653,711417.8346,722986.4283,732854.5723,741751.5248,750701.1178,761020.5606,770123.3089,780094.8406,788804.1197,799910.5666,810670.7212,819823.1072,829116.8729,840426.9299,851123.982,859245.3768,864398.1872,872469.8127,880858.5077,889747.9411,894619.704,900632.4389,907365.6195,920284.0899,931713.129,939516.3485,946568.4344,954823.8158,965715.5939,974348.9149,983433.4226,993721.8098,1006513.614,1020500.921,1035264.087,1037362.251,1036017.054,1033483.281,1044109.321,1059275.206,1076114.141,1093586.4,1111835.889,1132133.386,1152827.111,1174813.074,1196730.797,1222872.013,1251927.093,1285558.943,1313931.188,1333769.502,1342672.281,1353871.847,1359548.399,1376689.527,1390387.798,1410499.567,1428147.477,1447281.225,1464278.08,1473156.522,1474990.626,1476089.522,1474713.858,1474378.692,1473258.302,1469982.436,1464158.564,1458383.078,1450976.293,1448548.892,1444103.036,1435534.663,1421149.68,1405550.391,1391320.399,1373091.172,1351922.856,1327900.006,1305690.882,1280318.423,1260087.977,1241314.749,1228343.466,1214995.023,1211791.559,1207016.093,1203869.664,1185423.826,1175607.286,1164582.208,1163567.861,1154944.55,1144663.868,1132604.245,1124183.042,1116560.998,1103713.385,1090289.118,1083317.521,1084190.034,1087319.566,1090716.732,1092454.18,1097156.889,1104140.703,1110700.438,1108968.806,1103192.827,1095528.245,1092827.866,1089521.316,1088015.685,1086893.796,1082291.713,1078649.685,1073168.357,1072388.762,1072180.432,1069189.169,1064516.832,1056195.456,1047575.502,1039052.341,1033995.458,1035929.272,1031784.968,1029262.117,1029856.656,1037958.082,1047243.187,1056803.132,1069305.282,1080332.241,1087113.517,1090700.088,1095859.179,1106696.499,1124527.383,1143653.768,1158469.632,1170377.548,1179807.981,1186798.88,1191524.839,1195944.195,1204871.123,1213406.032,1223451.228,1233699.068,1248636.481,1264475.305,1283029.049,1295751.535,1306007.992,1311662.114,1320471.001,1329220.858,1338816.228,1349700.3,1364683.818,1380255.193,1400360.453,1419682.993,1440231.945,1453565.011,1467496.325,1476104.886,1485011.4,1494525.542,1515908.376,1541609.361,1561572.555,1576434.803,1593738.193,1614961.076,1630462.614,1638919.366,1645832.164,1652546.976,1661205.661,1664690.679,1666399.084,1673780.57,1674525.69,1664393.765,1639952.695,1622676.434,1621775.797,1632739.834,1644048.19,1656843.746,1667758.028,1686346.714,1703131.789,1720120.072,1733100.28,1744398.378,1746097.467,1742718.65,1736714.043,1733959.031,1738378.092,1742544.677,1751100.465,1757105.447,1763663.085,1770720.623,1781380.317,1794994.092,1811931.994,1823768.742,1828559.365,1827596.428,1824239.141,1827633.816,1832210.901,1838209.386,1845464.32,1853118.177,1866223.75,1874072.173,1888354.042,1908726.896,1928210.177,1940671.535,1939846.33,1933250.694,1922590.596,1921437.922,1938318.504,1971234.042,2012180.172,2061469.12,2114488.875,2176354.463,2238548.597,2305983.4,2385192.572,2474228.023,2556726.048,2624941.477,2688128.206,2765479.577,2850968.214,2931144.326,3048971.327,3186715.409,3361133.833,3526848.743,3692395.827,3846546.189,3951007.937,3986428.382,3962906.065,3914085.042,3877918.372,3834586.15,3801993.48,3773407.178,3800669.855,3841589.036
82813.57101,83654.48,84436.50621,85854.17549,87218.97616,88277.28369,89077.95304,89337.03126,89384.3416,89601.43433,90145.01831,90891.20889,91246.90666,91454.15103,91671.537,92069.01771,92137.49257,92097.90642,92564.67668,92565.34636,92423.08009,91686.48122,90785.4729,90000.41948,88787.33405,88355.02641,88085.51475,88127.31127,87972.79475,88677.79613,88000.72082,88415.01407,88626.06957,91376.83398,93887.64365,96051.17042,97380.83564,98702.4619,100115.0578,101660.3475,103024.7487,103809.3709,104715.2454,105299.6644,105896.7282,106319.928,106679.6157,107547.5048,108096.8174,108090.2885,108065.9912,108798.2499,110703.8343,112775.5619,114793.4962,117263.3798,120429.4242,123930.0197,127264.2824,129286.5288,130293.0613,131340.0307,133716.7577,136630.1419,139611.1943,142662.4204,146584.2287,149686.9553,150563.4528,150566.9218,150801.4262,153499.038,157169.935,161773.8259,165288.2019,168464.6483,170928.6313,173939.9287,177542.8654,180824.8065,183746.0115,185139.5491,185891.788,185467.5532,185367.6708,185843.838,184788.6549,182817.5635,180481.8909,178514.4511,175261.7395,171421.0881,168783.0907,166695.0721,164856.7915,162160.637,160187.1985,158349.3333,156263.7846,153390.9763,150322.4713,147497.8101,145094.7344,141070.348,135551.3547,129300.3811,123824.4671,119917.4462,116545.5766,113057.3662,110252.9297,107897.9102,105556.1682,103162.1731,100835.7783,99675.84955,98607.58604,97110.94984,95581.6775,93933.63004,91846.68101,89867.86206,87607.0701,86439.25445,85075.96611,83750.69554,82142.08661,80410.56491,79023.63585,77720.13479,76235.17098,74374.35379,72907.44178,71446.59689,70678.11739,69217.82712,67955.00487,66373.97795,65904.7785,65687.65393,66105.71491,66259.69029,67041.23886,67446.53739,68149.74839,67888.31175,67221.4555,66109.82653,65181.93106,64528.85416,63473.15273,62362.08238,61444.9502,61159.3611,61607.25066,62312.33997,62969.48054,63197.9456,63559.14349,64118.24297,64995.7297,65575.54209,65877.58038,66158.79764,66492.54058,67003.47464,67278.45677,67733.36104,68196.38915,68846.61383,69623.57936,70554.11795,71898.7015,72947.06662,73634.27797,73874.15152,73775.17548,73450.79569,73252.76985,73806.70784,74715.98703,75367.28013,75831.4735,76313.93966,77355.42638,78675.39578,80137.58828,81537.55545,82974.53412,84596.21797,85888.44353,86821.29778,87546.50481,88522.6582,89351.90576,90175.80688,90620.10065,91067.3756,91381.04094,92073.64757,92840.61078,93791.33123,94582.30384,95751.06231,97117.77134,98767.83021,100539.9821,102201.6108,103851.5723,105181.5916,106616.8848,108387.0157,110252.2179,111787.5635,112828.3879,114210.5031,115764.3396,117199.2657,118417.4876,119761.3678,121288.6067,122749.8138,123973.536,125225.0982,125942.5298,126341.9647,126325.4904,126391.0796,126368.3283,126670.5707,127100.3084,127812.0093,128783.8393,130355.205,131944.8393,133697.613,134921.1892,136046.4259,136732.3439,137351.9157,137911.3663,138482.946,139098.4658,140206.4342,141295.4933,142590.9005,143806.5122,145192.8933,146765.3129,148760.534,151211.6308,153497.5804,156029.8332,158891.9896,162451.9541,165909.4754,169281.2918,172761.3636,175717.0548,178248.2289,180727.0209,183687.6247,187469.5776,190950.7524,196246.5811,202609.7116,210036.6456,216463.6031,221955.5719,227382.8382,231900.0606,234586.5994,234959.9717,233957.1737,233006.7954,231909.44,231145.2353,229632.646,228343.1151,227195.1338
188941.1022,189928.4168,190438.6037,191336.4974,191676.7679,192783.179,194365.7084,196522.7018,198028.6617,199681.3934,200915.0038,202653.425,203836.1306,206397.2866,209649.9454,214386.5677,219443.0135,224733.8403,227735.9749,230741.0892,234339.492,240344.493,246329.0234,251253.2436,257018.02,260796.121,264627.7431,266553.8867,269376.5305,270765.2459,273895.5989,277749.2911,282617.6036,285936.5447,287944.5391,290491.536,292060.0687,293994.4372,294620.3624,295520.4664,296687.9151,299286.9282,301374.5849,303864.0551,306515.483,310785.1151,314835.3903,318233.1572,320396.0115,322248.3307,322848.3758,325922.2167,330775.6249,337927.1732,346388.0577,353949.3464,361206.6994,366419.0859,372690.7387,379553.0281,387998.7965,396556.7285,406238.9716,414934.7223,422113.1316,428399.4068,436095.8176,444904.9254,453047.8495,459556.68,465308.4036,471304.2655,476437.4684,482537.7298,485266.5775,489185.5758,491173.1161,496178.8404,497937.8308,498346.2923,496664.8263,495124.5297,494569.1358,494883.5679,494193.0326,491758.2264,487587.9652,483553.087,480339.9171,476515.7958,471200.2884,465712.8351,459844.2851,454282.016,446099.5343,437164.2756,428839.3085,422877.4558,416297.4117,410194.5497,401086.167,393858.3124,385252.9022,376901.636,367778.7128,358441.5205,349665.8587,341278.6816,334262.579,328714.6944,324185.0336,319755.6538,314593.1739,310076.5399,307379.0507,305090.0991,301925.5361,298035.3448,295722.9243,294719.9585,294845.7844,296673.3609,297887.1938,297796.4397,296463.6065,295359.1323,295257.4185,295743.091,295565.3486,295972.2496,292283.3485,287238.7346,280399.3925,276415.6795,274257.4535,273184.2069,271228.575,269328.7695,267398.5763,266810.7104,266229.0801,264028.0339,258541.09,252314.3671,246767.0927,243913.1354,242245.4028,240752.1014,240012.3882,239120.2953,238924.3869,239561.2543,240628.6922,241968.3734,244520.5256,248005.745,252853.3094,256531.8278,259918.1681,262633.3063,266523.1624,270106.885,273888.2542,276684.6296,279579.1045,282487.3698,286142.0321,290313.549,294948.1116,298207.5799,301384.2814,303212.1587,306305.387,308404.8725,310867.3539,312326.8858,313383.6398,313979.3417,314911.4264,316201.4022,317571.8874,318180.2366,319450.9865,320883.714,323519.5119,324636.8003,325502.9184,326027.7515,327609.9402,329752.7061,332449.3617,335347.3168,338750.7557,341172.2308,343507.7506,345092.3382,346823.5567,348451.3877,349909.9072,351270.9382,353149.891,355799.809,358414.5389,359339.9823,359946.0904,360599.0079,362948.4025,365520.0266,368096.8359,369880.5284,370599.9762,370874.8477,371477.6991,372601.4137,375813.0449,380733.9996,385713.1587,387886.187,388605.498,388976.5962,390744.6864,392282.5177,393717.4579,394128.2121,393323.1675,392975.1518,394559.2356,398210.886,401619.7184,403206.8249,403257.5092,402904.2813,402398.5289,402009.3003,401195.0556,399977.9905,398987.7432,399469.615,401960.6054,405280.4831,407488.2957,408633.8812,409818.2555,411952.7891,413842.317,415240.9423,416298.7404,417656.0053,419470.4988,421718.0319,426027.1583,431173.786,437796.6995,443803.1519,449374.2202,454096.8363,459223.0097,465223.3111,472393.5578,480021.0328,487870.1851,495337.8141,503356.1764,512532.8766,522422.8714,532037.1342,541416.5441,551350.1991,560988.8917,570608.0761,577319.0554,579963.2277,577677.8263,575003.6074,573733.9991,573032.7037,570386.6333,569524.1308,571683.6004,577539.6794
189556.7787,190161.6491,192020.9806,193132.29,193987.8449,193510.0471,194611.1119,194003.7374,192368.2051,190618.3163,189042.6761,188695.5918,190060.4497,192350.8985,193825.6101,194204.335,196624.3835,199025.8882,200718.4085,204113.0176,209960.9732,215975.4064,219219.2791,220864.9478,222214.7228,222970.8629,222142.1478,219985.8547,215499.4043,214187.7833,215211.6325,219586.8847,222028.6623,223680.1674,223966.5189,224989.7232,226276.185,228265.1668,228508.2602,227791.2501,227650.0853,229019.7611,231465.1486,233075.2657,234666.0036,236352.6557,239025.2264,242945.4929,248581.0057,255171.9993,262310.5266,267693.7131,272004.094,274571.7881,277319.4071,281740.023,286190.577,291404.7947,295567.263,300404.5581,304196.0785,308857.4703,315051.1204,323618.5873,331611.4791,339726.6347,346730.5054,354919.0159,362414.7648,368928.6272,374034.8016,380575.8898,390755.4888,402365.1714,412048.2401,420888.2497,429538.0352,440419.9272,448764.2576,454962.5535,458104.101,462633.7148,465179.6433,465469.3726,463106.2248,461784.0384,463529.8743,466659.1189,467255.5074,464043.6745,458238.4564,454683.3204,450187.4472,442699.1842,435548.8193,430978.351,429016.2015,423608.0624,416309.5912,408293.1381,400811.0755,392500.5449,383898.8264,376004.2309,370288.3708,365009.9824,357635.8937,346741.5336,334105.9087,323015.0991,316594.894,311008.4571,307573.8246,301179.4111,297039.3835,291426.3408,287468.2749,281850.8616,280958.8231,281704.07,283138.8451,282920.7991,282803.5835,282909.4841,282743.4114,281304.5158,280469.8425,278312.8118,276205.743,276319.0647,277361.1466,278277.4367,277707.5671,276204.1973,273852.1476,270808.581,268754.3607,266964.9097,266040.5224,265896.2633,267610.0576,269137.4112,269430.8616,269167.0579,270434.2791,272609.5002,274546.7223,274727.5768,274621.9186,274850.8171,276033.2175,277370.4523,280249.4003,283570.9743,287418.6229,291603.583,296027.0324,301124.6585,304984.1905,308612.0909,311805.852,315262.6775,317996.648,320959.0245,324922.8393,330274.5228,336728.6564,343834.7659,351349.8536,358195.1198,363254.4886,366410.9029,368793.9954,370853.651,372624.8417,373988.9732,375916.137,378424.5733,380567.9545,381655.8223,385576.6602,391937.0746,399304.3712,404564.8754,407428.8194,409845.6507,411883.6851,414667.4576,418450.949,422091.9236,425651.6125,428425.9634,432268.8192,436857.2374,440463.6768,443354.4447,445277.5319,448256.2767,450960.4847,454068.2588,456840.6706,460026.8904,463022.9824,466030.5917,468425.9373,470717.0712,473692.3659,478532.6401,483687.6981,489462.6537,493956.5921,498672.5726,503373.2324,507782.915,510352.1925,510899.2502,511258.2254,512623.4103,514964.9681,518738.9019,524042.5807,531206.6222,538638.0893,545826.8638,552043.1163,557188.2269,562238.9205,566430.8209,568424.6289,568619.1195,567630.8265,567371.1667,566715.0233,566864.5394,567282.9553,568047.4498,569102.6825,573040.5466,578765.3381,585405.6801,592026.2036,599810.8297,607098.4056,611732.5589,612524.871,612965.6696,614934.0343,622055.0641,632521.5906,644575.1965,655575.3889,664658.2856,672297.1684,679793.4808,686965.1402,694648.9765,704892.8648,718555.405,737156.5532,753436.3015,768833.7367,780337.3609,793599.9884,807603.4163,824976.5576,845216.7083,868650.4783,893710.4117,919389.7623,942999.1225,960905.3215,969704.0795,973501.6035,975784.4229,979081.0542,980545.3352,982535.3063,988143.5156,998784.4121,1008129.535
128284.4314,128936.7831,129002.9266,129617.2668,129331.6718,129238.4207,129027.1169,129401.4098,129771.8747,130215.2865,130810.7439,131768.5749,132796.8445,133824.5047,134521.7095,135087.0321,136152.0689,137354.4655,138367.6011,139049.1634,140049.2023,141561.8618,143072.2875,144662.1467,145393.9502,144653.4152,143257.7121,142654.8466,143817.8019,145311.354,147084.6114,148688.8756,150439.4129,152043.5536,153440.1291,155256.6233,156621.8136,157990.4574,159541.4624,161316.6069,164591.7773,167537.2654,170771.8412,172596.0786,174384.4306,176557.7689,179282.7232,182074.1204,184630.0904,188029.1227,191822.9106,195605.3701,198897.9057,203418.4832,209060.8044,214941.5688,220195.5464,225392.2486,230192.8402,234845.9093,239449.2534,243673.3842,247242.0439,251512.0925,255749.771,261055.828,265637.1345,274388.0555,281451.5072,287003.0724,288930.364,294914.2174,302941.4806,311881.8945,317003.5414,320908.6047,323304.1997,324842.7014,324611.9267,323432.6256,321514.7893,320245.0454,318773.2095,315979.6738,312560.8701,308108.7899,304686.1816,300621.5108,297618.4433,295593.4547,293019.0055,287167.1789,279328.3368,272447.0705,267227.0248,263367.5035,258200.4324,255001.5196,251492.0262,248517.4293,244051.5184,239473.8637,234144.5928,228446.3778,223276.4541,219454.1673,216502.1862,213701.1249,210920.2484,208184.6183,206043.309,204039.3378,201698.1569,198501.1282,195683.7675,194051.4039,194172.2944,194310.3827,194215.0614,192812.427,190713.7007,188421.5412,186072.358,185157.7315,184700.8097,184370.1711,182899.9058,180911.8607,178502.494,176735.4781,175030.7583,173067.3336,170854.5488,168758.6885,167484.0924,166317.2659,165296.4218,164738.8523,164496.0173,164392.2479,164879.1521,165399.608,167807.9077,170395.495,172656.1694,173002.6885,173194.4711,174046.3552,174967.3466,174935.7472,175286.1851,176013.2664,177629.0426,178494.8535,179175.2846,179687.9595,180588.8963,181984.4922,184398.8051,187033.3532,189579.4445,190982.7966,192638.751,194803.9176,197352.9222,198927.2932,199217.598,198792.5875,198794.9033,199215.7186,200640.4353,202366.046,203742.0262,203866.4821,203553.7823,203960.7244,204699.1906,204654.4606,204149.8067,204097.7327,205709.014,208063.4932,210924.9355,213906.6004,217095.112,219820.0984,222666.1068,225344.6753,228540.0673,231144.9363,233984.082,237144.0349,240814.699,244041.0972,246380.6045,248239.4933,250356.2024,252337.2634,254310.2276,255918.9229,257090.6794,257553.1445,256788.4626,255777.4285,255906.3628,257293.0682,259874.0585,262151.1479,264810.3048,267583.8073,270519.8401,273754.7729,276975.8303,278951.7292,279565.6231,279474.3957,279176.5019,278968.9241,278961.2078,280084.7039,281926.1234,284337.0442,286838.3908,289137.974,290475.1039,291264.0483,291655.2871,292306.6245,292021.4375,291311.9256,289965.0289,289543.3149,289684.4749,290468.399,291483.7315,292736.6306,293973.0193,295320.7192,296377.2438,297506.0382,298964.1728,301408.6115,304462.2227,306872.3705,307933.1486,307729.3592,307778.8478,309134.544,312364.3354,316902.1716,322567.1215,328112.7614,333501.2097,338260.3488,343336.4716,348893.4089,354884.8917,361026.2132,366264.8784,369781.2991,371730.9831,373648.5546,376390.907,379614.8491,384908.4215,392399.9185,401532.1282,409693.5022,415833.506,420158.5177,422400.834,422876.411,421480.0184,419380.3428,417004.527,414082.0432,412270.1375,411317.3315,412257.4074,413310.8852
70584.1304,70730.56025,70745.06051,70528.6787,70667.973,71037.21639,71113.46437,70970.53139,71008.97406,70691.79261,69618.65096,68236.73768,67757.77473,68108.48743,68873.8476,69733.12845,70101.3286,69801.9569,69595.25454,69778.8104,70006.57036,69512.64848,68371.12883,67973.99296,68680.93727,70032.50824,71200.73802,72163.84363,72548.46404,72831.48599,72933.14357,74017.0241,75246.47036,76915.23712,78609.88802,80064.05647,80659.68687,80001.73645,78897.92043,78313.76192,78479.61262,79448.3174,80387.851,81046.94641,80909.55963,80678.17538,80562.93724,80781.46423,81602.51508,83286.91124,84456.67675,85327.75016,85217.61612,85568.82892,84665.61475,83505.95238,82635.81666,82941.23665,83977.51197,84484.43061,84799.1137,84990.19802,86094.53185,87147.77714,88553.43136,89867.79844,91388.65318,92212.94312,92949.91403,93522.49193,94867.64875,95879.43537,96844.47537,97935.70575,99238.35598,101660.4235,103876.0334,107890.9617,112654.0151,118204.4697,121666.6071,124197.8049,125692.9942,127126.5213,127325.0947,127176.6189,126912.6163,126628.2948,126310.1516,123864.65,122075.3644,119358.6215,119453.1001,117897.3177,116189.8699,111789.2338,107583.5922,103731.8692,102174.3723,101595.0095,101288.4875,100271.4877,98509.08673,96979.98249,94246.29076,91445.08018,88138.43473,85664.58067,84588.86209,83562.38976,81338.43588,79335.99759,78674.04396,79943.57227,80594.1263,80457.90243,79979.71975,80231.17124,81288.47193,81750.27453,80810.7008,79070.04937,78296.96599,78570.58664,78354.09532,77500.13657,75287.63058,73616.52503,73071.60136,73712.42314,74721.18674,75420.74967,75410.12913,75579.79228,75810.15758,75828.11151,75254.94769,74399.90728,74180.26917,73701.8072,72020.13092,69818.64898,68669.86053,69782.25946,71709.42578,72146.84676,70547.21579,67352.68011,64685.34104,63025.84652,62235.42822,61201.20072,60155.99495,59667.9308,60482.55508,62052.10027,63916.35711,65150.92607,65648.35372,65545.59,65812.23754,66564.55589,67765.08113,69235.39673,70724.51431,72099.5715,72726.93237,73587.36189,74538.71019,75944.65919,76992.92353,77796.47265,78418.7049,78775.48353,79032.73817,78699.80605,78371.566,77935.08633,77681.70619,77845.70263,78140.67885,78824.18688,79186.61317,79579.22583,80228.34375,81343.12073,82972.01485,84405.8447,85506.0321,86098.33569,86825.10968,87817.21212,89034.19121,90091.63115,91084.07967,92093.49449,93213.49681,94062.70181,95147.96787,96079.82763,97345.69926,98227.01102,98392.01247,97529.72061,96331.9078,95691.82003,96186.97378,96924.27886,97997.92935,98983.90446,100511.6091,102638.1051,105562.8986,108438.8713,110223.7237,110974.6655,111321.7756,112107.9383,113327.4501,114802.8229,116108.6433,117006.9771,117936.3677,119206.8164,120525.2115,121621.6226,122031.7942,121750.3634,120952.4956,120513.5875,120905.0952,122108.3101,123577.9572,125116.2749,126229.4551,126972.2535,127421.5793,127404.5159,127206.9407,126615.7814,126780.7979,127619.1992,129155.3001,130885.5816,132170.6604,132936.3747,133707.8043,135177.6334,137122.0184,138927.4036,140496.1131,142172.8562,144612.2013,147788.3677,151309.7813,154355.2713,156917.1139,159562.2486,160267.9255,158982.4919,155867.9299,154648.9626,155711.211,157727.3976,162651.1602,169806.7374,179106.4719,186482.0367,191040.2849,193979.4205,195466.4447,196685.0088,197791.6241,199699.017,201826.9579,202776.8577,202944.5061,202697.7088,202894.3876,202406.8641
61777.49077,61668.26368,61819.42545,61731.66114,61728.90369,61531.44614,61820.75676,61961.9465,62131.49799,61858.28991,61563.92685,61395.17853,61642.26004,62058.44208,62533.27666,62728.58558,62974.95509,62989.76899,63174.6405,63540.98715,64414.89346,66121.19563,67584.95866,68908.34746,69216.85001,69826.80904,70321.47385,71683.25311,72938.28934,74492.62173,75732.6906,77107.13101,78246.07459,79125.99544,80108.69687,81385.52714,82650.26355,83628.60913,84266.64922,84460.33465,84940.70131,85180.73579,85830.00519,86358.32139,87118.87218,88318.45705,89767.15656,91472.71436,92609.41747,93445.39349,94597.67519,96146.50841,98317.36454,99940.15953,102005.2005,104268.9946,107036.8089,109573.5167,111987.9482,114354.8999,116586.2788,119030.3121,121962.9353,125500.1485,128528.0183,131835.3731,136203.4073,141252.0643,145807.4674,148853.3693,151138.2807,153440.1246,155614.2537,158068.7446,160188.3949,163020.5724,166139.8087,169595.1427,172089.7396,174063.5683,176121.3195,177999.0268,178600.9228,178008.2193,178430.1218,178165.4243,177241.7274,175086.9603,173548.6598,172143.2267,170190.0881,167902.6631,163781.3878,159345.8028,155758.1398,153490.4657,151505.263,149624.6347,148483.1948,146810.7116,144970.6737,142893.5413,141073.9275,138951.0353,135646.7501,132207.5304,128026.2098,124786.4985,121437.8342,118391.0173,113659.1614,108344.3611,103416.0756,100075.6842,99680.43883,99194.6204,100108.0341,100962.8222,104504.622,107574.4491,109889.2196,109401.6155,107984.0873,106672.4984,105970.8121,106866.7416,107296.5618,107231.1161,105909.1449,104378.2343,103446.6194,103235.3672,102200.2776,101307.4445,100059.9073,98299.22732,96232.05041,93139.13754,89738.44798,87074.3169,85083.81319,84171.82861,82819.90464,82666.36987,85352.68762,88047.31277,89751.74634,89223.5847,88789.03628,88617.15255,88462.48913,88220.33605,88626.68811,89215.06948,89701.98955,89924.40137,89909.98291,90082.15607,90684.91878,92015.44118,93853.4752,95762.15456,97519.77801,99234.90569,100949.6196,102340.2001,104028.7012,106036.7182,108305.4187,110459.8422,112342.181,114612.8378,116578.2772,118717.9742,120231.0122,121680.7869,123192.1186,124867.724,125898.3604,125840.1253,125109.8744,124835.8467,125513.9189,127475.6322,129885.0439,132439.7971,134775.0543,137187.3501,139563.6438,141510.2502,143281.9581,144565.7084,146366.5161,148573.2124,151393.7584,154539.2963,157210.3139,159751.7994,161895.7076,164333.1885,166894.5908,168921.863,170149.6161,170342.6163,170709.1853,171850.6616,174043.7256,177083.5013,179969.5466,182825.5062,185182.2752,187268.248,188859.6093,189919.2185,190455.689,190510.5574,190213.9527,190619.0039,192074.4554,194415.7905,196717.1323,198633.0631,200955.8931,202909.5766,204787.0352,206245.0172,207948.229,208940.296,209616.7469,210425.4197,211914.99,213898.8554,215814.5337,217679.763,219514.4852,221343.6888,222837.3201,223898.0148,225732.5544,228102.9104,231341.822,234562.9984,237601.5404,239136.5277,238915.1212,238113.9888,238067.8307,238913.5498,240542.5334,242610.943,245621.8182,248809.0193,252622.2152,256554.1112,260409.2155,263822.9726,267153.9666,270748.2247,274102.7202,276522.3328,278159.7908,279275.4056,280629.241,282394.243,285874.5513,290902.5535,297060.5767,302951.2835,308497.1213,312949.3371,315707.1048,315979.97,315085.7841,314098.9664,313505.509,312272.7248,311718.0726,312258.3152,315347.8562,319295.4908
186826.3167,186971.7316,187005.3813,188095.3639,189387.0614,191509.7752,192593.1227,193877.3613,195291.0295,197658.1893,198888.7331,199716.3381,198950.6217,198545.2656,197848.5964,198900.186,200329.1728,202447.1066,204119.2984,206382.2906,211189.3224,217083.2448,225517.8624,232556.0988,240131.7509,245730.8159,250513.7332,253109.4717,255470.4967,259155.0938,264309.5725,269891.1435,273771.3662,276430.5993,277212.9622,276849.81,276752.5875,277438.4461,279040.1181,283869.0904,292110.5353,301185.3679,308389.5798,313554.501,319431.5715,325416.7631,331166.8901,335884.0859,338128.9102,339974.2722,342490.828,345833.9122,346913.0543,344584.8281,342801.3496,342509.1307,344496.7264,347493.4231,351582.0295,358245.9809,366231.5765,374795.5091,381619.4635,390148.3622,399212.0205,415415.9083,430091.8059,446584.2269,456705.5713,464412.6788,472090.9968,480933.1339,489951.1782,494992.3946,499987.5305,504931.1669,508748.1754,510807.2699,512972.9307,516705.9323,517790.6014,518109.0852,518184.82,519423.1287,516196.2247,512727.8354,509909.0941,511327.1889,509919.8534,507911.7646,503428.8729,499251.4042,491820.9049,481660.4997,470019.3502,457621.6306,447348.5359,439391.555,434752.8067,429355.6799,423517.827,414998.4482,409340.582,403996.8648,398130.1852,388305.9651,384235.1853,383187.919,383108.8654,376994.353,367351.1539,359230.6703,349544.3645,340199.4005,332127.9681,327107.277,326613.5357,329461.5675,332017.2461,332882.8265,331596.0084,332094.9262,336554.2578,339803.6101,339289.171,335676.1592,332447.9414,331162.0728,328948.5307,325525.4702,320475.8201,317912.0365,316747.983,315145.4174,310779.3423,306458.7226,304246.4614,302295.0787,300631.5897,300326.6943,301613.4689,303896.3095,304689.2753,303193.9062,303801.2047,307622.3554,314348.3038,318044.7451,321063.155,323508.1618,325789.445,327595.3282,330173.5871,333691.4943,336215.7422,337939.5444,341370.5701,346512.1472,351583.074,353422.6703,354923.1607,356054.5965,358471.8586,360620.9432,364179.3406,368255.9674,371768.0742,375154.1441,379245.2412,384366.1267,388463.3315,391324.123,394016.5053,396885.299,399099.1861,399613.7536,401282.9249,404961.9885,409168.9557,412722.0751,414499.7291,415700.6031,416297.9334,416904.0817,419243.8682,423076.6665,428150.4846,433018.3471,437466.5882,441931.845,446194.8805,449346.2156,450581.9147,450059.4157,448550.4421,447655.0602,447904.3069,449030.8026,450142.0526,450366.7295,450060.1771,449399.933,447865.885,446776.8718,446754.7059,449502.3054,453205.6184,456573.8599,459279.3463,462442.5246,465115.3497,467286.0826,467490.1157,466479.713,464228.6193,461782.205,460402.1475,460842.5367,463478.7852,467741.6014,472572.4563,477080.085,482107.8695,486224.1378,489938.54,492992.319,497281.2798,499205.5297,496558.5496,489910.8387,483525.4941,479305.7891,475504.826,473059.9522,470906.8946,469957.0969,469682.9057,470694.4901,472077.7253,472883.3129,473430.291,474787.4038,475963.487,477751.4209,478296.511,478009.1324,477607.788,479234.4059,483333.0153,488345.9739,494647.3675,502004.4096,510159.0864,518515.4021,526793.5104,537768.0448,551612.2353,570470.3159,589313.3973,606411.4487,619586.8029,632089.4415,643492.1243,655237.9881,669581.9479,688203.9454,711794.842,736910.5919,760762.1294,779246.9381,788954.6078,789660.6675,785697.4303,781755.6776,779265.4774,775240.2691,770797.2101,773014.7489,779674.052,787217.3069
166032.0487,166905.3718,167164.0878,168905.6796,170613.7979,172640.2416,174056.6046,175375.3902,177157.1761,178993.9486,181380.3831,183828.6532,186174.2174,188132.8088,190156.1992,192183.9378,194372.4531,196608.6579,199175.5483,201862.9234,205015.9218,208110.1409,211305.1952,214684.7081,218180.2842,221438.0327,224180.1458,227208.8079,230970.5753,235671.2253,240427.4267,244784.4023,247679.0558,250267.4548,253725.271,259481.3827,267007.6341,274706.6027,281086.3219,286125.9204,290215.7855,294098.9755,297879.173,301672.9717,305734.3894,309793.345,313267.1438,315679.7039,317479.3873,319150.447,322493.0957,325951.7107,329735.6932,333922.778,339163.1132,344424.0271,347326.6531,350740.7324,355110.3798,360671.6875,366888.1136,372906.6729,380703.0632,388492.417,397446.3752,407013.2292,415927.7018,424262.9227,430704.4185,435705.7597,441785.2369,447745.8324,453629.6757,455471.7392,455398.8297,458634.4721,463774.7195,470924.0592,474475.5675,476193.3805,473490.7271,471300.1461,471486.4397,472280.7065,468006.6027,462097.7957,456013.5219,452770.7545,448779.4968,446864.0925,443375.0833,441030.8636,435381.8613,428446.6522,419002.5545,408724.3582,400275.8881,392514.432,387574.4425,380778.6733,373666.4962,366216.5446,362404.8804,358502.0036,353571.6503,344364.3169,335374.1665,327805.1876,322188.3498,316592.0815,310187.6515,306363.0295,302152.1329,297430.9521,292455.1491,290056.0742,291373.1539,294379.5885,296010.8793,296009.2865,293924.3739,292099.8372,291283.7009,288054.6174,284088.7155,278518.5295,276023.6557,273952.3447,272278.4298,268282.153,263581.6742,259710.8161,257550.1596,255914.0822,254403.1295,254836.8865,255724.3216,256018.9867,254936.4159,253652.0323,253408.7654,254187.2825,256733.9991,258676.2553,260442.1446,262755.4349,265795.7718,268559.6993,270589.2094,272203.2503,274182.4919,276338.1318,278456.3159,280863.1395,282700.7661,284930.795,288079.291,293014.9007,298273.1216,302112.7133,305200.4748,308223.405,310571.0968,311952.7751,314085.4134,317768.4383,320636.8797,323191.3807,325377.4595,329171.5895,332062.5229,334214.8854,336507.8341,339205.5066,342093.4146,343912.6126,346242.8641,349837.7275,353846.3527,357814.7426,360886.5622,364007.4489,366964.1939,369256.9043,372346.1049,375914.1936,380747.5007,385749.3938,390719.0191,395976.0587,399904.9331,403185.4083,406012.9184,408942.5882,411068.7126,413076.9446,414811.5418,416485.9465,416904.5109,416803.0806,416654.4476,418789.2132,422993.3611,427883.1047,432466.1349,436837.2055,441497.9148,445513.9611,448763.3479,451352.7289,452658.5206,453530.7251,454296.6461,454968.2176,455414.9809,455857.1692,457523.2612,458845.9964,460203.7947,461986.6543,464956.4772,467466.7845,469438.0245,471214.7316,473829.239,476259.2442,477448.6263,478561.8669,477545.7717,474714.6857,470350.8518,466620.3689,464841.1063,464309.8073,464773.9478,465484.5964,467045.207,468910.0087,470513.9946,471212.5892,472188.2171,473459.7728,474403.5312,473525.9392,471539.0172,468708.7527,466848.8588,466274.0316,467693.8336,470792.2143,475085.0714,480104.8323,485131.5383,492217.2068,500670.9393,511702.5127,524313.0002,540264.1501,557569.9624,574930.9549,590260.8889,604987.8858,619334.8783,633126.6062,650616.1762,673133.7024,703825.4263,738167.3067,769430.5612,794260.3233,808681.4356,813451.2779,809698.8571,803788.2253,799547.6758,794368.7253,786553.8619,780791.2859,778800.8374,777546.0227
87368.30314,87785.41586,87764.46969,87947.97603,87926.89922,87865.29841,87923.11308,87345.34942,87451.88276,87319.76288,87889.37403,88367.88633,89602.44827,90956.37484,92050.84143,92386.22417,92757.58023,93268.06533,93785.48917,94373.01872,94492.16098,94784.89274,94951.42793,96109.37409,97321.2606,98600.88026,99781.28389,101868.6452,104151.004,106689.5121,108616.6033,110725.5759,114084.5291,117833.839,122068.2218,124680.3095,126993.5183,128652.6746,130216.7486,131531.4667,132991.0357,134908.6352,137909.4443,140925.6674,143944.1723,144691.3065,145216.3461,145580.9772,146995.1787,148330.1988,151067.9684,154996.0971,159370.2857,163478.2034,168174.2273,173513.1327,178401.7024,181500.2594,184082.0117,186215.8492,188007.7095,189390.6647,190821.7706,194349.1203,199343.7362,205885.5129,214245.3591,221485.2239,227754.6895,231443.9806,237287.3142,242254.521,246094.3083,247515.3189,250152.1557,254535.6808,260356.9301,265041.9274,268161.8305,268856.8525,266635.864,266500.5595,267033.7824,269970.6264,271332.4251,271229.7895,269837.4114,268132.9079,266985.6288,263615.9338,258837.9245,253169.2195,247548.4043,240996.8626,233572.3495,228242.1269,221272.3892,218793.6429,216078.92,216023.6987,212253.7889,208100.1781,202218.4751,195062.7529,187322.2385,179986.408,177652.2805,177957.9748,180486.3485,179138.9666,176671.6302,172461.9553,168422.7433,163676.306,159600.6812,156134.6224,153057.8576,151335.1517,151803.3903,152833.1252,154430.4323,154201.5823,154378.2829,153389.1184,152631.9734,151170.7753,150431.2843,150123.3658,150428.289,149936.808,147500.6279,145203.0271,145019.3469,147214.3326,150051.5741,151526.9434,152660.663,153029.2576,152774.4731,151847.1033,150635.5682,150443.2874,151083.4712,152344.4099,151719.782,152520.4962,154898.7776,160226.2031,164946.4823,168611.4981,171137.5106,173240.8873,174773.1871,176271.8862,176716.065,177965.0854,179106.6324,180457.3629,180855.6667,181631.6702,183042.2901,185124.3876,187210.1831,190431.0038,194195.8582,198508.4816,200857.7446,202799.1389,204294.8339,206906.4652,209599.5922,211799.4028,213570.9552,215245.0632,217474.827,220890.7808,224836.5732,227613.9176,228667.3274,229229.6633,230154.3066,231511.8105,232253.1898,233020.7161,234453.2625,236799.6255,240103.9704,243370.3176,247183.7785,250517.5091,252775.3783,253266.8491,253504.0843,254438.0835,255147.8243,255788.9804,256650.8279,257841.2529,258827.5765,260171.8449,263047.0897,265847.5863,266716.6621,265569.0297,264349.2332,264546.6035,265389.5102,266690.6136,267639.1996,269426.905,271386.2697,274139.1638,277137.1437,280405.8252,283152.4123,285009.2727,286367.8929,287313.8387,287783.7869,288121.3647,289043.4969,290934.6244,293378.3531,296632.9453,300449.6341,305136.3999,310012.1071,314995.527,318540.6087,320439.8982,319846.6262,318226.3804,316283.5844,315785.2403,316615.652,318354.6129,320196.7219,322469.4354,326530.6424,332229.6319,339620.9572,345397.14,348839.544,349075.5105,348231.9358,348148.6615,350204.8179,355224.3977,361721.5479,367741.5024,372588.1479,377994.4097,384806.4234,392418.7517,398759.446,405286.2414,413236.1412,423765.6789,434141.5817,442853.3902,448396.6121,453733.5823,460187.4831,467301.451,475072.6915,482687.9015,492240.2855,503519.4241,513800.9031,520628.1854,522664.1114,521166.7203,518746.0785,516905.6696,515389.898,512217.9916,507919.3978,505148.9106,505152.7705,505555.8468
80901.35512,80794.00364,80769.63342,81074.74498,80945.5954,80756.78493,80112.99528,80484.12517,81229.24938,82033.31018,82069.96774,81289.43976,80304.86416,79317.45958,79301.62023,79860.63868,81393.99354,82541.21458,83723.99197,83397.01889,83015.42818,82590.8125,83113.69658,83697.13214,84031.04317,84065.95314,83866.97257,83272.19131,83485.06765,84314.21275,85479.87708,86001.16749,86532.42374,87011.91076,87612.10218,88028.38139,88536.05259,88972.99978,89450.02101,90146.77361,90562.93683,89983.26981,89028.54657,88469.29224,88837.7687,89024.74562,89490.03935,89231.50813,88025.60779,86372.07131,85279.87149,85803.04688,86585.97916,87452.08392,88387.48909,89842.42091,91465.33907,93318.64795,95012.99775,97014.05568,98954.33549,101144.2768,103475.246,106179.486,108535.4529,111089.0299,113211.4689,115799.3272,118326.0145,121539.3794,124831.1021,129686.8489,134711.1856,139670.9667,142998.2055,145885.8543,148339.5433,150867.1859,152952.7866,154637.9533,155463.7758,156738.318,157939.2316,158918.2585,159112.4034,159741.7225,159998.4823,160267.0052,159507.5657,159162.4937,158261.6807,157617.6251,156740.1916,155039.6187,152806.6761,150131.046,148251.4612,145808.2856,144465.822,142798.6359,139107.3332,135038.0804,129956.8086,127584.0865,123131.008,118288.7667,113011.7025,109117.1818,107816.2465,109534.3421,114145.4781,119576.309,122372.9078,120505.5369,116032.4435,111946.2511,110841.7528,112174.0187,112599.3682,112299.1817,108928.5248,107134.6084,103926.9837,104093.532,104798.3712,106988.8333,105397.4517,102514.8872,98812.6856,96034.77853,91848.87596,87714.30741,84436.91601,81978.4924,79277.70065,76287.46842,74255.58829,72914.6508,73002.88519,72472.73115,71833.02297,70925.82037,69663.25359,69345.8579,67744.1034,66555.41758,64512.96134,62900.17089,61752.75219,61309.16509,61754.86176,62729.12906,64205.86946,65341.8547,66536.44904,67028.24999,67382.86586,66882.0891,66186.43996,65417.67274,65244.1751,65221.85354,65799.48563,66332.22209,67078.77829,67851.59392,68856.77396,69818.4297,70747.37757,71862.46759,73157.59295,74082.97162,74398.99214,74686.24699,75575.06698,76599.48331,77673.16856,78294.89414,79441.62023,80497.72053,81632.69469,82351.45315,82990.81569,83646.90074,84926.7405,86780.14558,89306.92522,91281.84654,93289.79733,95332.62413,97789.64659,99955.17487,101099.7064,101294.1914,100973.5162,100644.9784,101115.2922,102531.0604,104495.5972,106690.1541,108771.9791,110756.0798,112619.288,113279.4242,113411.6331,112927.2932,113072.3072,113580.7882,114373.3412,115945.2691,118388.233,121152.2067,123935.9827,126092.4603,128860.2775,131353.555,133830.036,135480.6647,137156.8647,137916.8072,137563.1582,136504.7988,135789.9506,136065.2263,136998.8608,138738.0809,141229.6447,143445.8309,145666.8197,147415.976,149192.0483,150164.32,150129.7431,148745.6864,146809.0844,145492.886,145823.5958,147339.2144,149826.5442,152308.7262,156027.3387,159978.3469,164065.223,166807.942,167976.4462,168899.9506,169988.8528,172001.5557,174251.1413,176502.0528,178687.8779,180599.0347,183580.609,187613.7248,192165.5937,195868.4735,198492.7205,200547.3847,200321.4126,198688.1268,196081.6524,195230.4854,196275.0017,198734.7899,205175.3806,214006.3015,224206.3022,231620.4198,236203.5213,238949.3448,240479.3597,241223.4448,241320.4797,241127.5124,240604.0609,239857.6138,238888.4927,239196.2768,240751.4942,243149.1581
586051.6224,589775.1772,592233.7165,600028.7642,607865.5964,617161.0205,623741.4925,628974.8829,634029.9586,640667.812,648627.7434,655651.7974,662159.7705,669207.7097,678537.9856,688657.4017,698542.0605,707981.197,719573.3969,730649.2757,740943.0378,749061.6315,757112.5291,765156.8454,772919.9373,781373.8823,792092.4175,804468.037,816923.5776,828643.7037,838936.8668,849480.7554,860131.6245,872141.9574,882079.1753,890377.6449,897141.8436,907978.3392,920250.262,931560.7362,940316.155,947585.8026,955283.325,962767.5289,971842.5983,982388.4623,993423.9585,1002695.166,1011875.048,1019771.936,1028494.267,1036937.751,1046305.631,1057049.942,1067688.138,1080302.076,1093561.592,1103168.246,1112464.776,1121044.69,1133798.025,1149033.798,1166664.085,1185903.76,1199048.837,1208703.166,1214458.975,1227611.883,1244725.519,1263425.203,1278318.875,1291253.136,1302820.974,1311000.363,1313419.845,1311411.013,1308012.969,1300767.38,1299134.367,1296430.83,1294302.444,1286488.963,1283334.918,1281913.819,1278801.962,1266057.846,1250889.203,1237179.145,1220814.266,1199168.884,1177034.319,1160033.221,1147469.088,1130689.627,1109952.168,1090557.801,1073262.995,1059927.344,1042500.471,1023093.534,1003150.184,986696.7467,975817.1582,964277.6397,953068.7189,938536.5853,921166.9453,908008.2428,895039.6354,890631.1912,883999.0649,880384.4765,873631.8967,865593.8714,853714.852,840265.8643,829118.0169,824080.9151,829054.4651,835931.9625,844192.8119,843812.6203,843183.5327,844122.8247,850580.792,859071.2646,865323.98,864991.2197,859885.6688,851685.5925,845191.9625,841537.3027,840945.0025,844268.2844,849956.2254,855574.8267,858973.8263,859938.9882,858670.4563,860389.8848,860115.4084,864170.9416,866647.6376,869933.8579,869398.3586,868511.6479,867926.3091,868935.3808,870974.4975,874205.452,876851.442,879847.041,880568.5372,881849.9694,885491.3249,894889.3828,908558.197,919170.1725,922710.2707,922035.2879,921952.8088,926626.8911,931820.7204,936371.546,940795.6524,946725.6421,955561.369,966217.1922,978068.5083,987139.9875,994876.2897,1002330.707,1011804.868,1019301.554,1025851.7,1030567.525,1037815.09,1042219.21,1046691.859,1051562.396,1063100.656,1076746.607,1088845.847,1096951.559,1104708.603,1109977.963,1113868.707,1117915.897,1126220.82,1135401.221,1144047.543,1148963.156,1156951.967,1164628.672,1175102.948,1181722.276,1189184.582,1195799.117,1203240.853,1209040.559,1215182.816,1219965.948,1224937.777,1224788.467,1221471.646,1216322.115,1215956.87,1223152.034,1230401.415,1242048.319,1252920.773,1269132.194,1281244.848,1293827.429,1304436.836,1315789.301,1328087.673,1339197.239,1352293.444,1363886.425,1380062.706,1397190.143,1414893.817,1431527.618,1449961.271,1471926.331,1491738.221,1507244.538,1516695.198,1527098.962,1536769.447,1544001.54,1545868.745,1549220.079,1554186.681,1560080.889,1564798.904,1576505.337,1595091.62,1616363.2,1630435.52,1649212.739,1666780.418,1687288.73,1695962.038,1699644.34,1701490.318,1710858.042,1732799.101,1764204.441,1802586.255,1845759.706,1892892.149,1944854.36,1993603.526,2043783.013,2105272.3,2183577.485,2272260.878,2353767.248,2427204.761,2500648.66,2576743.296,2654679.903,2746521.145,2858823.24,2994210.767,3132237.35,3255401.889,3356642.758,3405296.496,3423190.647,3409751.652,3395226.132,3371796.17,3341657.376,3311281.961,3276796.991,3255410.598,3236846.249
312289.0183,310015.2503,308782.2037,308435.621,308158.8562,308214.3951,307679.6461,309721.4141,312660.9795,316324.6086,319390.6985,322988.3815,326938.2804,331680.102,337305.8844,343608.0902,349703.3281,356772.4478,364122.0013,371680.2241,377599.1936,381110.3827,384379.735,388512.9603,397775.1099,409729.6507,421907.6085,429603.3784,432770.4721,433289.3005,434840.3837,440499.5697,449418.3362,457778.5044,465200.9868,472636.1883,480910.527,489954.1367,498704.2654,507397.7113,519059.5456,531674.907,544285.2783,554690.8656,564921.216,573918.9001,581841.6598,587191.7351,594582.1957,602558.0917,612000.2832,618314.0091,620753.4278,623175.663,628229.068,637087.4285,645446.9283,654329.7542,661389.8801,669705.8162,679147.8487,690465.332,702524.5847,717047.6321,729480.2852,743484.1482,753969.3584,766661.354,773440.8805,779019.2378,784779.2191,794030.55,803636.6115,808195.1533,809974.9969,816786.2795,827324.8813,840367.7168,845192.2044,848283.9188,848164.1049,847261.2297,847412.1897,847453.1057,845292.6981,841053.3556,835463.6261,827546.5341,814788.1852,803387.3432,793641.2592,784194.7061,771878.8717,759262.4857,743520.4611,727128.485,712515.6205,701425.3522,691244.8315,676081.6098,663241.8707,651160.4214,646308.46,643219.0583,641805.6198,634618.5403,627054.4503,616791.5619,609089.1382,601573.8538,594605.0156,590749.6441,583221.9633,576222.3943,570013.2227,566615.0569,567806.0001,573233.5189,582942.2109,590179.9061,594855.5578,597617.6888,602459.8428,605569.4275,607112.3416,606415.5413,605091.451,604152.8104,600573.9224,596641.7656,590886.4916,586947.7346,583584.4901,579796.1633,577130.8489,575777.7501,576672.6753,574737.6406,570167.855,565129.1122,562476.866,561662.1938,564537.8791,567924.2125,571687.868,574900.9817,578992.2371,584106.416,589779.2225,594855.1063,599902.8096,605586.5562,611756.5658,616527.5168,619023.0578,623981.3989,630459.142,639203.5906,647072.5162,654537.4118,664254.6116,672435.5948,682838.4671,692107.1166,701787.2162,710595.1479,716403.3518,724779.8656,731866.9204,738341.5369,742037.5058,746483.3219,753335.3998,760313.7494,768436.1595,775526.5934,784698.2179,793876.5353,802897.2726,811281.9404,820132.5932,828489.9456,835232.0719,840124.8153,847312.2456,855347.0762,862853.7473,869839.8261,877242.8555,884129.9775,888789.5582,891685.9264,895542.7391,901790.6625,907977.0185,911998.52,916067.4404,920616.8273,928747.1738,933258.2611,935868.5853,935240.1875,932385.3738,930174.5195,928108.7018,929066.3341,930354.7622,933449.7503,936271.0281,941860.5855,948950.0643,959069.6175,969447.6506,976289.5774,978653.0925,977489.3464,977024.4584,976765.3639,978011.8214,979928.9041,986153.1753,994115.8066,1001681.869,1006372.969,1010918.844,1017733.474,1024424.369,1031276.414,1034316.93,1036249.244,1034856.729,1031543.275,1027157.742,1024158.81,1024412.884,1026298.834,1032507.485,1041381.801,1051706.567,1056714.539,1059315.755,1062921.951,1067228.102,1072097.869,1075533.221,1080082.359,1088344.473,1099510.869,1116533.302,1139172.446,1170048.052,1203155.307,1237822.173,1273299.739,1312108.767,1353630.708,1398333.094,1448603.832,1503368.085,1550359.894,1589933.602,1626529.952,1668507.974,1713557.502,1767140.259,1835618.318,1924646.451,2024167.352,2124110.307,2216034.28,2262952.746,2260612.585,2222435.317,2191081.662,2174504.722,2157997.995,2148918.963,2144325.779,2147157.801,2134316.846
116333.2396,115870.1587,116217.4151,116150.0525,116451.1837,116340.0332,117517.2231,119827.7511,122770.4309,124577.3917,125665.0906,125295.4455,124914.1412,123915.2499,123663.2218,124055.185,126188.745,129313.4151,132726.3132,134088.0929,134515.0404,134388.4605,134621.4029,135419.0608,136550.238,139263.4381,142304.748,145230.4864,145108.876,144173.84,143362.681,145876.5715,148884.8416,151558.762,153047.6797,154614.9777,157360.1942,160416.9114,164306.7487,167613.1202,171021.4635,173937.628,176970.3476,179951.7705,183081.0815,186029.8473,189079.7198,191947.3951,194018.8027,195350.3897,196095.3877,198350.2677,201801.406,204540.5822,207154.6582,210390.2315,215254.7117,220525.8001,224720.5067,227717.7231,229009.1954,230770.7566,234678.2578,239090.6186,243433.2724,248158.0027,256213.4868,266255.2548,277261.5683,285718.1642,291423.0422,296062.6794,301424.0451,304780.1224,305009.9528,302883.2725,303568.0332,304935.0687,308931.0594,312217.0243,316246.159,317948.6345,318610.8325,317611.3724,315048.8231,313196.5674,313180.5891,314521.9333,314010.1799,311185.0911,305406.0122,300604.4482,296993.863,295091.4095,292099.6494,285771.2014,279603.4484,276170.8039,273452.6429,270655.8988,266439.4948,263004.6829,259718.6117,253751.2107,247345.4394,240933.098,234249.6021,228764.6624,222270.6505,217095.3893,213594.0081,212516.3803,212288.8585,211188.2161,209884.3484,207593.3245,204521.4872,200316.22,198459.0365,197151.1901,194628.8139,190212.5936,185442.9814,183186.787,180722.7155,179455.5555,177221.2939,175389.6351,172485.1301,170515.5279,169772.0897,169181.1964,167510.5702,164772.3889,162626.7198,160957.1315,161097.3558,161006.5043,160486.309,159234.9257,157715.238,157655.6616,158356.147,159834.8169,161481.8565,162257.8256,162620.3505,162115.3837,161071.6642,160605.4511,160149.4887,160331.7756,159160.3349,157100.5633,154856.7715,154697.7802,156597.2853,158896.1334,160753.367,162026.3656,162903.4064,163540.0889,163541.8859,164254.3616,163861.1656,163107.1815,161306.0437,160802.9739,161748.2701,163790.6302,165991.3332,166886.1065,167422.7535,167426.5847,168553.6949,169846.7941,170883.4959,170766.4905,170431.8048,170834.6538,172485.9853,174128.9447,175490.8009,175828.5196,175862.4286,175433.4464,175379.2487,176101.7048,176823.5075,177304.8031,177440.5086,177851.3726,178944.1646,180055.7614,181088.2893,181768.185,182656.254,183203.4045,183714.836,183990.5114,184665.9149,184973.4523,185030.6922,184741.6403,185029.3135,186052.0853,187052.1747,187540.3884,187847.6784,188945.5646,191185.8125,194162.6772,197043.397,199412.2099,201231.072,203173.3602,205009.172,206386.9092,207516.9426,208490.2504,209929.4627,211374.2352,213512.594,215959.6013,219244.262,221702.9665,223785.0928,224859.4657,225617.5526,225964.5016,226031.232,226058.5475,226005.5233,226877.4978,228185.0521,229910.2739,231264.5493,232238.9949,233171.7096,234291.8591,236174.3555,238169.5975,240531.5944,242484.2336,243986.7622,245634.1474,248852.4915,253595.6137,258761.0917,263566.3485,268865.4839,274585.3202,280615.6844,286596.0991,292524.568,299285.1663,307111.2311,317387.0642,326971.2758,335006.9478,339812.6661,344915.4908,349807.5917,354155.4399,361066.679,372191.2458,384800.2309,395323.476,404105.9329,413511.6315,419798.6592,420145.9314,415745.1488,411487.4832,408805.2387,407316.0582,406129.274,405060.9107,405185.3679,405964.3163
73617.78989,73795.29077,73814.46753,74175.16668,74562.01186,75282.62412,76183.35506,77494.91338,78946.51806,80192.6239,81095.04483,81823.40155,82354.90329,82550.41898,82811.35609,83165.09521,83720.57712,84095.56721,84564.62324,85301.29777,86254.83871,87175.24449,87935.68004,88470.20399,88903.00803,89083.31955,89353.92037,89653.4942,90447.01571,91304.4287,92398.07333,93301.40699,94393.35676,95125.65136,95757.20429,96181.1745,96456.74151,96418.80138,96081.40674,96213.78259,96154.94474,96039.85405,96084.71341,97174.79947,98729.8712,100342.6835,101723.3712,102993.7664,104031.8756,105029.7949,106169.0985,107286.5862,108112.1772,109219.808,110884.7642,113486.5814,116633.8899,119619.3453,122410.3758,124376.4113,125827.6777,126659.3615,127449.5292,129516.9789,132396.5821,135831.868,139158.188,142984.6831,146996.804,150927.402,154197.3535,157178.7403,159453.6442,160885.9236,162587.6341,164489.9791,166562.2814,167883.8625,168825.7303,169501.9099,170328.2818,170137.1275,169584.3937,168612.101,168427.8082,168054.5152,165725.9573,164676.1778,163812.1277,164121.8476,163193.829,161864.6058,160394.8303,158036.3441,155684.3947,153656.9065,151571.0094,149528.8826,147596.4765,145591.4677,143154.2225,140593.3328,137716.9838,134686.3572,131550.2633,129194.8012,127736.4871,126485.7439,125601.7485,125469.4987,125448.6758,124444.7959,122763.733,120970.1563,119635.475,118299.9719,117024.5723,116115.4123,115744.5423,115587.3537,115702.6685,115543.1923,115665.013,115342.6312,114995.8124,114577.0287,114159.3391,113838.3425,113163.0885,112381.2225,111431.3309,110472.2932,109827.7971,109266.1054,109004.407,108363.6143,107797.963,107077.3762,106583.629,106126.2698,105680.1591,105384.1025,105031.374,105002.4609,105056.5512,105476.0973,105801.8062,106051.2452,105983.5337,106006.1916,105653.564,105008.6096,104049.1757,103826.5947,103815.9309,103831.8365,103870.4153,104344.4657,105877.3062,107154.7047,108027.3144,108193.5613,108601.6625,109186.586,109703.4329,110275.5992,111467.5656,113207.5808,115245.5513,117051.6673,118485.4347,119376.7035,119877.5086,119726.816,119176.4992,118557.0936,118498.6627,118807.0576,119271.5666,119653.6355,120171.9012,120947.7824,122272.5455,123927.6084,125465.0447,126545.9561,127302.1413,128273.5748,129137.798,129972.8334,130293.5731,130777.559,131566.6935,132584.9465,133505.2183,134181.9627,134792.6525,135718.6919,136785.8212,138052.4022,138795.4775,139279.5069,139281.5672,139126.4418,138917.1828,138855.2271,139308.1354,140208.6266,141610.1115,143071.6289,144614.6372,146151.3652,147814.2041,149406.5432,150323.2255,150545.1909,149967.7762,149163.3134,149013.2891,149812.9491,151520.5805,153219.7609,154716.1296,156008.6849,157393.0795,158599.1149,159891.0677,161265.5914,162078.0901,162113.3458,161806.298,161947.2121,162681.9158,163504.5814,164243.8808,165075.0596,165521.0012,166239.8787,167197.8053,168745.188,170735.6337,172863.4594,174880.3389,176265.5046,176870.2851,177248.0667,177825.1087,179104.5313,180871.1714,183334.4027,186233.6382,189272.209,192153.0591,195090.9642,197652.1981,200294.4938,203177.0502,207428.8396,211219.5973,213821.5161,214911.1449,216161.538,218653.4074,221382.1262,225786.5868,230601.1218,236484.2808,241704.6162,246067.4395,250068.2105,252743.085,254037.2538,253319.1163,252474.265,251949.6154,252085.0773,252629.6831,253675.2573,254756.0632,254841.3864
949309.6421,956080.4754,954015.075,959990.2402,968835.7723,988015.7503,1003304.898,1007584.087,1004649.704,1000756.667,1002936.041,1013471.573,1031106.238,1048724.795,1064478.08,1078086.736,1092872.33,1109339.408,1121860.402,1141434.09,1158748.553,1178387.014,1188217.905,1195718.049,1204607.153,1214084.462,1226986.419,1244414.664,1272122.328,1301749.339,1328613.253,1353781.903,1381490.928,1409533.058,1432805.321,1459048.126,1485628.592,1509727.748,1521848.094,1531037.422,1543120.754,1557543.438,1576878.553,1606686.183,1637516.943,1660874.898,1670837.056,1678334.822,1694646.565,1719313.4,1740309.062,1752730.721,1762346.702,1783808.667,1804618.144,1826030.281,1848468.232,1877099.104,1908014.955,1936582.23,1969295.326,1998541.584,2029417.593,2059798.813,2098407.212,2152291.441,2210109.585,2265174.344,2312352.417,2341418.813,2356077.341,2362546.995,2392377.301,2428141.709,2469960.703,2505416.886,2538219.077,2563116.154,2581423.412,2602431.906,2618677.349,2636858.968,2657072.682,2681616.171,2694636.921,2704678.184,2706136.29,2712484.605,2714216.499,2703513.109,2688180.658,2673254.011,2651601.946,2630333.757,2602924.067,2589024.719,2552781.127,2501173.651,2443173.444,2392837.722,2349919.399,2304649.952,2255410.315,2193223.819,2127894.975,2063797.765,2011135.922,1953525.094,1888224.212,1825499.253,1769187.196,1724382.654,1685016.18,1658210.403,1631931.523,1609143.566,1583549.419,1570561.793,1581637.2,1601793.541,1636583.88,1659805.606,1694338.999,1723003.106,1758721.039,1781700.676,1799761.081,1805738.458,1806785.22,1797816.992,1786757.659,1774258.817,1764610.034,1747688.625,1743078.458,1737291.67,1739451.343,1731691.689,1726805.735,1713566.423,1706155.14,1705684.159,1704996.734,1706109.158,1717278.246,1735670.094,1752319.436,1759137.37,1770105.126,1788218.194,1817488.381,1854598.77,1894387.44,1928564.465,1947582.532,1959692.814,1964160.059,1974605.665,1980546.98,1990566.772,2004117.876,2030420.731,2070112.182,2108735.582,2149206.62,2192826.591,2247952.094,2303965.456,2342943.261,2364492.172,2379501.336,2402457.776,2440049.828,2481593.204,2530066.776,2578253.541,2639749.348,2697429.756,2744787.253,2776187.158,2791276.996,2800888.213,2809888.324,2825578.938,2841261.894,2853863.04,2874567.538,2907956.654,2957504.905,3001022.552,3029982.051,3035496.606,3027735.662,3028296.704,3028512.494,3036876.597,3043324.906,3052135.33,3061975.749,3063929.153,3058688.033,3049670.477,3058842.602,3086475.275,3107901.468,3123766.745,3122344.664,3137509.031,3138066.642,3136810.844,3125892.37,3128414.856,3141731.544,3153105.096,3153621.237,3155864.18,3160377.849,3185420.712,3217013.426,3258348.851,3290344.664,3311781.14,3322782.385,3334719.173,3356464.91,3379727.447,3407250.23,3433809.953,3479963.178,3521696.787,3556646.986,3563829.813,3548367.304,3525472.99,3500365.246,3478378.366,3458260.722,3464805.733,3487649.776,3515057.219,3549415.75,3618503.424,3702907.214,3774558.321,3797267.276,3787162.989,3756157.903,3747088.785,3765734.793,3804339.96,3854986.152,3925878.315,4010465.037,4105496.078,4186417.767,4278487.673,4392864.788,4533490.688,4706304.624,4873294.474,5030869.541,5167030.492,5309613.649,5484443.033,5696165.3,5934814.968,6200154.77,6460410.135,6665572.432,6826784.728,6900282.898,6937626.321,6923750.095,6922598.197,6927220.696,6910178.308,6830798.874,6761633.253,6729586.219,6756354.841
86788.58143,86811.4665,86700.177,86688.0019,86923.10154,87307.40498,87918.46444,88334.01255,89834.13492,91416.62168,93030.77965,93946.09518,94747.03682,95562.32965,96298.31731,97154.84404,98012.03898,98822.97893,99292.30438,99957.34624,100270.387,100793.6363,101446.4215,102604.0267,103894.874,105649.2208,107563.7926,109179.4831,110154.472,110847.0707,111982.3369,113348.2708,114418.5475,115034.438,115464.3281,116049.1088,116924.5229,118288.9921,119813.3154,121253.5535,122219.0584,123421.4544,124675.0936,126327.1025,127750.9482,129321.1338,130446.0639,131958.9431,133523.1815,135956.9563,138386.4883,141170.1508,143445.2554,146156.1178,149280.98,153384.2652,157042.8428,160235.7789,162801.5293,166197.9092,170136.1929,173580.5349,176346.07,179231.9582,183187.9576,187475.5637,191601.7112,196052.4809,200775.6627,205450.8831,209053.6068,212293.0153,215507.6742,218396.3624,220913.1992,222960.2114,224742.5093,225496.6264,225525.5679,225463.8581,225623.6603,226057.6714,226250.1947,226718.4829,226789.5156,226926.7915,226525.099,225623.5348,223750.1931,220995.2388,219234.6192,217530.6779,216051.2579,213363.3252,210309.5238,207378.2407,204306.5234,201447.28,198581.028,195266.7909,191671.9246,188240.1367,185152.6979,181566.1525,178132.2326,174714.6966,172152.1321,170114.8599,168741.5247,168059.6525,167233.8326,166301.5194,165012.2637,163092.6804,160843.539,158728.2487,156960.3151,155498.0573,154452.0016,153363.8614,152905.9284,152645.3884,152605.9899,152204.4102,151787.4302,151445.6029,150924.9421,150084.6384,149033.9873,148518.525,148421.3872,148158.4547,147558.2117,146446.3574,145211.2227,143708.6849,142297.7549,140915.3621,139443.1253,137871.1077,136955.8499,135545.3423,134372.2534,132989.0837,132407.6648,131767.0432,131246.7278,130726.6089,130981.9248,131260.6576,131759.6272,131622.0429,131488.6948,131530.9483,132006.9367,133040.3276,134434.8362,136302.2543,138161.7995,139631.3675,140431.8276,141219.5748,141602.8566,142239.2066,142406.0776,142969.3989,143330.9685,144162.4417,145737.4103,147820.8755,150285.4282,151978.5707,153443.7043,154566.2889,155847.8962,157486.0761,158622.7821,158883.2777,158083.9818,157127.4857,156930.5799,156945.9173,157152.4899,157104.182,157120.2055,156749.8347,156338.288,156323.2228,156629.052,157197.0121,157240.3935,157321.6221,157850.1715,158585.3042,159199.1323,159292.8298,159330.7859,159072.9494,158571.3894,158288.3365,158657.565,159275.0089,159722.1111,159614.0881,159081.6274,157975.5366,156951.5703,156232.931,156139.4898,156584.395,157637.3065,158829.9063,159935.1802,160840.0127,161739.485,162715.968,163356.2605,163757.2649,164532.3474,165978.8138,167737.8456,168864.5476,169881.1899,170371.2301,170608.514,170150.1133,170122.3582,170502.1744,171259.4308,171493.487,171893.7997,172371.5748,173312.8261,174508.1799,175503.4708,176626.6715,177409.8312,178664.1054,180368.7715,182026.8154,182420.7645,181823.5927,181692.8319,182317.3309,183576.875,184211.3186,185564.0659,187323.8646,190320.7905,193500.4441,196905.2427,200047.4181,203359.2406,206795.508,210810.2047,214988.837,219491.5557,223236.8104,227204.5758,230785.1589,235373.6496,240174.3561,244878.8223,248924.8244,253623.0033,259569.2366,266215.5677,273207.0941,280269.9884,287895.1734,292661.3391,293775.1974,290924.4779,286855.1963,283037.8126,279252.9305,276925.1939,275322.4043,275050.2883,274071.9305
151371.9679,151570.7118,152420.8185,152794.7328,153699.3948,153110.1174,153671.7013,154408.7441,157622.2287,161177.6946,164390.3977,166904.3846,168640.8114,169558.1058,170881.7131,172855.5557,175652.4421,175534.8356,175923.8989,176932.747,179570.1387,180162.8135,179382.3792,177556.2168,175997.3326,174920.2308,176013.9161,178310.6479,178969.0709,178738.0333,176951.5557,174117.9138,172896.6162,172872.0846,175612.8249,177660.133,179285.1815,181389.0706,182695.106,185145.5192,187197.5692,189231.0088,190925.9372,191526.1663,190686.5685,188744.7313,187984.6204,187246.3843,186503.9149,186032.3816,187717.5162,190521.3409,194118.2998,199182.0634,205091.5478,210248.9287,213312.8738,213741.4309,213123.291,211538.3581,210478.6857,210734.8355,212449.576,217032.4405,221304.1466,225194.8854,227834.4757,231733.4166,233461.6713,233877.2369,235742.195,240764.3722,247987.4268,252113.0834,256143.609,257841.941,260658.2002,262767.7976,266053.8753,270892.78,277732.9088,284782.6179,286953.421,286320.2286,284714.6794,285763.8357,290172.2752,294532.7872,297513.7331,296993.5078,293922.8818,290286.4295,285216.5775,279617.8885,274883.0277,272532.0443,267913.4504,264982.5287,260476.2872,260929.8311,259073.5023,256495.4775,252787.8734,248965.192,245227.0634,242977.3106,240886.8967,238495.4398,235201.7386,231567.4669,227751.946,223898.1662,219913.2934,217859.2209,216749.3288,216416.0029,217172.8704,218520.2871,220288.6377,220579.6651,220580.8409,219672.7068,217178.7862,212236.7628,208290.3638,207217.1836,208954.7493,210762.5989,211786.5041,210767.2525,209386.4,207276.5486,206536.6799,205745.3023,205193.3988,204816.8415,203169.747,200263.1023,196992.8861,195263.9619,194081.0685,192968.8586,191668.7383,190307.6639,188562.81,185884.6043,182720.1861,178893.8993,175246.7816,172211.7792,169493.5653,167453.2978,166317.4219,166380.5009,166749.4191,167685.4772,169438.8063,171850.2459,173809.8646,174496.1495,174852.8306,175272.6405,175414.1844,175258.7993,175112.7556,175280.0096,175006.6198,175314.6105,176426.9252,178804.6009,180958.8895,182954.8168,184206.4919,184833.3385,184731.9166,184316.0527,183639.3274,184441.3006,186645.6987,190179.9552,193196.9812,195409.5076,197051.7066,198357.0877,199847.7505,200809.8637,201092.5645,200985.8865,201655.6137,202702.9243,203336.2344,203307.7609,203773.9319,204415.0896,205249.9328,205424.0134,206004.5417,206508.0526,207246.4104,208210.9678,209267.9771,210014.1798,209940.8661,209597.6635,209624.9318,210610.1411,212473.8746,214716.4929,216883.2563,218266.8291,218804.1508,219320.545,220050.5117,221271.6609,221544.8207,221358.8163,220650.6226,220780.1494,221700.1519,223925.4941,226306.4923,228269.9462,229468.0885,230526.1866,231774.3117,232594.7648,233224.9299,233903.322,234428.221,234585.8894,234220.088,234230.7434,234653.6018,235746.208,236955.9099,238297.8739,239159.5265,239617.9959,239907.7954,240171.0358,241562.547,243166.4203,245202.1137,246574.6481,247429.7796,248436.1114,249856.181,252389.4415,255601.448,259080.5268,263098.704,267019.5547,270567.7265,273780.683,276598.8122,280000.4723,283897.129,288658.6362,293068.9595,295907.1025,296773.4593,296768.918,297347.6331,299084.1781,303769.884,311045.7971,319767.86,328402.8864,336088.8676,342741.4481,346760.1108,347664.4963,346241.8731,343739.2516,341177.6608,337972.4316,336821.0356,338649.3247,344257.132,350145.8283
81843.59262,82144.80731,82241.6061,82271.49976,82157.39125,82415.03623,82945.91033,83736.09184,84428.34073,85266.8446,86298.1731,87447.3545,88740.97069,89940.97745,91131.73555,92122.8056,93047.40863,93780.0486,94562.59461,95327.94924,96159.71283,97108.0188,97999.80011,98937.58781,99861.08813,100858.4354,101972.2656,103193.4158,104562.4725,105624.4407,106591.1442,107365.253,108259.0685,108901.2783,109710.1273,110503.0271,111678.2613,112845.2893,114177.3477,115537.866,117044.4775,118401.9466,119375.4105,120368.1117,121633.9259,123332.4217,124788.4139,126279.2437,127658.9072,129654.1965,131833.312,134301.5098,136571.1128,138927.1336,141504.0332,146287.3416,149882.9435,152864.0684,153734.1459,157055.86,161549.1511,166409.7137,166638.9276,163964.103,161092.9395,162128.5256,165082.2756,167744.2379,170907.3984,175086.3672,179418.6061,182653.4099,185434.0428,188514.9068,193068.7734,199197.4804,204865.6421,208529.32,210179.0862,211066.8209,211535.4033,206585.7295,200053.5955,193123.4563,190841.0723,189820.1963,189139.5953,187861.1784,186075.3553,183480.4359,181754.5947,179634.8581,178053.2721,175787.0741,173720.9138,171142.0992,168624.8813,166085.6968,163810.0394,161224.9804,158563.0954,155948.6516,153106.3242,150051.7721,147233.4726,145097.5749,143530.1716,141901.3174,139931.3746,138089.0954,136334.1312,134642.7404,133114.4156,131522.888,129791.3794,127995.9697,126454.4104,125465.9674,124780.3189,124077.5196,123244.2174,122286.3429,121529.913,120953.8546,120586.3844,120262.6299,119846.3307,119565.811,119396.6747,119309.0387,118951.417,118146.0893,117340.2097,116625.1576,115872.2134,115019.8191,114234.5965,113788.9788,113328.5395,112805.9256,112321.7709,111959.812,111884.359,111823.9854,111879.7075,111886.024,111876.3801,111589.153,111197.0251,111160.7389,111069.433,111370.8715,111696.2031,112319.3495,112524.7703,112382.4774,111889.3157,111534.5581,111815.1346,113026.6681,114964.5687,116958.8898,118330.8425,119093.147,119344.7928,119905.2728,119984.9977,119879.2316,119468.2872,119662.3543,120322.7683,120787.1786,121414.6509,121665.9453,122094.7554,122483.133,122913.8765,123687.2742,125137.146,127163.3181,128916.6794,129364.6856,129000.2793,128985.1127,129780.8779,130821.2568,131916.4726,132954.3778,134041.1638,135112.2344,136345.6175,137828.6715,138994.4708,139833.5216,140381.003,141104.9099,141718.165,142098.4939,142538.9359,142904.114,143550.2745,144014.8722,144484.6387,144671.5418,144891.8311,144902.7747,145044.8617,145395.9008,145835.2136,146294.5423,146715.0564,146920.2592,147179.8591,147549.2928,148528.9113,149651.5701,150535.8002,150659.0644,150962.2509,151319.3134,152148.3842,152694.955,153302.0,153837.3543,154477.2687,155516.7796,156810.2974,158353.5835,160365.2548,162937.012,165509.1381,167191.7471,168466.8498,169926.8939,171890.0642,173921.6853,175953.366,177894.5691,179938.0486,182280.651,184424.4961,186437.5394,188017.9539,189129.33,189847.1228,189968.3572,190426.5346,191653.2602,193949.3422,196887.3011,200537.5487,204639.3329,209338.9747,213438.4843,217219.1698,221162.2821,226027.6505,232062.7466,237817.903,242149.9874,244607.8165,246540.8177,248689.3332,251413.7002,256343.4384,263536.4097,270878.0991,276787.6939,281120.755,285441.8349,287452.8417,287052.4967,285044.5815,284037.9017,283739.7271,283535.3331,284692.3338,286849.6191,289650.2288,291065.3272
66010.46729,65732.9296,65711.8367,65537.6468,65780.61402,66015.49886,66275.33011,66512.72226,66913.81565,67211.05148,67239.75924,66704.45866,66318.54931,66168.1411,66887.11,67448.57516,67901.09178,67822.44695,68034.07295,68083.47544,68242.67053,68969.34179,70077.6742,71577.0612,72463.1919,72660.04198,72042.28629,71418.12241,71316.89074,71723.95073,72242.07149,72847.38715,73537.38888,74074.33775,74461.14294,74779.86704,75111.59639,75482.60392,75816.92016,76391.6779,76915.78281,77460.26888,77753.83982,78034.18795,78274.89991,78487.97293,79053.83809,79898.06562,80876.85296,81543.8644,81590.99573,81719.60308,81777.88304,81972.30265,82472.75033,83883.62136,86198.48459,88208.65391,89504.01486,90299.64197,91111.57497,91937.15226,92822.18691,94178.3819,95620.10383,97901.42149,99858.57197,102212.705,103896.0832,105842.8143,107949.6465,109978.688,111009.2835,111889.5985,113988.3663,118036.8152,122100.9145,125654.2119,127894.7809,129325.7545,130014.0126,129805.6653,129580.6947,128934.9101,129189.8806,129480.6082,129686.687,129759.0876,130170.0032,129741.3202,128919.2084,128189.3113,127841.7687,126957.9901,125525.105,124962.0052,125183.2326,125588.4079,125445.7543,124370.7756,122532.7748,119921.9267,117600.824,115190.67,113356.0565,111078.8699,108843.3877,106321.9571,104588.9756,102809.6429,101244.3655,99701.76664,98690.60551,97157.44024,95724.79624,94118.4425,93359.45733,92121.45028,91245.63604,90099.97359,88830.00675,87726.57061,86774.72352,85949.9196,84630.37554,82790.05741,81029.18965,78866.00513,76794.69842,75949.08648,76068.38162,76409.91705,75554.42841,74154.37838,72876.23264,71458.51651,70126.62337,68828.69948,67945.61189,67216.56638,66743.47258,66147.4282,65732.90449,65172.2096,65198.08395,65659.26964,66671.71329,67616.2728,68439.81737,69111.01547,69569.89417,69598.37446,69402.78628,69339.17247,69370.62871,69549.02135,69999.08717,70667.76722,71264.542,71693.82468,72134.5141,72844.93683,73517.02447,74117.01597,74627.9853,75029.94931,75375.35327,75797.58444,76611.72462,77586.59739,78071.31014,78162.72949,78281.43979,78786.63869,79203.42829,79437.86211,79448.15402,79951.84225,80900.70395,82355.23142,83641.77905,84645.22748,85501.06857,86764.412,88280.6898,89939.61503,90955.08514,91610.75947,91693.99606,92303.50205,92760.98254,93718.23111,94615.9468,96035.5151,96955.24773,97743.42602,98435.44754,99673.9438,101207.3154,103014.2297,104429.0696,105505.9254,105941.7922,106343.4059,106474.7005,106871.6195,107663.9882,109230.8326,110819.0953,112573.869,114399.3303,116558.6917,118574.1703,120039.3492,121241.762,122198.1136,123037.787,123970.9579,124982.4903,126038.7503,126732.95,127241.5521,127891.7478,128765.5058,129867.7008,131080.9735,132473.8526,134099.2658,135479.625,136557.72,137154.082,137744.0683,138470.1851,139635.4248,141062.9627,142590.7404,144025.3987,145487.1133,146644.8296,147513.9109,148041.9169,148785.0249,149702.0201,150622.9492,150989.9841,151243.04,151835.1975,153189.9109,155011.1421,156821.6441,158512.8115,160026.6102,161876.8418,164310.5789,167122.5427,169665.1809,172061.6095,174824.0503,177241.8329,178994.4082,179877.0796,181136.3576,183531.6342,186767.1575,192003.5307,198341.1216,205267.9845,211376.5158,216404.6756,221212.1098,225547.4131,228772.3361,230738.8395,231500.5477,231807.3376,231348.6328,230122.1313,228486.2496,227510.1308,227128.1671
221812.3471,222494.9939,223576.683,226662.0684,229517.6466,231580.1609,232786.9268,234815.8268,236810.3442,237850.5393,237562.7205,237642.8142,238443.7844,240431.0272,243004.4243,245572.3209,246794.3675,247940.8431,249467.0232,251933.0339,256339.9766,259747.9185,262747.2735,263665.4427,266479.6962,269450.2835,272220.1823,273414.2082,276060.215,276426.0426,276434.2262,276441.8053,279001.9434,282477.8691,285621.1295,288871.5677,291920.1552,292652.5485,294277.3251,295121.2017,297279.126,299192.8043,300540.5969,300465.9239,298513.0459,296531.2619,296298.9772,298884.5975,303428.7859,310865.0144,317973.281,328462.2808,339218.7294,351021.4111,357576.5625,362087.2937,366084.4908,372173.9018,379975.5847,387637.9587,395485.6077,401345.3625,408695.9365,416563.9277,428931.185,441517.5539,455648.8033,469332.0953,479948.6158,490231.727,498805.3208,510689.8142,520201.5479,529045.6271,534421.243,546370.3726,559235.5941,573479.2773,583691.6803,587596.3037,590638.6312,589484.9852,590182.0016,588365.2994,583603.5336,578299.4135,574310.8912,570220.4398,566069.695,562725.4909,561226.637,555970.535,544418.4169,530268.6876,514848.6668,499856.2887,487295.762,479049.3695,474935.0121,467132.5653,457239.3466,446095.9856,439045.4285,432440.7207,424519.6563,415295.8879,408179.5236,403544.2662,399002.7622,393254.9279,383826.2613,374779.6557,365559.1475,358007.0483,351003.6147,344334.1436,339766.1807,337349.7555,336985.644,335761.169,333873.7618,331863.2783,330945.7103,328898.2521,326756.2041,325218.7342,325825.8549,326171.1848,324639.4187,325232.5816,325221.6041,325126.4377,322262.6788,318828.1467,315903.2586,311086.1363,306290.7013,301635.0382,296873.8819,292680.0762,290252.927,291299.5299,290911.2611,288158.0979,283874.7905,282172.4342,281617.1398,280985.168,280423.5877,280427.8082,281073.5191,282096.9655,283619.924,283676.8126,284448.0717,285856.6576,289527.9641,292936.0155,295663.2228,297856.6004,300115.4756,302257.2502,304607.2812,307484.5876,311362.2188,314596.4107,318290.0298,322275.6659,327540.1406,332310.9786,336356.1942,338318.4095,338774.1101,337981.6148,338186.755,339467.5335,342537.0637,346165.3951,351542.8235,357909.0574,364449.8811,369810.4932,373236.9765,375837.9932,377430.0893,378224.9633,378233.008,379406.4756,382755.1874,386819.1295,391482.2439,395260.765,399112.1724,401129.5478,402101.5775,403272.2261,404759.6291,406242.268,407820.5123,408834.7456,410214.0609,411186.6888,412972.1245,414808.0192,417180.6681,419211.0885,421124.9947,423048.432,424360.6139,425860.2806,427150.9156,429237.0073,430889.8617,430295.7637,428612.8165,425878.2921,424891.79,424431.0606,425630.9169,427983.1979,431609.8593,435360.5627,439624.6047,443674.5968,447243.8641,448353.5351,448844.8889,449810.1031,450720.5977,451678.7447,452374.6079,454403.9794,455535.5925,457446.8484,459731.6893,463459.2107,466508.8253,468713.5185,471681.5681,475770.1075,481474.9373,486273.9699,489400.5771,489938.2102,487977.9158,486697.1062,488076.0274,494518.1732,503317.5246,514374.4986,526257.9016,537017.2718,544695.3592,551637.8327,559786.8919,570142.1666,581425.9528,595981.4196,611132.9613,622815.4343,629943.8532,636183.8345,644172.0421,653267.2753,666236.0695,684453.4236,711455.718,742640.2449,772303.6796,794453.1128,805601.0459,807491.17,803542.7055,797943.5807,792836.6176,787191.2389,782600.4873,780751.0684,783037.8228,785594.7851
125704.933,128719.6519,131069.9574,136340.6132,140776.0346,144339.5038,146411.5524,148131.4703,150734.0991,153547.5676,155882.6463,157141.9811,158430.1343,159905.3158,160691.9361,161083.0061,161211.4537,161978.8323,163425.309,163868.7038,164731.3438,164736.5944,165762.4588,166727.7898,167744.4827,168116.3912,168448.5182,169099.1009,170537.9466,172974.4216,177114.0663,180744.3138,183322.1475,183839.7823,185179.7542,185724.5898,186610.2718,187998.5067,190774.0073,194432.3675,197322.6204,200041.1116,203642.9332,210093.0737,219002.7797,226471.5224,230299.2953,230805.4177,231670.9394,233338.6798,238571.2182,243739.3848,252509.421,261252.9836,274868.8984,290275.9483,305150.017,314973.7881,321989.1416,328534.1631,338335.7168,347872.6814,355867.3349,364749.346,373387.4427,384403.9949,394379.5221,401512.019,409195.9154,414409.874,422056.4736,426535.769,431684.7618,434801.6038,437774.0238,439727.176,442240.2028,442600.4719,440105.7591,438937.7875,436476.5023,436094.8915,431515.7774,429209.882,424149.3812,418881.5902,411511.1487,404794.4182,398833.4635,393746.4474,388102.6614,382993.3641,378276.8365,374682.1616,373855.625,372475.3388,373390.521,373019.9768,373925.602,370505.9072,366220.4437,358951.3782,352443.7589,340390.8241,331928.9492,324443.8569,320605.0107,316122.9006,312591.7604,311391.5098,310447.5339,309449.7267,306193.3508,299996.886,292603.7586,285925.5269,282073.6531,278688.3317,276159.135,273877.3974,270692.8565,265814.5958,258300.6468,251472.2837,246140.1357,242995.6021,240755.6844,234988.2274,226972.5344,218138.5718,214936.9911,214137.9534,213186.7665,210365.8692,208196.1655,206320.2338,204364.985,200772.4353,197078.384,192528.2507,189503.2354,187636.4684,186971.5331,185656.9172,183448.2825,181820.9252,180652.0216,180355.6608,178529.6653,176214.1763,173360.3543,171831.2222,170724.2118,170760.652,171753.8808,173981.0063,177600.97,181930.9835,186703.6982,190533.9915,192892.6787,193914.6314,193795.1654,193680.486,193342.2989,193386.4168,193422.332,194143.8494,195990.1854,198531.6079,201346.7225,202911.6272,203133.4409,202918.6771,202682.1592,203083.062,202630.7856,202190.9284,202773.3744,204864.7521,208099.8677,210902.2898,212745.5334,213576.9338,213934.5257,214702.2435,215771.1554,217928.506,219976.3759,222282.2287,223887.2792,225759.4639,227616.8136,229414.1466,230718.1132,232373.3459,234156.0181,236214.6779,237206.578,238413.3738,239355.5222,240197.1387,239917.9652,239453.8489,240051.3661,241786.4042,244166.6058,246726.6876,249242.185,251967.5693,254224.8895,256497.8152,258269.2195,259398.8376,259692.666,260248.4863,261671.3925,263669.0756,265505.3677,266978.6114,268324.0942,269885.3607,271922.8869,274401.1512,277170.9751,279883.0544,282310.4893,284175.1078,283862.7775,281361.8158,276717.4094,272236.8141,268975.2172,267209.6076,266243.2792,265045.5135,263723.8412,263196.8375,261801.8149,260044.0682,258728.7657,259594.3308,262483.6095,265416.336,267542.9822,268992.825,270480.37,273059.8522,276505.4013,280573.692,285581.5503,290501.6782,295754.2382,301303.4968,308333.8712,315788.8448,324042.5987,332841.569,341797.5516,349915.2671,356965.1415,363804.9618,371781.2646,379809.1165,390345.0104,402755.7078,416503.6027,429892.1903,440830.8985,450772.1075,456450.2096,458782.71,458218.7135,458662.806,460651.0801,462594.8631,463454.7657,464541.0684,467434.344,470469.6545
65382.53985,65597.35192,66310.34471,67535.01237,68751.23629,69359.25324,69396.97204,69155.45167,68966.67247,68972.70037,69497.67488,70409.52789,72195.4554,73753.69028,75144.05123,76465.56027,78636.55451,81520.4509,84936.47414,87741.34552,89420.52975,89901.78456,90439.71382,90518.99662,90312.76942,89164.76386,88810.57928,87717.46449,86602.67433,85786.50271,84257.42414,82982.1671,81404.95561,81836.87244,82887.60445,83814.62791,83870.55606,84470.99507,86068.26867,88488.99194,91379.49283,95104.39848,99496.25162,103324.3259,107304.2778,111669.0372,115579.4114,117455.0795,119047.0806,121321.9631,124486.7054,127565.9385,130111.098,131978.055,133781.1758,136080.1225,139021.3531,142028.2569,145436.6848,148432.5433,150816.7248,152676.936,154925.9574,159144.1781,164184.1691,168105.0402,169525.0627,171210.8637,173696.3132,176535.0896,178094.6306,177852.3048,178380.5921,181588.9927,186871.6054,192086.1801,194765.7157,199533.7589,204036.2127,204803.8,200596.8109,195936.0212,194907.6503,194265.7936,192237.1891,189762.482,189223.6574,190126.2817,191990.8696,193474.276,194338.2977,194401.2266,193533.9291,192874.621,191512.0349,192251.8216,193730.1804,193349.4651,189223.2855,182273.1559,174637.125,167316.0911,160007.1295,154588.0178,148693.0851,143755.3414,139022.4199,138717.8122,138624.0929,138454.4458,135909.9788,134030.2076,134982.5646,136229.0642,137737.1447,135943.5991,134058.6199,132259.4074,131125.846,128822.5283,126138.1085,123629.0194,123222.081,124609.611,125724.7293,125982.9217,124034.1644,122494.965,121426.8895,120865.6278,120290.4331,119311.5556,118371.0952,117848.0918,117701.3559,117914.0915,117898.1491,118467.4941,118806.1739,118974.1781,118501.8881,118316.3313,120521.1958,124393.2144,128479.3241,129512.9261,128492.2982,126610.1228,125498.4105,125041.1016,125152.7474,125459.9317,126008.3644,126587.5624,126945.1957,127010.5417,126714.7544,126529.4428,127255.0075,128625.7449,131126.5061,133228.5288,134591.2799,135493.4341,136542.7969,138392.7239,139819.9473,140932.779,142287.0668,144437.1595,147441.2345,150690.7962,154118.5732,156793.1922,158572.1829,159888.1583,161083.0398,162567.9317,163928.7839,165819.8925,167777.4388,169939.594,172512.2073,174957.0591,176786.4574,178027.4632,179432.3234,181275.0421,182855.4291,184286.8967,185258.6168,185780.6113,185274.6414,184910.64,184516.6735,184841.284,184290.308,183951.7256,183845.5563,184517.5408,185140.4243,185400.9027,185328.8419,185232.2162,185274.6521,186034.8298,187154.3736,188269.2498,188596.5328,188697.0551,188431.9294,188535.8931,188934.5139,189748.9205,189499.131,188180.4689,185851.4281,184234.8785,183036.7219,182093.8097,181093.3846,179725.9912,179487.7572,179697.2607,180603.318,181038.3185,180839.4709,180748.5595,181286.5018,182784.0474,182995.2151,181868.4846,179956.4917,179104.7116,178781.8383,179138.8739,179944.025,181357.264,183582.6683,185921.78,188518.8418,189670.3392,190107.3644,190741.1091,191003.791,190855.9461,189621.8954,189530.868,190642.3171,192433.9027,193951.062,195500.1176,197466.8763,199789.7855,202661.2884,206906.2504,212704.858,220886.0053,229003.5051,236479.5154,242590.5549,248893.01,255046.2189,259487.742,262822.5107,266490.4894,271541.3948,278347.8408,286220.6581,294630.1133,300579.9887,303211.9902,303359.1641,302898.4392,302832.3613,300357.7317,299385.8948,299345.0419,302138.0896,303707.3499
60726.82372,60755.52997,60856.24954,61134.98846,61167.1757,60759.06585,60235.03355,60189.63117,60536.10117,60691.84341,61226.48848,62033.64676,62964.64317,63769.98043,64855.59354,66414.06029,67557.84546,68491.84984,68930.86475,69817.38986,70544.76768,72225.47588,73505.36782,74635.02237,74928.81253,75401.43206,76038.87461,76987.72404,78094.53129,79531.1985,80828.17704,82048.88677,83404.56971,84918.17822,85825.72684,86295.49777,86668.56653,87516.35411,88500.00091,89631.46229,90970.37355,92216.1278,93182.1218,93998.7794,95173.48423,96722.31312,98335.00326,100074.0341,101616.6705,102942.22,104047.4458,105412.9718,107217.8184,109250.4032,111561.7588,114442.7273,117338.6314,120286.6569,123037.4331,126252.8411,129753.4671,133247.1801,136212.6742,138751.9629,141285.0017,143983.0238,146679.8843,149974.9442,153980.8543,158465.9962,162323.9875,165405.8694,168243.1946,170569.8098,172521.2988,174315.6203,175754.3918,177085.864,177486.6647,177651.2689,177575.3393,177754.2268,178057.3085,178365.6937,178397.6308,178263.4168,177480.9554,176366.9768,174900.9487,173320.9341,172348.247,170753.4193,169143.5668,166911.4276,165159.042,163381.3014,161391.5496,159209.752,156771.8265,153868.8324,151417.8304,149522.993,147768.0183,145009.3553,142014.8694,139281.5795,137239.9505,134996.9786,132879.4446,130963.8789,129304.7037,127658.4999,126230.7876,124904.8841,123644.7068,122036.1605,120529.3141,118935.6988,118099.1169,117492.0888,117092.5434,116405.5744,115604.0474,114811.3916,114128.5393,113568.0129,113316.1249,112781.1437,111837.6166,111115.1672,110874.6835,110853.2701,110632.7123,110211.837,109626.3342,108804.4411,107924.3852,107320.6786,106676.4903,106055.6276,105559.1954,105427.6617,105558.457,105885.6693,106351.7723,106694.732,106754.3614,106664.4911,107218.7865,108372.8906,109562.2785,110013.5014,110038.318,110109.7608,110394.8388,111126.7061,111783.6204,112577.8101,113496.4265,114687.2213,116446.1519,117960.25,119105.5332,119774.5901,119741.1118,118301.6388,115895.4054,113549.6782,112916.2625,113416.1107,114690.0146,116105.5395,117859.6298,119692.9873,121296.8877,122494.721,123513.5616,123345.3837,122883.9313,122381.0049,122897.1256,123269.5394,123488.1538,123822.8198,124657.6895,125636.3413,126582.6096,127216.3322,127155.6427,126764.4755,126230.7213,126086.8422,126194.1776,126028.1834,125359.7633,124757.0827,124073.0094,123863.6655,123544.703,123645.5297,124202.7583,124812.8473,125393.3355,125610.5661,125910.5039,126299.6624,126575.7479,127041.0616,127331.9716,127604.996,127831.9712,128243.1276,128952.9289,129788.2668,130618.5086,131023.2821,131103.7003,131142.7608,132023.3979,133117.7292,133763.0188,133809.3007,134099.2565,134807.9007,135545.9705,135912.3184,136673.2309,137587.2964,139103.0874,140510.1313,141857.7192,142661.644,143287.8151,144373.2236,145412.9044,146249.4755,146667.9128,147552.5787,149115.8709,151101.9254,152951.0084,154597.5796,156195.5786,157217.6417,157790.4224,157892.7071,158742.8404,160356.157,162715.8667,165144.082,167341.3087,168796.4902,169818.0211,170922.3068,172999.3934,176692.7384,181239.7356,186597.1058,191185.77,195026.2982,197567.3814,200560.2793,204253.5712,208830.4934,214613.5776,221075.1595,227088.7124,231909.8172,235291.9809,239013.0628,241324.195,242227.7159,240872.4668,239392.1952,238620.7478,238404.4844,238354.246,238151.8649,238955.5122,240036.1246
337170.4887,338797.1306,341830.4745,349894.7783,360599.9282,370462.8834,377065.8479,381176.7432,385815.2533,391906.1926,399710.9687,406972.5533,412624.4467,417619.8598,422874.5214,428834.6449,435574.381,442422.5397,448805.3428,453926.5651,459279.035,464814.8668,469781.2254,474191.1674,477892.3911,482542.6429,488173.7656,494923.4538,501167.1443,507653.6218,513626.4245,520610.2866,527567.9671,535414.4953,542081.6768,547544.8552,552942.1004,559329.1052,565682.8536,572471.4326,580073.2875,587582.303,594026.6788,597348.7779,602516.5655,608101.9011,615607.4487,622468.5568,628443.1898,632830.5574,636041.4282,640003.1565,644470.991,650396.5635,655526.0425,662581.6635,668718.6583,673882.5697,679257.7022,683571.9409,691034.7934,698102.32,708602.3954,716984.6183,724179.6207,729107.0311,736009.9071,747005.3408,758652.7766,769157.2556,779171.8289,791170.1901,804306.7292,813555.6674,823633.2411,831037.6195,833232.9575,826103.5733,821282.0242,819338.923,820209.4663,815821.2694,814691.3845,813580.9471,814089.9126,807812.7291,799927.7088,793517.0333,784455.1254,772754.7455,758085.1103,747767.8919,739941.6298,728544.0971,713312.224,697091.5052,682976.8426,675172.8037,668805.7437,662982.5498,657933.488,653128.559,647137.5184,637192.9355,626103.5794,615380.0578,604168.6404,592326.3217,579621.1033,570745.0304,563299.4372,559803.015,552032.7017,545265.2743,537686.1412,532783.0669,525001.8249,519495.6224,520576.689,527735.1626,536393.9944,535778.0449,532188.253,527061.3835,527601.9895,530234.5675,532877.3632,532238.4678,529067.3803,522037.6496,514556.6626,511520.1352,512816.6845,518313.0494,521579.6569,523265.1015,523446.2208,524419.3082,525898.2922,527773.1619,528577.4454,531635.6194,534934.0286,538254.1231,540322.4817,543112.8494,545447.6731,548130.3225,549847.3729,552724.2587,554942.4643,558449.5834,562685.32,566291.5338,569145.6858,571032.6805,574017.9148,576827.1121,576947.5802,577420.4772,577611.6022,581947.9425,586242.0421,591899.5394,597041.9526,601580.8292,605798.5291,609205.8781,613857.4744,618412.1922,622935.0056,625621.8348,628954.9786,632176.8228,637418.801,641017.7406,645612.2097,649947.511,655688.1004,661320.3523,667955.1426,674860.1793,682233.4643,688468.4301,693752.3858,696538.1713,698757.1586,702327.1155,709226.2062,718726.6525,727788.3869,735406.9863,742087.4962,748669.4692,753667.2248,756289.4861,756242.9725,756152.3325,756482.558,758476.7369,759699.1389,762090.4729,762645.0557,761923.9315,758334.7921,754609.8269,753885.2672,755904.1604,759290.8842,761289.2774,763039.1018,764846.3467,769038.5666,774913.5783,780719.2295,784526.3513,785949.1391,786173.3049,787796.1207,790383.6278,796270.8918,801206.5606,807327.3976,811843.9994,817153.5644,823388.4599,830101.6867,837220.9453,840545.4629,845865.8149,849472.8714,851479.7054,850115.3769,849585.051,849716.6976,849095.3816,849135.9301,850522.1979,853689.8467,855608.1841,856841.0738,859640.1464,865443.2371,871000.1348,872258.8912,870382.0969,871927.8419,879299.6613,889589.4598,900944.235,912819.5779,928238.4341,944149.8779,960266.331,974274.9852,990618.3477,1013013.247,1042472.445,1073267.853,1101586.68,1125380.983,1148242.5,1166868.014,1180006.031,1197570.614,1227493.408,1270800.598,1317673.371,1360377.258,1399260.718,1421024.804,1429529.113,1425562.945,1421730.485,1420622.973,1420193.272,1421002.011,1413230.884,1398327.262,1374835.682
69705.95226,69961.25597,70034.40754,70250.4084,70462.28672,70778.04705,71077.63285,71546.84002,71836.298,72098.38289,71976.75068,72011.4828,72024.28177,72191.98865,72284.42853,72336.87397,72388.66773,72736.92083,73098.32483,73244.29488,73526.08864,73917.68725,74574.50185,74851.63628,74904.73429,74281.98088,73242.73826,72447.03855,72207.67067,72075.91983,71962.26865,72339.0431,73378.35311,74947.76664,75808.42614,76748.46127,77854.40055,79166.63111,80237.58868,80569.08339,81104.33403,81460.45869,81829.66622,82248.81446,82446.10137,82450.39799,82493.83566,83115.69045,84231.26037,85606.11821,86693.25026,87560.05743,88439.99219,89868.15854,92431.86535,94912.01094,97504.98941,99355.94387,101188.2093,102620.8493,104120.1508,105491.5971,106956.7922,108540.2951,110793.6705,113965.1076,117062.61,119872.4298,122376.5363,125096.8384,127962.0958,130010.0067,130970.4299,131452.0089,133995.1623,139179.3806,144906.8759,148941.9167,150912.4477,151882.493,152122.0506,150739.8296,148353.5839,145887.3046,144696.8773,145113.0477,145090.9431,145155.0143,145370.4853,146058.0209,146343.0228,145930.7427,145347.9254,144876.7685,144263.5984,144810.3991,145887.6317,147132.3267,147429.686,146673.867,145157.1032,142818.8244,141101.6196,140073.7033,139137.9249,140950.2027,142723.3687,144728.296,143116.3289,140698.2802,138844.7646,138114.449,137433.4817,135864.9448,133616.4789,131185.1455,129074.2898,126123.115,124662.6187,123063.324,121776.5446,119746.2179,117806.5247,116446.2826,115034.8687,113676.2161,112347.6182,110780.3843,109506.0506,109586.2837,109910.0687,110506.5277,109963.2315,109589.7338,108917.3709,107704.4785,105026.1757,102493.2449,99303.38837,97605.52658,95896.76209,95245.89891,93810.96186,92242.40648,91209.67131,91148.18909,91453.09213,91369.33691,91790.29008,92312.92949,92779.78325,92660.58512,92321.85903,92510.92953,93378.18649,94885.17451,96528.5341,97757.7256,98480.3464,98970.43971,99768.50052,101062.3817,102479.7387,103383.9198,103679.3888,102564.0223,101180.7434,100215.272,100616.2678,101159.5953,101328.42,101021.7073,101009.5461,101178.7512,101400.8772,101218.0859,101013.677,101380.2961,103108.2227,105382.8879,107568.4323,108954.7231,110232.2826,111847.3776,114069.5314,116022.6167,117014.5554,117150.5877,116888.7651,117477.0699,118151.9053,119594.9216,121142.288,123357.9998,124949.4703,126191.994,127402.9785,128995.9094,131275.7247,133323.4191,135383.1764,136258.6553,136968.8081,137361.7547,137833.4435,137903.4543,138305.5347,139569.9059,141118.9375,142739.5244,144786.7706,147000.5687,149117.4437,150643.1949,152503.7225,154397.8535,156214.7226,157891.7906,159573.5007,161069.883,162117.4173,162937.1065,164213.4268,165700.5309,167206.8864,168163.289,169456.0454,170855.8606,172360.541,173477.1998,174415.666,175644.7346,177121.6364,178772.8674,180605.6909,182146.5473,183866.8768,185309.3824,187101.7702,188721.5328,190515.5385,192296.6341,194039.7616,195105.9349,194851.4144,194254.8255,194329.6782,195599.2398,197950.2948,200372.9054,202761.4628,204559.8324,206550.3908,209019.5553,211660.2087,214076.0701,216540.902,219791.0565,223517.6183,226511.0988,228963.5878,231525.3607,235820.3629,240188.8149,245416.8999,250683.4551,256337.187,261215.0959,265077.1796,268388.8094,271164.04,273068.7134,274072.0136,274222.6192,273511.0858,271824.5258,270925.5178,270623.5233,271407.1043,271207.6893
